100
PQ6726171_Temnothorax_4   0.0000000 0.0161613 0.0000010 0.0011054 0.0011304 0.0011808 0.0000010 0.0000010 0.0011837 0.0000010 0.0000010 0.0011277 0.0011277 0.0022686 0.0011694 0.0034032 0.0036115 0.0174023 0.0174023 0.0274326 0.0199070 0.0187457 0.0282977 0.1202257 0.2308415 0.2305203 0.2263641 0.2270953 0.2301379 0.2297609 0.2318520 0.2305164 0.2324855 0.2372031 0.2343312 0.2362782 0.2316151 0.2305988 0.2263437 0.2305988 0.2325732 0.2325193 0.2349077 0.2313783 0.2172509 0.2220387 0.2236774 0.2228619 0.2243983 0.2271177 0.2588995 0.2450806 0.2358292 0.2428286 0.2360894 0.2465726 0.2515007 0.2387702 0.2395901 0.2391956 0.2386910 0.2409270 0.2483673 0.2484453 0.2404287 0.2395517 8.9999985 8.9999985 8.9999988 8.9999989 8.8606558 8.6555977 8.7780822 8.9999987 8.9999987 8.9520553 8.7299057 8.9999986 8.9999983 8.8432060 8.8316240 8.7265316 8.6381730 8.4259819 8.4977707 8.4666327 8.4376467 8.4242375 8.7045519 8.9999989 8.9999987 8.9999990 8.9999987 8.9999988 8.9481063 8.9999984 8.9999986 8.9999983 8.9999982 6.1443585 
ON0528231_Temnothorax_82  0.0161613 0.0000000 0.0149768 0.0131520 0.0132415 0.0127718 0.0141140 0.0141140 0.0127955 0.0141140 0.0141140 0.0132180 0.0132180 0.0141703 0.0126770 0.0132116 0.0128947 0.0025794 0.0025794 0.0096556 0.0087317 0.0078612 0.0140318 0.1118795 0.2309850 0.2309850 0.2244332 0.2249238 0.2269588 0.2267083 0.2280953 0.2272099 0.2324326 0.2355806 0.2336647 0.2349666 0.2318495 0.2272663 0.2244205 0.2293667 0.2324906 0.2324538 0.2301897 0.2294963 0.2206584 0.2280759 0.2250525 0.2244923 0.2255463 0.2273975 0.2459599 0.2383432 0.2323957 0.2340719 0.2296032 0.2364935 0.2399065 0.2314255 0.2319562 0.2316991 0.2313703 0.2328951 0.2377217 0.2377767 0.2325098 0.2318781 8.9999985 8.9999982 8.9999989 8.6996705 8.5572696 8.3681953 8.4830855 8.9104785 8.8908025 8.6540699 8.4421972 8.8356880 8.7013028 8.5107830 8.5401819 8.4391632 8.3583081 8.1556003 8.2201284 8.1899201 8.1611744 8.1294225 8.4127522 8.9999982 8.9999989 8.9999981 8.8449671 8.9999987 8.7248644 8.9999989 8.9469219 8.9999987 8.9999989 6.0390381 
PQ6726141_Temnothorax_7   0.0000010 0.0149768 0.0000000 0.0021307 0.0014644 0.0015225 0.0036696 0.0044126 0.0045499 0.0044105 0.0014612 0.0014365 0.0014544 0.0028912 0.0014885 0.0028835 0.0030292 0.0154674 0.0154674 0.0217346 0.0172450 0.0164880 0.0215334 0.1095889 0.2237256 0.2249015 0.2076251 0.2079791 0.2094695 0.2092896 0.2102905 0.2096498 0.2103527 0.2127213 0.2112375 0.2122838 0.2099377 0.2096968 0.2076229 0.2113382 0.2102601 0.2099832 0.2120520 0.2093243 0.2031629 0.2050404 0.2065628 0.2061633 0.2069153 0.2082692 0.2239013 0.2157347 0.2114158 0.2245158 0.2212436 0.2263537 0.2311812 0.2245152 0.2229021 0.2227073 0.2224584 0.2236783 0.2273438 0.2273890 0.2233287 0.2227912 8.9999985 8.9999985 8.9999988 8.9999989 8.8606558 8.6555977 8.7780822 8.9999987 8.9999987 8.9520553 8.7299057 8.9999986 8.9999983 8.8432060 8.8316240 8.7265316 8.6381730 8.4259819 8.4977707 8.4666327 8.4376467 8.4242375 8.7045519 8.9999989 8.9999987 8.9999990 8.9999987 8.9999988 8.9481063 8.9999984 8.9999986 8.9999983 8.9999982 6.1443585 
PQ6726151_Temnothorax_6   0.0011054 0.0131520 0.0021307 0.0000000 0.0021971 0.0022842 0.0044043 0.0051490 0.0053093 0.0036671 0.0007292 0.0021552 0.0021820 0.0036147 0.0022333 0.0036051 0.0037873 0.0146966 0.0146966 0.0209351 0.0164561 0.0157012 0.0207420 0.1084120 0.2219935 0.2231586 0.2055708 0.2059193 0.2073900 0.2072129 0.2081990 0.2075675 0.2082348 0.2105847 0.2091083 0.2101530 0.2078254 0.2076146 0.2055695 0.2092478 0.2081293 0.2078297 0.2099661 0.2071667 0.2026245 0.2044727 0.2060118 0.2056148 0.2063621 0.2077087 0.2217113 0.2135026 0.2092318 0.2223559 0.2191125 0.2241696 0.2289888 0.2223698 0.2207630 0.2205711 0.2203261 0.2215434 0.2251601 0.2252055 0.2211849 0.2206410 8.9999985 8.9999985 8.9999988 8.9999989 8.8606558 8.6555977 8.7780822 8.9999987 8.9999987 8.9520553 8.7299057 8.9999986 8.9999983 8.8432060 8.8316240 8.7265316 8.6381730 8.4259819 8.4977707 8.4666327 8.4376467 8.4242375 8.7045519 8.9999989 8.9999987 8.9999990 8.9999987 8.9999988 8.9481063 8.9999984 8.9999986 8.9999983 8.9999982 6.1443585 
ON0528071_Temnothorax_98  0.0011304 0.0132415 0.0014644 0.0021971 0.0000000 0.0000010 0.0007308 0.0014641 0.0000010 0.0014634 0.0014634 0.0000010 0.0000010 0.0014691 0.0000010 0.0007308 0.0015193 0.0142261 0.0142261 0.0205447 0.0158179 0.0150467 0.0196811 0.1058010 0.2263686 0.2263686 0.2072619 0.2076168 0.2091117 0.2089313 0.2099350 0.2092925 0.2099930 0.2123713 0.2108807 0.2119323 0.2095767 0.2093398 0.2072599 0.2109884 0.2098977 0.2096154 0.2117068 0.2072462 0.2042881 0.2062253 0.2077110 0.2073066 0.2080677 0.2094355 0.2236036 0.2136331 0.2093277 0.2242255 0.2209400 0.2260699 0.2309220 0.2242268 0.2226061 0.2224107 0.2221610 0.2233870 0.2270653 0.2271108 0.2230343 0.2224931 8.9999985 8.9999985 8.9999988 8.9999989 8.8606558 8.6555977 8.7780822 8.9999987 8.9999987 8.9520553 8.7299057 8.9999986 8.9999983 8.8432060 8.8316240 8.7265316 8.6381730 8.4259819 8.4977707 8.4666327 8.4376467 8.4242375 8.7045519 8.9999989 8.9999987 8.9999990 8.9999987 8.9999988 8.9481063 8.9999984 8.9999986 8.9999983 8.9999982 6.1443585 
ON0528131_Temnothorax_92  0.0011808 0.0127718 0.0015225 0.0022842 0.0000010 0.0000000 0.0007594 0.0015221 0.0000010 0.0015214 0.0015214 0.0000010 0.0000010 0.0007609 0.0000010 0.0007603 0.0015361 0.0140116 0.0140116 0.0197480 0.0148505 0.0148505 0.0196829 0.1053703 0.2336854 0.2336854 0.2086092 0.2089708 0.2104923 0.2103084 0.2113311 0.2106766 0.2114076 0.2138201 0.2123109 0.2133732 0.2109837 0.2107242 0.2086065 0.2123931 0.2113201 0.2110507 0.2131147 0.2086565 0.2055994 0.2076175 0.2090667 0.2086546 0.2094303 0.2108218 0.2251909 0.2151536 0.2107751 0.2243442 0.2208254 0.2262104 0.2311163 0.2243447 0.2227059 0.2225082 0.2222557 0.2234951 0.2272168 0.2272628 0.2231390 0.2225921 8.9999985 8.9999985 8.9999988 8.9999989 8.8606558 8.6555977 8.7780822 8.9999987 8.9999987 8.9520553 8.7299057 8.9999986 8.9999983 8.8432060 8.8316240 8.7265316 8.6381730 8.4259819 8.4977707 8.4666327 8.4376467 8.4242375 8.7045519 8.9999989 8.9999987 8.9999990 8.9999987 8.9999988 8.9481063 8.9999984 8.9999986 8.9999983 8.9999982 6.1443585 
ON0528121_Temnothorax_93  0.0000010 0.0141140 0.0036696 0.0044043 0.0007308 0.0007594 0.0000000 0.0007260 0.0007479 0.0007260 0.0014612 0.0036671 0.0036671 0.0051666 0.0037540 0.0051527 0.0053533 0.0180599 0.0180599 0.0245118 0.0196831 0.0189323 0.0235842 0.1108828 0.2310478 0.2310478 0.2126704 0.2130388 0.2145820 0.2143947 0.2154349 0.2147697 0.2155634 0.2179840 0.2164783 0.2175311 0.2151332 0.2148166 0.2126659 0.2164821 0.2155024 0.2152817 0.2171863 0.2146316 0.2096665 0.2118549 0.2131363 0.2127163 0.2135067 0.2149157 0.2293244 0.2212442 0.2167940 0.2298649 0.2265126 0.2317678 0.2366271 0.2298278 0.2281953 0.2279927 0.2277336 0.2289626 0.2327594 0.2328043 0.2286343 0.2281120 8.9999985 8.9999985 8.9999988 8.9999989 8.8606558 8.6555977 8.7780822 8.9999987 8.9999987 8.9520553 8.7299057 8.9999986 8.9999983 8.8432060 8.8316240 8.7265316 8.6381730 8.4259819 8.4977707 8.4666327 8.4376467 8.4242375 8.7045519 8.9999989 8.9999987 8.9999990 8.9999987 8.9999988 8.9481063 8.9999984 8.9999986 8.9999983 8.9999982 6.1443585 
ON0528101_Temnothorax_95  0.0000010 0.0141140 0.0044126 0.0051490 0.0014641 0.0015221 0.0007260 0.0000000 0.0014990 0.0014528 0.0021963 0.0044095 0.0044095 0.0059181 0.0045143 0.0059010 0.0061315 0.0188529 0.0188529 0.0253334 0.0188870 0.0181375 0.0243978 0.1097231 0.2327465 0.2327465 0.2146533 0.2150269 0.2165886 0.2163986 0.2174528 0.2167789 0.2176074 0.2200446 0.2185327 0.2195863 0.2171719 0.2168257 0.2146478 0.2184981 0.2175592 0.2173611 0.2191971 0.2167157 0.2116370 0.2139194 0.2151256 0.2146996 0.2155012 0.2169260 0.2314294 0.2233971 0.2189026 0.2319399 0.2285616 0.2338653 0.2345968 0.2278355 0.2302510 0.2300457 0.2297830 0.2310135 0.2348559 0.2349005 0.2306943 0.2301788 8.9999985 8.9999985 8.9999988 8.9999989 8.8606558 8.6555977 8.7780822 8.9999987 8.9999987 8.9520553 8.7299057 8.9999986 8.9999983 8.8432060 8.8316240 8.7265316 8.6381730 8.4259819 8.4977707 8.4666327 8.4376467 8.4242375 8.7045519 8.9999989 8.9999987 8.9999990 8.9999987 8.9999988 8.9481063 8.9999984 8.9999986 8.9999983 8.9999982 6.1443585 
ON0528091_Temnothorax_96  0.0011837 0.0127955 0.0045499 0.0053093 0.0000010 0.0000010 0.0007479 0.0014990 0.0000000 0.0014983 0.0022645 0.0030234 0.0030234 0.0037900 0.0030234 0.0037873 0.0045833 0.0170621 0.0170621 0.0228232 0.0179106 0.0179106 0.0227471 0.1096354 0.2406718 0.2406718 0.2143172 0.2146894 0.2162458 0.2160566 0.2171069 0.2164355 0.2172568 0.2196878 0.2181790 0.2192311 0.2168228 0.2164821 0.2143119 0.2181511 0.2172065 0.2170048 0.2188500 0.2146316 0.2113072 0.2135705 0.2147878 0.2143634 0.2151620 0.2165822 0.2310491 0.2212442 0.2167940 0.2315644 0.2281953 0.2334831 0.2383396 0.2315156 0.2298812 0.2296766 0.2294149 0.2306436 0.2344726 0.2345172 0.2303231 0.2298071 8.9999985 8.9999985 8.9999988 8.9999989 8.8606558 8.6555977 8.7780822 8.9999987 8.9999987 8.9520553 8.7299057 8.9999986 8.9999983 8.8432060 8.8316240 8.7265316 8.6381730 8.4259819 8.4977707 8.4666327 8.4376467 8.4242375 8.7045519 8.9999989 8.9999987 8.9999990 8.9999987 8.9999988 8.9481063 8.9999984 8.9999986 8.9999983 8.9999982 6.1443585 
ON0528111_Temnothorax_94  0.0000010 0.0141140 0.0044105 0.0036671 0.0014634 0.0015214 0.0007260 0.0014528 0.0014983 0.0000000 0.0007292 0.0044075 0.0044075 0.0059153 0.0045122 0.0058982 0.0061284 0.0188429 0.0188429 0.0253193 0.0204735 0.0197218 0.0243844 0.1119589 0.2324382 0.2324382 0.2112580 0.2116234 0.2131564 0.2129706 0.2140029 0.2133426 0.2141131 0.2165265 0.2150223 0.2160765 0.2136859 0.2133896 0.2112541 0.2150534 0.2140430 0.2138058 0.2157624 0.2131512 0.2082572 0.2103830 0.2117202 0.2113036 0.2120875 0.2134880 0.2278569 0.2197280 0.2153004 0.2284192 0.2250790 0.2303100 0.2351749 0.2283920 0.2267600 0.2265590 0.2263019 0.2275320 0.2313041 0.2313492 0.2271969 0.2266689 8.9999985 8.9999985 8.9999988 8.9999989 8.8606558 8.6555977 8.7780822 8.9999987 8.9999987 8.9520553 8.7299057 8.9999986 8.9999983 8.8432060 8.8316240 8.7265316 8.6381730 8.4259819 8.4977707 8.4666327 8.4376467 8.4242375 8.7045519 8.9999989 8.9999987 8.9999990 8.9999987 8.9999988 8.9481063 8.9999984 8.9999986 8.9999983 8.9999982 6.1443585 
ON0528051_Temnothorax_100 0.0000010 0.0141140 0.0014612 0.0007292 0.0014634 0.0015214 0.0014612 0.0021963 0.0022645 0.0007292 0.0000000 0.0014602 0.0014602 0.0029390 0.0014946 0.0029311 0.0030441 0.0157268 0.0157268 0.0221044 0.0173278 0.0165800 0.0211984 0.1075402 0.2256344 0.2256344 0.2038881 0.2042350 0.2057013 0.2055250 0.2065071 0.2058780 0.2065217 0.2088757 0.2073932 0.2084450 0.2061135 0.2059255 0.2038876 0.2075652 0.2064050 0.2060845 0.2082928 0.2054126 0.2009303 0.2027141 0.2043271 0.2039320 0.2046757 0.2060192 0.2200503 0.2117417 0.2074735 0.2207228 0.2174760 0.2225327 0.2273835 0.2207477 0.2191332 0.2189420 0.2186980 0.2199230 0.2235312 0.2235771 0.2195549 0.2190018 8.9999985 8.9999985 8.9999988 8.9999989 8.8606558 8.6555977 8.7780822 8.9999987 8.9999987 8.9520553 8.7299057 8.9999986 8.9999983 8.8432060 8.8316240 8.7265316 8.6381730 8.4259819 8.4977707 8.4666327 8.4376467 8.4242375 8.7045519 8.9999989 8.9999987 8.9999990 8.9999987 8.9999988 8.9481063 8.9999984 8.9999986 8.9999983 8.9999982 6.1443585 
ON0528081_Temnothorax_97  0.0011277 0.0132180 0.0014365 0.0021552 0.0000010 0.0000010 0.0036671 0.0044095 0.0030234 0.0044075 0.0014602 0.0000000 0.0000010 0.0014368 0.0000010 0.0014372 0.0015096 0.0139078 0.0139078 0.0201084 0.0156945 0.0149405 0.0199933 0.1068019 0.2258273 0.2272291 0.2071858 0.2075380 0.2090215 0.2088425 0.2098384 0.2092009 0.2098948 0.2122549 0.2107755 0.2118195 0.2094817 0.2092478 0.2071838 0.2108844 0.2097995 0.2095183 0.2115979 0.2071667 0.2042335 0.2061538 0.2076314 0.2072301 0.2079854 0.2093428 0.2234026 0.2135026 0.2092318 0.2240228 0.2207630 0.2258519 0.2306688 0.2240255 0.2224167 0.2222230 0.2219754 0.2231925 0.2268403 0.2268855 0.2228415 0.2223035 8.9999985 8.9999985 8.9999988 8.9999989 8.8606558 8.6555977 8.7780822 8.9999987 8.9999987 8.9520553 8.7299057 8.9999986 8.9999983 8.8432060 8.8316240 8.7265316 8.6381730 8.4259819 8.4977707 8.4666327 8.4376467 8.4242375 8.7045519 8.9999989 8.9999987 8.9999990 8.9999987 8.9999988 8.9481063 8.9999984 8.9999986 8.9999983 8.9999982 6.1443585 
ON0528061_Temnothorax_99  0.0011277 0.0132180 0.0014544 0.0021820 0.0000010 0.0000010 0.0036671 0.0044095 0.0030234 0.0044075 0.0014602 0.0000010 0.0000000 0.0014590 0.0000010 0.0014551 0.0015108 0.0141265 0.0141265 0.0204296 0.0157065 0.0149635 0.0195418 0.1059787 0.2274074 0.2274074 0.2071858 0.2075380 0.2090215 0.2088425 0.2098384 0.2092009 0.2098948 0.2122549 0.2107755 0.2118195 0.2094817 0.2092478 0.2071838 0.2108844 0.2097995 0.2095183 0.2115979 0.2071667 0.2042335 0.2061538 0.2076314 0.2072301 0.2079854 0.2093428 0.2234026 0.2135026 0.2092318 0.2240228 0.2207630 0.2258519 0.2306688 0.2240255 0.2224167 0.2222230 0.2219754 0.2231925 0.2268403 0.2268855 0.2228415 0.2223035 8.9999985 8.9999985 8.9999988 8.9999989 8.8606558 8.6555977 8.7780822 8.9999987 8.9999987 8.9520553 8.7299057 8.9999986 8.9999983 8.8432060 8.8316240 8.7265316 8.6381730 8.4259819 8.4977707 8.4666327 8.4376467 8.4242375 8.7045519 8.9999989 8.9999987 8.9999990 8.9999987 8.9999988 8.9481063 8.9999984 8.9999986 8.9999983 8.9999982 6.1443585 
ON0528141_Temnothorax_91  0.0022686 0.0141703 0.0028912 0.0036147 0.0014691 0.0007609 0.0051666 0.0059181 0.0037900 0.0059153 0.0029390 0.0014368 0.0014590 0.0000000 0.0014934 0.0028926 0.0022709 0.0154714 0.0154714 0.0217410 0.0173030 0.0165433 0.0216152 0.1094207 0.2299902 0.2314251 0.2094764 0.2098351 0.2113420 0.2111597 0.2121731 0.2115247 0.2122593 0.2146425 0.2131534 0.2142002 0.2118395 0.2115716 0.2094734 0.2132188 0.2121783 0.2119223 0.2139279 0.2095633 0.2065052 0.2085349 0.2099301 0.2095214 0.2102905 0.2116682 0.2258607 0.2159886 0.2116598 0.2264476 0.2231522 0.2283056 0.2331364 0.2264339 0.2248166 0.2246193 0.2243672 0.2255883 0.2292946 0.2293396 0.2252469 0.2247158 8.9999985 8.9999985 8.9999988 8.9999989 8.8606558 8.6555977 8.7780822 8.9999987 8.9999987 8.9520553 8.7299057 8.9999986 8.9999983 8.8432060 8.8316240 8.7265316 8.6381730 8.4259819 8.4977707 8.4666327 8.4376467 8.4242375 8.7045519 8.9999989 8.9999987 8.9999990 8.9999987 8.9999988 8.9481063 8.9999984 8.9999986 8.9999983 8.9999982 6.1443585 
ON0528151_Temnothorax_90  0.0011694 0.0126770 0.0014885 0.0022333 0.0000010 0.0000010 0.0037540 0.0045143 0.0030234 0.0045122 0.0014946 0.0000010 0.0000010 0.0014934 0.0000000 0.0007428 0.0015108 0.0136934 0.0136934 0.0200989 0.0145120 0.0145120 0.0192317 0.1046821 0.2332484 0.2332484 0.2071858 0.2075380 0.2090215 0.2088425 0.2098384 0.2092009 0.2098948 0.2122549 0.2107755 0.2118195 0.2094817 0.2092478 0.2071838 0.2108844 0.2097995 0.2095183 0.2115979 0.2071667 0.2042335 0.2061538 0.2076314 0.2072301 0.2079854 0.2093428 0.2234026 0.2135026 0.2092318 0.2240228 0.2207630 0.2258519 0.2306688 0.2240255 0.2224167 0.2222230 0.2219754 0.2231925 0.2268403 0.2268855 0.2228415 0.2223035 8.9999985 8.9999985 8.9999988 8.9999989 8.8606558 8.6555977 8.7780822 8.9999987 8.9999987 8.9520553 8.7299057 8.9999986 8.9999983 8.8432060 8.8316240 8.7265316 8.6381730 8.4259819 8.4977707 8.4666327 8.4376467 8.4242375 8.7045519 8.9999989 8.9999987 8.9999990 8.9999987 8.9999988 8.9481063 8.9999984 8.9999986 8.9999983 8.9999982 6.1443585 
PQ6726161_Temnothorax_5   0.0034032 0.0132116 0.0028835 0.0036051 0.0007308 0.0007603 0.0051527 0.0059010 0.0037873 0.0058982 0.0029311 0.0014372 0.0014551 0.0028926 0.0007428 0.0000000 0.0007533 0.0139440 0.0139440 0.0193833 0.0156878 0.0141646 0.0200455 0.1077160 0.2255807 0.2269795 0.2071858 0.2075380 0.2090215 0.2088425 0.2098384 0.2092009 0.2098948 0.2122549 0.2107755 0.2118195 0.2094817 0.2092478 0.2071838 0.2108844 0.2097995 0.2095183 0.2115979 0.2071667 0.2042335 0.2061538 0.2076314 0.2072301 0.2079854 0.2093428 0.2234026 0.2135026 0.2092318 0.2240228 0.2207630 0.2258519 0.2306688 0.2240255 0.2224167 0.2222230 0.2219754 0.2231925 0.2268403 0.2268855 0.2228415 0.2223035 8.9999985 8.9999985 8.9999988 8.9999989 8.8606558 8.6555977 8.7780822 8.9999987 8.9999987 8.9520553 8.7299057 8.9999986 8.9999983 8.8432060 8.8316240 8.7265316 8.6381730 8.4259819 8.4977707 8.4666327 8.4376467 8.4242375 8.7045519 8.9999989 8.9999987 8.9999990 8.9999987 8.9999988 8.9481063 8.9999984 8.9999986 8.9999983 8.9999982 6.1443585 
ON0528161_Temnothorax_89  0.0036115 0.0128947 0.0030292 0.0037873 0.0015193 0.0015361 0.0053533 0.0061315 0.0045833 0.0061284 0.0030441 0.0015096 0.0015108 0.0022709 0.0015108 0.0007533 0.0000000 0.0130959 0.0130959 0.0187590 0.0147092 0.0147092 0.0194945 0.1060907 0.2360744 0.2360744 0.2090761 0.2094330 0.2109335 0.2107521 0.2117608 0.2111153 0.2118416 0.2142169 0.2127319 0.2137765 0.2114236 0.2111622 0.2090733 0.2128049 0.2117582 0.2114981 0.2135137 0.2091443 0.2061128 0.2081202 0.2095276 0.2091209 0.2098864 0.2112584 0.2254042 0.2155431 0.2112318 0.2259964 0.2227128 0.2278460 0.2326665 0.2259858 0.2243726 0.2241763 0.2239254 0.2251439 0.2288333 0.2288783 0.2248012 0.2242696 8.9999986 8.9999988 8.9999988 8.9999987 8.9895100 8.7778465 8.9034405 8.9999989 8.9999989 8.9999989 8.8520762 8.9999988 8.9999987 8.9849518 8.9551456 8.8485053 8.7570913 8.5411631 8.6159907 8.5845878 8.5555484 8.5502055 8.8286524 8.9999985 8.9999980 8.9999983 8.9999987 8.9999980 8.9999987 8.9999988 8.9999988 8.9999988 8.9999985 6.1443585 
ON0528221_Temnothorax_83  0.0174023 0.0025794 0.0154674 0.0146966 0.0142261 0.0140116 0.0180599 0.0188529 0.0170621 0.0188429 0.0157268 0.0139078 0.0141265 0.0154714 0.0136934 0.0139440 0.0130959 0.0000000 0.0014250 0.0072462 0.0088257 0.0080868 0.0131213 0.1064597 0.2149453 0.2162751 0.2081522 0.2085036 0.2099818 0.2098032 0.2107962 0.2101607 0.2139346 0.2162968 0.2148241 0.2158566 0.2135165 0.2102071 0.2081499 0.2118315 0.2138648 0.2136307 0.2125361 0.2113040 0.2052217 0.2102807 0.2085967 0.2081964 0.2089498 0.2103019 0.2242711 0.2176889 0.2133893 0.2201581 0.2169617 0.2219374 0.2267214 0.2201864 0.2185949 0.2184070 0.2181671 0.2193752 0.2229227 0.2229680 0.2190098 0.2184625 8.9999985 8.9999983 8.9999989 8.7712311 8.6274367 8.4337588 8.5509388 8.9870564 8.9741827 8.7235681 8.5082124 8.9117946 8.7792922 8.5872646 8.6075747 8.5051026 8.4221448 8.2164233 8.2828413 8.2522733 8.2233539 8.1955371 8.4795225 8.9999988 8.9999980 8.9999983 8.9183563 8.9999987 8.7956599 8.9999980 8.9999990 8.9999988 8.9999981 5.8683901 
ON0528211_Temnothorax_84  0.0174023 0.0025794 0.0154674 0.0146966 0.0142261 0.0140116 0.0180599 0.0188529 0.0170621 0.0188429 0.0157268 0.0139078 0.0141265 0.0154714 0.0136934 0.0139440 0.0130959 0.0014250 0.0000000 0.0072462 0.0088257 0.0080868 0.0131213 0.1064597 0.2174298 0.2187735 0.2067713 0.2071198 0.2085882 0.2084111 0.2093965 0.2087656 0.2125150 0.2148703 0.2133991 0.2144329 0.2120998 0.2088122 0.2067695 0.2104349 0.2124365 0.2121866 0.2111440 0.2098574 0.2038439 0.2088405 0.2072122 0.2068152 0.2075624 0.2089062 0.2228368 0.2162080 0.2119302 0.2187486 0.2155639 0.2205162 0.2253051 0.2187862 0.2171953 0.2170089 0.2167710 0.2179801 0.2215038 0.2215494 0.2176082 0.2170556 8.9999986 8.9999987 8.9999990 8.9244642 8.7798883 8.5786827 8.6993909 8.9999984 8.9999980 8.8729940 8.6531083 8.9999989 8.9464145 8.7544605 8.7540794 8.6498365 8.5632910 8.3531686 8.4231496 8.3921621 8.3631699 8.3446937 8.6265531 8.9999985 8.9999985 8.9999988 8.9999988 8.9999989 8.9469219 8.9999985 8.9999986 8.9999981 8.9999983 6.0390381 
ON0528201_Temnothorax_85  0.0274326 0.0096556 0.0217346 0.0209351 0.0205447 0.0197480 0.0245118 0.0253334 0.0228232 0.0253193 0.0221044 0.0201084 0.0204296 0.0217410 0.0200989 0.0193833 0.0187590 0.0072462 0.0072462 0.0000000 0.0149689 0.0141871 0.0192820 0.1096271 0.2218373 0.2232173 0.2127176 0.2130817 0.2146064 0.2144213 0.2154489 0.2147918 0.2186832 0.2210910 0.2174386 0.2206371 0.2182517 0.2148381 0.2127131 0.2164834 0.2164797 0.2141033 0.2171789 0.2103208 0.2097499 0.2107433 0.2131780 0.2127629 0.2135439 0.2149360 0.2291664 0.2166994 0.2124031 0.2249303 0.2216646 0.2267660 0.2315774 0.2249269 0.2233186 0.2231239 0.2207477 0.2240911 0.2277524 0.2277975 0.2237445 0.2232102 8.9999990 8.9999990 8.9999982 8.9999983 8.8913413 8.6848674 8.8079829 8.9999988 8.9999985 8.9820850 8.7590925 8.9946197 8.8654609 8.6735505 8.8610671 8.7556773 8.6666717 8.4538643 8.5262750 8.4951143 8.4661603 8.4547117 8.7342128 8.9999990 8.9999987 8.9999985 8.9999990 8.9999987 8.9999988 8.9999990 8.9999982 8.9999986 8.9999985 6.1558542 
ON0528181_Temnothorax_87  0.0199070 0.0087317 0.0172450 0.0164561 0.0158179 0.0148505 0.0196831 0.0188870 0.0179106 0.0204735 0.0173278 0.0156945 0.0157065 0.0173030 0.0145120 0.0156878 0.0147092 0.0088257 0.0088257 0.0149689 0.0000000 0.0007265 0.0126090 0.1048545 0.2179701 0.2179701 0.2080738 0.2084271 0.2099143 0.2097347 0.2107337 0.2100943 0.2138916 0.2162690 0.2147868 0.2158260 0.2134709 0.2101410 0.2080714 0.2117757 0.2138211 0.2135849 0.2124850 0.2112427 0.2051248 0.2102129 0.2085209 0.2081182 0.2088760 0.2102363 0.2242951 0.2176694 0.2133415 0.2201554 0.2169387 0.2219462 0.2227739 0.2162741 0.2185823 0.2183932 0.2181518 0.2193676 0.2229378 0.2229835 0.2189999 0.2184490 8.9999983 8.9999989 8.9999988 8.6204699 8.4772272 8.2905503 8.4045035 8.8297285 8.8026054 8.5763551 8.3650979 8.7540182 8.6150632 8.5059867 8.4629809 8.3620941 8.2825408 8.0807713 8.1438265 8.1136776 8.0847747 8.0477971 8.3343523 8.9999984 8.9999988 8.9999988 8.7664327 8.9999980 8.6469774 8.9999988 8.8674036 8.9999987 8.9999985 6.0390381 
ON0528171_Temnothorax_88  0.0187457 0.0078612 0.0164880 0.0157012 0.0150467 0.0148505 0.0189323 0.0181375 0.0179106 0.0197218 0.0165800 0.0149405 0.0149635 0.0165433 0.0145120 0.0141646 0.0147092 0.0080868 0.0080868 0.0141871 0.0007265 0.0000000 0.0118621 0.1027596 0.2169204 0.2169204 0.2080738 0.2084271 0.2099143 0.2097347 0.2107337 0.2100943 0.2138916 0.2162690 0.2147868 0.2158260 0.2134709 0.2101410 0.2080714 0.2117757 0.2138211 0.2135849 0.2124850 0.2112427 0.2051248 0.2102129 0.2085209 0.2081182 0.2088760 0.2102363 0.2242951 0.2176694 0.2133415 0.2201554 0.2169387 0.2219462 0.2227739 0.2162741 0.2185823 0.2183932 0.2181518 0.2193676 0.2229378 0.2229835 0.2189999 0.2184490 8.9999983 8.9999989 8.9999988 8.6204699 8.4772272 8.2905503 8.4045035 8.8297285 8.8026054 8.5763551 8.3650979 8.7540182 8.6150632 8.5059867 8.4629809 8.3620941 8.2825408 8.0807713 8.1438265 8.1136776 8.0847747 8.0477971 8.3343523 8.9999984 8.9999988 8.9999988 8.7664327 8.9999980 8.6469774 8.9999988 8.8674036 8.9999987 8.9999985 6.0390381 
ON0528191_Temnothorax_86  0.0282977 0.0140318 0.0215334 0.0207420 0.0196811 0.0196829 0.0235842 0.0243978 0.0227471 0.0243844 0.0211984 0.0199933 0.0195418 0.0216152 0.0192317 0.0200455 0.0194945 0.0131213 0.0131213 0.0192820 0.0126090 0.0118621 0.0000000 0.1105635 0.2189960 0.2191944 0.2039678 0.2043127 0.2057706 0.2055953 0.2065718 0.2059463 0.2096706 0.2120274 0.2105496 0.2115928 0.2092584 0.2059935 0.2039673 0.2076231 0.2095741 0.2092906 0.2083461 0.2069409 0.2010279 0.2059299 0.2044044 0.2040115 0.2047510 0.2060867 0.2200308 0.2132652 0.2090020 0.2159650 0.2127830 0.2177211 0.2225503 0.2160213 0.2144216 0.2142369 0.2140012 0.2152201 0.2187197 0.2187660 0.2148330 0.2142662 8.9999987 8.9999989 8.9999989 8.5150502 8.3722172 8.1905057 8.3021438 8.7197994 8.6830122 8.4733457 8.2650202 8.6437639 8.5003291 8.3080274 8.3617807 8.2620631 8.1849595 7.9861944 8.0468330 8.0170556 7.9882108 7.9450149 8.2329187 8.9999989 8.9999986 8.9999987 8.9999983 8.9999980 8.9999989 8.9999985 8.9999985 8.9999982 8.9999987 5.9446262 
PQ6726181_Temnothorax_3   0.1202257 0.1118795 0.1095889 0.1084120 0.1058010 0.1053703 0.1108828 0.1097231 0.1096354 0.1119589 0.1075402 0.1068019 0.1059787 0.1094207 0.1046821 0.1077160 0.1060907 0.1064597 0.1064597 0.1096271 0.1048545 0.1027596 0.1105635 0.0000000 0.2131157 0.2123038 0.1925187 0.1928418 0.1926070 0.1924446 0.1933538 0.1927698 0.1946289 0.1969196 0.1933865 0.1965135 0.1942454 0.1928185 0.1925229 0.1944383 0.1923724 0.1969403 0.1982291 0.1945614 0.1909772 0.1936013 0.1929277 0.1925601 0.1932525 0.1929050 0.2065426 0.1991218 0.1950522 0.2127266 0.2142581 0.2144624 0.2170195 0.2105564 0.2128447 0.2126608 0.2103352 0.2136518 0.2154702 0.2155171 0.2132555 0.2148505 8.9999986 8.6965282 8.9999988 8.4069326 8.2642744 8.0870388 8.1967153 8.6070389 8.5450127 8.3675948 8.1617723 8.5307583 8.5094076 8.1988659 8.6875977 8.5837112 8.0839702 7.8873263 7.9458024 7.9162749 7.8873214 7.9509866 8.1281994 8.9999980 8.7749159 8.9999990 8.9999983 8.9999988 8.9225456 8.9999988 8.9999989 8.6381231 8.9999989 5.4249740 
PQ6726201_Temnothorax_1   0.2308415 0.2309850 0.2237256 0.2219935 0.2263686 0.2336854 0.2310478 0.2327465 0.2406718 0.2324382 0.2256344 0.2258273 0.2274074 0.2299902 0.2332484 0.2255807 0.2360744 0.2149453 0.2174298 0.2218373 0.2179701 0.2169204 0.2189960 0.2131157 0.0000000 0.0000010 0.1296613 0.1298397 0.1306666 0.1305761 0.1310969 0.1307572 0.1304052 0.1333918 0.1309079 0.1331429 0.1314153 0.1308004 0.1296810 0.1321593 0.1299003 0.1330520 0.1342206 0.1297312 0.1303392 0.1329186 0.1298828 0.1296813 0.1300619 0.1308443 0.1386768 0.1325560 0.1292531 0.1210677 0.1215035 0.1219179 0.1263221 0.1216271 0.1203102 0.1202296 0.1201285 0.1187369 0.1203776 0.1217520 0.1205338 0.1213128 8.4398919 7.8265449 8.9999987 7.8746307 8.0151110 7.6626932 7.7611637 8.3399394 8.3456577 7.8469690 7.7356015 8.2645961 8.0906782 8.3482684 8.1461898 8.2523981 7.3347163 7.2321479 7.4487797 7.2484049 7.3935403 7.2993320 7.6076982 8.9999987 8.4436192 8.9999983 8.8344857 8.9400690 8.7143371 8.9999982 8.9363420 8.3244719 8.4044381 5.0807074 
PQ6726191_Temnothorax_2   0.2305203 0.2309850 0.2249015 0.2231586 0.2263686 0.2336854 0.2310478 0.2327465 0.2406718 0.2324382 0.2256344 0.2272291 0.2274074 0.2314251 0.2332484 0.2269795 0.2360744 0.2162751 0.2187735 0.2232173 0.2179701 0.2169204 0.2191944 0.2123038 0.0000010 0.0000000 0.1296613 0.1298397 0.1306666 0.1305761 0.1310969 0.1307572 0.1304052 0.1333918 0.1309079 0.1331429 0.1314153 0.1308004 0.1296810 0.1321593 0.1299003 0.1330520 0.1342206 0.1297312 0.1303392 0.1329186 0.1298828 0.1296813 0.1300619 0.1308443 0.1386768 0.1325560 0.1292531 0.1210677 0.1215035 0.1219179 0.1263221 0.1216271 0.1203102 0.1202296 0.1201285 0.1187369 0.1203776 0.1217520 0.1205338 0.1213128 8.4398919 7.8265449 8.9999987 7.8746307 8.0151110 7.6626932 7.7611637 8.3399394 8.3456577 7.8469690 7.7356015 8.2645961 8.0906782 8.3482684 8.1461898 8.2523981 7.3347163 7.2321479 7.4487797 7.2484049 7.3935403 7.2993320 7.6076982 8.9999987 8.4436192 8.9999983 8.8344857 8.9400690 8.7143371 8.9999982 8.9363420 8.3244719 8.4044381 5.0807074 
OP3229461_Temnothorax_30  0.2263641 0.2244332 0.2076251 0.2055708 0.2072619 0.2086092 0.2126704 0.2146533 0.2143172 0.2112580 0.2038881 0.2071858 0.2071858 0.2094764 0.2071858 0.2071858 0.2090761 0.2081522 0.2067713 0.2127176 0.2080738 0.2080738 0.2039678 0.1925187 0.1296613 0.1296613 0.0000000 0.0000010 0.0000010 0.0000010 0.0000010 0.0000010 0.0000010 0.0008961 0.0000010 0.0008946 0.0000010 0.0000010 0.0000010 0.0008834 0.0000010 0.0009099 0.0026515 0.0000010 0.0044349 0.0027368 0.0035284 0.0035268 0.0035315 0.0035496 0.0109313 0.0027982 0.0000010 0.0229120 0.0237279 0.0230442 0.0257718 0.0237646 0.0227922 0.0227814 0.0227814 0.0237054 0.0239565 0.0239675 0.0228455 0.0229554 8.9999981 8.5581157 8.9999984 8.1247302 8.0551120 7.8222723 7.9248431 8.2160764 8.1630453 7.9366318 7.7454887 8.3084331 8.0161804 7.7524049 8.3940801 8.5077639 7.4740518 7.2973856 7.4026277 7.4543274 7.6075852 7.2971937 7.8327866 8.9999986 8.4788260 8.9999989 8.9999990 8.9999986 8.9999986 8.9999985 8.9999985 7.6836544 8.2641959 5.3992288 
OP2971931_Temnothorax_37  0.2270953 0.2249238 0.2079791 0.2059193 0.2076168 0.2089708 0.2130388 0.2150269 0.2146894 0.2116234 0.2042350 0.2075380 0.2075380 0.2098351 0.2075380 0.2075380 0.2094330 0.2085036 0.2071198 0.2130817 0.2084271 0.2084271 0.2043127 0.1928418 0.1298397 0.1298397 0.0000010 0.0000000 0.0000010 0.0000010 0.0000010 0.0000010 0.0000010 0.0008961 0.0000010 0.0008946 0.0000010 0.0000010 0.0000010 0.0008834 0.0000010 0.0009099 0.0026539 0.0000010 0.0044389 0.0027368 0.0035299 0.0035299 0.0035315 0.0035496 0.0109313 0.0027982 0.0000010 0.0229120 0.0237505 0.0230442 0.0257967 0.0237873 0.0227922 0.0227922 0.0228030 0.0237279 0.0239565 0.0239675 0.0228672 0.0229554 8.9999988 8.4020588 8.9999990 8.1247302 8.0551120 7.8222723 7.9248431 8.2160764 8.1630453 7.9366318 7.7454887 8.3084331 8.0161804 7.7524049 8.3940801 8.5077639 7.4740518 7.2973856 7.4026277 7.4543274 7.6075852 7.2971937 7.8327866 8.9999983 8.4788260 8.9999989 8.9999990 8.9999986 8.9999986 8.9999985 8.9999985 7.6836544 8.2641959 5.3992288 
OP3229441_Temnothorax_31  0.2301379 0.2269588 0.2094695 0.2073900 0.2091117 0.2104923 0.2145820 0.2165886 0.2162458 0.2131564 0.2057013 0.2090215 0.2090215 0.2113420 0.2090215 0.2090215 0.2109335 0.2099818 0.2085882 0.2146064 0.2099143 0.2099143 0.2057706 0.1926070 0.1306666 0.1306666 0.0000010 0.0000010 0.0000000 0.0000010 0.0000010 0.0000010 0.0000010 0.0008961 0.0000010 0.0008946 0.0000010 0.0000010 0.0000010 0.0008834 0.0000010 0.0009099 0.0026674 0.0000010 0.0044615 0.0027368 0.0035479 0.0035479 0.0035494 0.0035511 0.0109313 0.0027982 0.0000010 0.0229120 0.0238642 0.0230442 0.0259338 0.0239128 0.0229120 0.0229120 0.0229230 0.0238528 0.0239565 0.0239675 0.0229663 0.0230200 8.9999989 8.4774175 8.9999984 8.1247302 8.0551120 7.8222723 7.9248431 8.2160764 8.1630453 7.9366318 7.7454887 8.3084331 8.0161804 7.7524049 8.3940801 8.5077639 7.4740518 7.2973856 7.4026277 7.4543274 7.6075852 7.2971937 7.8327866 8.9999989 8.4788260 8.9999989 8.9999990 8.9999986 8.9999986 8.9999985 8.9999985 7.6836544 8.2641959 5.3992288 
OP3229471_Temnothorax_29  0.2297609 0.2267083 0.2092896 0.2072129 0.2089313 0.2103084 0.2143947 0.2163986 0.2160566 0.2129706 0.2055250 0.2088425 0.2088425 0.2111597 0.2088425 0.2088425 0.2107521 0.2098032 0.2084111 0.2144213 0.2097347 0.2097347 0.2055953 0.1924446 0.1305761 0.1305761 0.0000010 0.0000010 0.0000010 0.0000000 0.0000010 0.0000010 0.0000010 0.0008961 0.0000010 0.0008946 0.0000010 0.0000010 0.0000010 0.0008834 0.0000010 0.0009099 0.0026662 0.0000010 0.0044596 0.0027368 0.0035463 0.0035463 0.0035479 0.0035496 0.0109313 0.0027982 0.0000010 0.0229120 0.0238528 0.0230442 0.0259212 0.0239013 0.0229011 0.0229011 0.0229120 0.0238414 0.0239565 0.0239675 0.0229554 0.0230090 8.9999988 8.3981804 8.9999981 8.1247302 8.0551120 7.8222723 7.9248431 8.2160764 8.1630453 7.9366318 7.7454887 8.3084331 8.0161804 7.7524049 8.3940801 8.5077639 7.4740518 7.2973856 7.4026277 7.4543274 7.6075852 7.2971937 7.8327866 8.9999983 8.4788260 8.9999989 8.9999990 8.9999986 8.9999986 8.9999985 8.9999985 7.6836544 8.2641959 5.3992288 
OP3229491_Temnothorax_27  0.2318520 0.2280953 0.2102905 0.2081990 0.2099350 0.2113311 0.2154349 0.2174528 0.2171069 0.2140029 0.2065071 0.2098384 0.2098384 0.2121731 0.2098384 0.2098384 0.2117608 0.2107962 0.2093965 0.2154489 0.2107337 0.2107337 0.2065718 0.1933538 0.1310969 0.1310969 0.0000010 0.0000010 0.0000010 0.0000010 0.0000000 0.0000010 0.0000010 0.0008961 0.0000010 0.0008946 0.0000010 0.0000010 0.0000010 0.0008856 0.0000010 0.0009099 0.0026737 0.0000010 0.0044721 0.0027368 0.0035562 0.0035562 0.0035578 0.0035595 0.0109313 0.0027982 0.0000010 0.0229689 0.0239235 0.0230442 0.0259991 0.0239724 0.0229689 0.0229689 0.0229799 0.0239121 0.0239565 0.0239905 0.0230125 0.0230663 8.9999989 8.5104208 8.9999984 8.1247302 8.0551120 7.8222723 7.9248431 8.2160764 8.1630453 7.9366318 7.7454887 8.3084331 8.0161804 7.7524049 8.3940801 8.5077639 7.4740518 7.2973856 7.4026277 7.4543274 7.6075852 7.2971937 7.8327866 8.9999987 8.4788260 8.9999989 8.9999990 8.9999986 8.9999986 8.9999985 8.9999985 7.6836544 8.2641959 5.3568999 
OP3229431_Temnothorax_32  0.2305164 0.2272099 0.2096498 0.2075675 0.2092925 0.2106766 0.2147697 0.2167789 0.2164355 0.2133426 0.2058780 0.2092009 0.2092009 0.2115247 0.2092009 0.2092009 0.2111153 0.2101607 0.2087656 0.2147918 0.2100943 0.2100943 0.2059463 0.1927698 0.1307572 0.1307572 0.0000010 0.0000010 0.0000010 0.0000010 0.0000010 0.0000000 0.0000010 0.0008961 0.0000010 0.0008946 0.0000010 0.0000010 0.0000010 0.0008839 0.0000010 0.0009099 0.0026686 0.0000010 0.0044635 0.0027368 0.0035494 0.0035494 0.0035510 0.0035527 0.0109313 0.0027982 0.0000010 0.0229230 0.0238756 0.0230442 0.0259464 0.0239243 0.0229230 0.0229230 0.0229339 0.0238642 0.0239565 0.0239790 0.0229663 0.0230200 8.9999989 8.4497976 8.9999983 8.1247302 8.0551120 7.8222723 7.9248431 8.2160764 8.1630453 7.9366318 7.7454887 8.3084331 8.0161804 7.7524049 8.3940801 8.5077639 7.4740518 7.2973856 7.4026277 7.4543274 7.6075852 7.2971937 7.8327866 8.9999981 8.4788260 8.9999989 8.9999990 8.9999986 8.9999986 8.9999985 8.9999985 7.6836544 8.2641959 5.3992288 
OP3229541_Temnothorax_22  0.2324855 0.2324326 0.2103527 0.2082348 0.2099930 0.2114076 0.2155634 0.2176074 0.2172568 0.2141131 0.2065217 0.2098948 0.2098948 0.2122593 0.2098948 0.2098948 0.2118416 0.2139346 0.2125150 0.2186832 0.2138916 0.2138916 0.2096706 0.1946289 0.1304052 0.1304052 0.0000010 0.0000010 0.0000010 0.0000010 0.0000010 0.0000010 0.0000000 0.0008970 0.0000010 0.0000010 0.0000010 0.0000010 0.0000010 0.0008954 0.0000010 0.0009099 0.0027038 0.0000010 0.0036142 0.0027368 0.0026942 0.0026942 0.0026942 0.0026967 0.0100726 0.0027982 0.0000010 0.0222822 0.0232459 0.0222822 0.0253372 0.0232939 0.0222822 0.0222822 0.0222930 0.0232347 0.0232347 0.0242462 0.0223141 0.0223669 8.9999985 8.0916018 8.9999987 8.1247302 8.0551120 7.8222723 7.9248431 8.2160764 8.1630453 7.9366318 7.7454887 8.3084331 8.0161804 7.7524049 8.3940801 8.5077639 7.4740518 7.2973856 7.4026277 7.4543274 7.6075852 7.2971937 7.8327866 8.9372283 8.4788260 8.9999989 8.9999990 8.9999986 8.9999986 8.9999985 8.9999985 7.6836544 8.2641959 4.8716680 
OP3229581_Temnothorax_18  0.2372031 0.2355806 0.2127213 0.2105847 0.2123713 0.2138201 0.2179840 0.2200446 0.2196878 0.2165265 0.2088757 0.2122549 0.2122549 0.2146425 0.2122549 0.2122549 0.2142169 0.2162968 0.2148703 0.2210910 0.2162690 0.2162690 0.2120274 0.1969196 0.1333918 0.1333918 0.0008961 0.0008961 0.0008961 0.0008961 0.0008961 0.0008961 0.0008970 0.0000000 0.0008990 0.0008961 0.0008961 0.0008961 0.0008961 0.0017957 0.0009019 0.0018265 0.0036153 0.0009154 0.0054478 0.0036630 0.0045121 0.0045121 0.0045121 0.0045121 0.0119628 0.0037456 0.0009228 0.0242582 0.0252296 0.0242582 0.0273499 0.0252820 0.0242582 0.0242582 0.0242700 0.0252173 0.0252173 0.0252772 0.0242931 0.0243507 8.9999980 8.1479418 8.9999988 8.1135834 8.0437840 7.8111874 7.9137046 8.2047463 8.1630453 7.9257212 7.7345455 8.2968931 8.0040654 7.7399620 8.3829022 8.4964270 7.4632037 7.2864407 7.3915684 7.4432618 7.5964542 7.2852161 7.8216017 8.9999987 8.4676877 8.9999989 8.9999980 8.9999987 8.9999986 8.9999985 8.9999985 7.6709085 8.2641959 4.9187911 
OP3229531_Temnothorax_23  0.2343312 0.2336647 0.2112375 0.2091083 0.2108807 0.2123109 0.2164783 0.2185327 0.2181790 0.2150223 0.2073932 0.2107755 0.2107755 0.2131534 0.2107755 0.2107755 0.2127319 0.2148241 0.2133991 0.2174386 0.2147868 0.2147868 0.2105496 0.1933865 0.1309079 0.1309079 0.0000010 0.0000010 0.0000010 0.0000010 0.0000010 0.0000010 0.0000010 0.0008990 0.0000000 0.0000010 0.0000010 0.0000010 0.0000010 0.0008983 0.0000010 0.0009107 0.0027125 0.0000010 0.0036259 0.0027394 0.0027029 0.0027029 0.0027029 0.0027054 0.0101056 0.0028009 0.0000010 0.0223560 0.0233230 0.0223560 0.0254220 0.0233713 0.0223560 0.0223560 0.0223560 0.0233117 0.0233117 0.0243269 0.0223882 0.0224413 8.9999985 8.1907493 8.9999988 8.1842281 8.1148885 7.8783096 7.9822677 8.2774200 8.1630453 7.9929911 7.7999575 8.3717693 8.0796963 7.8144672 8.4561026 8.5715433 7.5249440 7.3466216 7.4536587 7.5060127 7.6614025 7.3510940 7.8894448 8.9999980 8.5412827 8.9999989 8.9999984 8.9999982 8.9999988 8.9999986 8.9999989 7.7463230 8.2641959 4.9504081 
OP3229561_Temnothorax_20  0.2362782 0.2349666 0.2122838 0.2101530 0.2119323 0.2133732 0.2175311 0.2195863 0.2192311 0.2160765 0.2084450 0.2118195 0.2118195 0.2142002 0.2118195 0.2118195 0.2137765 0.2158566 0.2144329 0.2206371 0.2158260 0.2158260 0.2115928 0.1965135 0.1331429 0.1331429 0.0008946 0.0008946 0.0008946 0.0008946 0.0008946 0.0008946 0.0000010 0.0008961 0.0000010 0.0000000 0.0000010 0.0008946 0.0008946 0.0017927 0.0000010 0.0009099 0.0036095 0.0000010 0.0054390 0.0027368 0.0045049 0.0045049 0.0045069 0.0045049 0.0119433 0.0027982 0.0000010 0.0242184 0.0251882 0.0242184 0.0273046 0.0252404 0.0242184 0.0242184 0.0242302 0.0251759 0.0251759 0.0252356 0.0242650 0.0243225 8.9999987 8.2885653 8.9999990 8.1247302 8.0551120 7.8222723 7.9248431 8.2160764 8.1630453 7.9366318 7.7454887 8.3084331 8.0161804 7.7524049 8.3940801 8.5077639 7.4740518 7.2973856 7.4026277 7.4543274 7.6075852 7.2971937 7.8327866 8.9999987 8.4788260 8.9999989 8.9999990 8.9999986 8.9999986 8.9999985 8.9999985 7.6836544 8.2641959 5.1307422 
OP3229501_Temnothorax_26  0.2316151 0.2318495 0.2099377 0.2078254 0.2095767 0.2109837 0.2151332 0.2171719 0.2168228 0.2136859 0.2061135 0.2094817 0.2094817 0.2118395 0.2094817 0.2094817 0.2114236 0.2135165 0.2120998 0.2182517 0.2134709 0.2134709 0.2092584 0.1942454 0.1314153 0.1314153 0.0000010 0.0000010 0.0000010 0.0000010 0.0000010 0.0000010 0.0000010 0.0008961 0.0000010 0.0000010 0.0000000 0.0000010 0.0000010 0.0008933 0.0000010 0.0009099 0.0026975 0.0000010 0.0045163 0.0027368 0.0035912 0.0035912 0.0035928 0.0035912 0.0109847 0.0027982 0.0000010 0.0232015 0.0241661 0.0232015 0.0262650 0.0242160 0.0232015 0.0232015 0.0232127 0.0241544 0.0241544 0.0242115 0.0232459 0.0233009 8.9999989 8.1795035 8.9999988 8.1247302 8.0551120 7.8222723 7.9248431 8.2160764 8.1630453 7.9366318 7.7454887 8.3084331 8.0161804 7.7524049 8.3940801 8.5077639 7.4740518 7.2973856 7.4026277 7.4543274 7.6075852 7.2971937 7.8327866 8.9999989 8.4788260 8.9999989 8.9999990 8.9999986 8.9999986 8.9999985 8.9999985 7.6836544 8.2641959 4.9865671 
OP3229481_Temnothorax_28  0.2305988 0.2272663 0.2096968 0.2076146 0.2093398 0.2107242 0.2148166 0.2168257 0.2164821 0.2133896 0.2059255 0.2092478 0.2092478 0.2115716 0.2092478 0.2092478 0.2111622 0.2102071 0.2088122 0.2148381 0.2101410 0.2101410 0.2059935 0.1928185 0.1308004 0.1308004 0.0000010 0.0000010 0.0000010 0.0000010 0.0000010 0.0000010 0.0000010 0.0008961 0.0000010 0.0008946 0.0000010 0.0000000 0.0000010 0.0008834 0.0000010 0.0009099 0.0026674 0.0000010 0.0044657 0.0027368 0.0035511 0.0035511 0.0035527 0.0035511 0.0109415 0.0027982 0.0000010 0.0229335 0.0238865 0.0230659 0.0259583 0.0239352 0.0229335 0.0229335 0.0229444 0.0238751 0.0239790 0.0239675 0.0229879 0.0230416 8.9999980 8.5363278 8.9999986 8.1247302 8.0551120 7.8222723 7.9248431 8.2160764 8.1630453 7.9366318 7.7454887 8.3084331 8.0161804 7.7524049 8.3940801 8.5077639 7.4740518 7.2973856 7.4026277 7.4543274 7.6075852 7.2971937 7.8327866 8.9999986 8.4788260 8.9999989 8.9999990 8.9999986 8.9999986 8.9999985 8.9999985 7.6836544 8.2641959 5.4661982 
