100
PQ6726171_Temnothorax_4   0.0000000 0.0161956 0.0000010 0.0011059 0.0011309 0.0011814 0.0000010 0.0000010 0.0011843 0.0000010 0.0000010 0.0011283 0.0011283 0.0022703 0.0011700 0.0034060 0.0036152 0.0174390 0.0174390 0.0275411 0.0199589 0.0187896 0.0283880 0.1218590 0.2380204 0.2376876 0.2344602 0.2352680 0.2385145 0.2380977 0.2403978 0.2389331 0.2412696 0.2464206 0.2432033 0.2454807 0.2403342 0.2389961 0.2343961 0.2389961 0.2412770 0.2413930 0.2436945 0.2400366 0.2248351 0.2303713 0.2317471 0.2308315 0.2325443 0.2354099 0.2692377 0.2550732 0.2446944 0.2521072 0.2450351 0.2561298 0.2616021 0.2476903 0.2486438 0.2482066 0.2476318 0.2498897 0.2579224 0.2579777 0.2494981 0.2485176 8.6900607 8.3225236 8.8368026 7.8369958 7.7314136 7.6535665 7.7305138 7.7887063 8.0000214 7.7411103 7.6376699 7.8077233 7.6493046 7.6223887 7.6639518 7.6358050 7.6341302 7.5292489 7.5288435 7.6207936 7.5987450 7.3899514 7.7004410 8.4309265 8.0961412 8.5094019 8.2408011 8.4084389 8.1506979 8.4803516 8.3204002 8.0397042 8.4324064 5.8725965 
ON0528231_Temnothorax_82  0.0161956 0.0000000 0.0150075 0.0131749 0.0132657 0.0127946 0.0141407 0.0141407 0.0128183 0.0141407 0.0141407 0.0132411 0.0132411 0.0141990 0.0126993 0.0132334 0.0129182 0.0025809 0.0025809 0.0096733 0.0087436 0.0078708 0.0140566 0.1132971 0.2371573 0.2371573 0.2309481 0.2314824 0.2336261 0.2333532 0.2348573 0.2338998 0.2393832 0.2427840 0.2406565 0.2421690 0.2387657 0.2339436 0.2309076 0.2360724 0.2393733 0.2394221 0.2371142 0.2362925 0.2270314 0.2349214 0.2317197 0.2310995 0.2322581 0.2341854 0.2537369 0.2458714 0.2392869 0.2413729 0.2367292 0.2439424 0.2477145 0.2385291 0.2391375 0.2388564 0.2384869 0.2400216 0.2451689 0.2452099 0.2396959 0.2389890 8.4599510 8.1031766 8.6198380 7.6095685 7.5049125 7.4315836 7.5054636 7.5637647 7.7413665 7.5210101 7.4198608 7.5783989 7.4135457 7.3704266 7.4362441 7.4055623 7.4120158 7.3094439 7.3077199 7.3935535 7.3695728 7.1599752 7.4716963 8.2233107 7.8639463 8.2247224 7.9973102 8.1543745 7.9080509 8.2218184 8.0722692 7.7603381 8.1532854 5.7614329 
PQ6726141_Temnothorax_7   0.0000010 0.0150075 0.0000000 0.0021322 0.0014648 0.0015229 0.0036724 0.0044166 0.0045549 0.0044142 0.0014616 0.0014369 0.0014548 0.0028929 0.0014890 0.0028848 0.0030310 0.0154946 0.0154946 0.0217974 0.0172808 0.0165200 0.0215825 0.1109295 0.2297342 0.2309262 0.2131600 0.2135434 0.2151068 0.2149119 0.2159913 0.2153022 0.2161319 0.2186773 0.2170439 0.2182398 0.2156943 0.2153407 0.2131386 0.2170032 0.2159831 0.2157558 0.2178816 0.2149927 0.2085236 0.2106478 0.2121334 0.2116936 0.2125155 0.2139200 0.2303209 0.2218983 0.2171458 0.2308464 0.2274722 0.2327847 0.2380296 0.2308438 0.2291512 0.2289397 0.2286619 0.2298881 0.2337736 0.2338088 0.2295796 0.2289815 8.6900607 8.3225236 8.8368026 7.8369958 7.7314136 7.6535665 7.7305138 7.7887063 8.0000214 7.7411103 7.6376699 7.8077233 7.6493046 7.6223887 7.6639518 7.6358050 7.6341302 7.5292489 7.5288435 7.6207936 7.5987450 7.3899514 7.7004410 8.4309265 8.0961412 8.5094019 8.2408011 8.4084389 8.1506979 8.4803516 8.3204002 8.0397042 8.4324064 5.8725965 
PQ6726151_Temnothorax_6   0.0011059 0.0131749 0.0021322 0.0000000 0.0021976 0.0022847 0.0044076 0.0051535 0.0053148 0.0036695 0.0007292 0.0021557 0.0021825 0.0036167 0.0022338 0.0036066 0.0037893 0.0147198 0.0147198 0.0209915 0.0164872 0.0157288 0.0207854 0.1097049 0.2278642 0.2290447 0.2109475 0.2113245 0.2128659 0.2126742 0.2137366 0.2130581 0.2138475 0.2163708 0.2147474 0.2159393 0.2134164 0.2130969 0.2109274 0.2147508 0.2136858 0.2134333 0.2156319 0.2126672 0.2079016 0.2099904 0.2114957 0.2110591 0.2118751 0.2132710 0.2279532 0.2194863 0.2147916 0.2285122 0.2251698 0.2304233 0.2356553 0.2285257 0.2268402 0.2266321 0.2263588 0.2275825 0.2314128 0.2314484 0.2272638 0.2266592 8.6900607 8.3225236 8.8368026 7.8369958 7.7314136 7.6535665 7.7305138 7.7887063 8.0000214 7.7411103 7.6376699 7.8077233 7.6493046 7.6223887 7.6639518 7.6358050 7.6341302 7.5292489 7.5288435 7.6207936 7.5987450 7.3899514 7.7004410 8.4309265 8.0961412 8.5094019 8.2408011 8.4084389 8.1506979 8.4803516 8.3204002 8.0397042 8.4324064 5.8725965 
ON0528071_Temnothorax_98  0.0011309 0.0132657 0.0014648 0.0021976 0.0000000 0.0000010 0.0007308 0.0014645 0.0000010 0.0014637 0.0014637 0.0000010 0.0000010 0.0014697 0.0000010 0.0007308 0.0015199 0.0142484 0.0142484 0.0206001 0.0158473 0.0150727 0.0197213 0.1070295 0.2323167 0.2323167 0.2127342 0.2131184 0.2146858 0.2144904 0.2155723 0.2148816 0.2157081 0.2182630 0.2166227 0.2178243 0.2152694 0.2149203 0.2127130 0.2165900 0.2155561 0.2153228 0.2174735 0.2128262 0.2096591 0.2118454 0.2132926 0.2128476 0.2136791 0.2150974 0.2299584 0.2197055 0.2149692 0.2304917 0.2271049 0.2324362 0.2377067 0.2304916 0.2287913 0.2285793 0.2283007 0.2295329 0.2334304 0.2334657 0.2292212 0.2286189 8.6900607 8.3225236 8.8368026 7.8369958 7.7314136 7.6535665 7.7305138 7.7887063 8.0000214 7.7411103 7.6376699 7.8077233 7.6493046 7.6223887 7.6639518 7.6358050 7.6341302 7.5292489 7.5288435 7.6207936 7.5987450 7.3899514 7.7004410 8.4309265 8.0961412 8.5094019 8.2408011 8.4084389 8.1506979 8.4803516 8.3204002 8.0397042 8.4324064 5.8725965 
ON0528131_Temnothorax_92  0.0011814 0.0127946 0.0015229 0.0022847 0.0000010 0.0000000 0.0007595 0.0015225 0.0000010 0.0015217 0.0015217 0.0000010 0.0000010 0.0007611 0.0000010 0.0007605 0.0015366 0.0140335 0.0140335 0.0198008 0.0148759 0.0148759 0.0197234 0.1065939 0.2397919 0.2397919 0.2140374 0.2144285 0.2160223 0.2158233 0.2169246 0.2162217 0.2170796 0.2196698 0.2180094 0.2192237 0.2166333 0.2162606 0.2140152 0.2179494 0.2169343 0.2167145 0.2188385 0.2141924 0.2109268 0.2131951 0.2146057 0.2141526 0.2149993 0.2164407 0.2315027 0.2211846 0.2163713 0.2305434 0.2269075 0.2325094 0.2378369 0.2305429 0.2288244 0.2286100 0.2283284 0.2295737 0.2335143 0.2335500 0.2292589 0.2286503 8.6900607 8.3225236 8.8368026 7.8369958 7.7314136 7.6535665 7.7305138 7.7887063 8.0000214 7.7411103 7.6376699 7.8077233 7.6493046 7.6223887 7.6639518 7.6358050 7.6341302 7.5292489 7.5288435 7.6207936 7.5987450 7.3899514 7.7004410 8.4309265 8.0961412 8.5094019 8.2408011 8.4084389 8.1506979 8.4803516 8.3204002 8.0397042 8.4324064 5.8725965 
ON0528121_Temnothorax_93  0.0000010 0.0141407 0.0036724 0.0044076 0.0007308 0.0007595 0.0000000 0.0007260 0.0007480 0.0007260 0.0014616 0.0036695 0.0036695 0.0051729 0.0037566 0.0051572 0.0053589 0.0181006 0.0181006 0.0245959 0.0197334 0.0189782 0.0236489 0.1122810 0.2373496 0.2373496 0.2186251 0.2190254 0.2206481 0.2204446 0.2215696 0.2208521 0.2217849 0.2243925 0.2227299 0.2239388 0.2213302 0.2208900 0.2186002 0.2225784 0.2216687 0.2215041 0.2234517 0.2207465 0.2155130 0.2179835 0.2192058 0.2187420 0.2196086 0.2210734 0.2362197 0.2278881 0.2229774 0.2366619 0.2331989 0.2386739 0.2439637 0.2366184 0.2349037 0.2346831 0.2343931 0.2356287 0.2396638 0.2396980 0.2353455 0.2347624 8.6900607 8.3225236 8.8368026 7.8369958 7.7314136 7.6535665 7.7305138 7.7887063 8.0000214 7.7411103 7.6376699 7.8077233 7.6493046 7.6223887 7.6639518 7.6358050 7.6341302 7.5292489 7.5288435 7.6207936 7.5987450 7.3899514 7.7004410 8.4309265 8.0961412 8.5094019 8.2408011 8.4084389 8.1506979 8.4803516 8.3204002 8.0397042 8.4324064 5.8725965 
ON0528101_Temnothorax_95  0.0000010 0.0141407 0.0044166 0.0051535 0.0014645 0.0015225 0.0007260 0.0000000 0.0014994 0.0014538 0.0021972 0.0044131 0.0044131 0.0059253 0.0045182 0.0059081 0.0061388 0.0188984 0.0188984 0.0254249 0.0189323 0.0181786 0.0244690 0.1110813 0.2391623 0.2391623 0.2207418 0.2211480 0.2227909 0.2225844 0.2237252 0.2229980 0.2239695 0.2265964 0.2249255 0.2261372 0.2235089 0.2230355 0.2207156 0.2247308 0.2238662 0.2237266 0.2256004 0.2229727 0.2176160 0.2201900 0.2213306 0.2208598 0.2217393 0.2232211 0.2384720 0.2301924 0.2252296 0.2388812 0.2353904 0.2409179 0.2417994 0.2344978 0.2371020 0.2368782 0.2365840 0.2378209 0.2419064 0.2419401 0.2375480 0.2369719 8.6900607 8.3225236 8.8368026 7.8369958 7.7314136 7.6535665 7.7305138 7.7887063 8.0000214 7.7411103 7.6376699 7.8077233 7.6493046 7.6223887 7.6639518 7.6358050 7.6341302 7.5292489 7.5288435 7.6207936 7.5987450 7.3899514 7.7004410 8.4309265 8.0961412 8.5094019 8.2408011 8.4084389 8.1506979 8.4803516 8.3204002 8.0397042 8.4324064 5.8725965 
ON0528091_Temnothorax_96  0.0011843 0.0128183 0.0045549 0.0053148 0.0000010 0.0000010 0.0007480 0.0014994 0.0000000 0.0014986 0.0022653 0.0030254 0.0030254 0.0037931 0.0030254 0.0037903 0.0045888 0.0170999 0.0170999 0.0228998 0.0179530 0.0179530 0.0228091 0.1110135 0.2472297 0.2472297 0.2202945 0.2206988 0.2223348 0.2221292 0.2232648 0.2225409 0.2235025 0.2261210 0.2244546 0.2256637 0.2230439 0.2225784 0.2202686 0.2242695 0.2233967 0.2232519 0.2251385 0.2207465 0.2171767 0.2197246 0.2208807 0.2204121 0.2212875 0.2227632 0.2379670 0.2278881 0.2229774 0.2383830 0.2349037 0.2404110 0.2456984 0.2383273 0.2366112 0.2363885 0.2360957 0.2373304 0.2413984 0.2414321 0.2370556 0.2364788 8.6900607 8.3225236 8.8368026 7.8369958 7.7314136 7.6535665 7.7305138 7.7887063 8.0000214 7.7411103 7.6376699 7.8077233 7.6493046 7.6223887 7.6639518 7.6358050 7.6341302 7.5292489 7.5288435 7.6207936 7.5987450 7.3899514 7.7004410 8.4309265 8.0961412 8.5094019 8.2408011 8.4084389 8.1506979 8.4803516 8.3204002 8.0397042 8.4324064 5.8725965 
ON0528111_Temnothorax_94  0.0000010 0.0141407 0.0044142 0.0036695 0.0014637 0.0015217 0.0007260 0.0014538 0.0014986 0.0000000 0.0007292 0.0044107 0.0044107 0.0059219 0.0045157 0.0059048 0.0061352 0.0188865 0.0188865 0.0254078 0.0205271 0.0197708 0.0244528 0.1133709 0.2387551 0.2387551 0.2171873 0.2175844 0.2191967 0.2189948 0.2201114 0.2193991 0.2203077 0.2229077 0.2212472 0.2224567 0.2198560 0.2194373 0.2171633 0.2211244 0.2201825 0.2200008 0.2220020 0.2192391 0.2140782 0.2164835 0.2177637 0.2173035 0.2181632 0.2196195 0.2347259 0.2263431 0.2214571 0.2351909 0.2317397 0.2371904 0.2424854 0.2351577 0.2334433 0.2332243 0.2329365 0.2341736 0.2381832 0.2382177 0.2338830 0.2332942 8.6900607 8.3225236 8.8368026 7.8369958 7.7314136 7.6535665 7.7305138 7.7887063 8.0000214 7.7411103 7.6376699 7.8077233 7.6493046 7.6223887 7.6639518 7.6358050 7.6341302 7.5292489 7.5288435 7.6207936 7.5987450 7.3899514 7.7004410 8.4309265 8.0961412 8.5094019 8.2408011 8.4084389 8.1506979 8.4803516 8.3204002 8.0397042 8.4324064 5.8725965 
ON0528051_Temnothorax_100 0.0000010 0.0141407 0.0014616 0.0007292 0.0014637 0.0015217 0.0014616 0.0021972 0.0022653 0.0007292 0.0000000 0.0014604 0.0014604 0.0029405 0.0014949 0.0029322 0.0030456 0.0157532 0.0157532 0.0221667 0.0173620 0.0166105 0.0212441 0.1087883 0.2315532 0.2315532 0.2092862 0.2096617 0.2111998 0.2110088 0.2120676 0.2113912 0.2121576 0.2146863 0.2130562 0.2142555 0.2117274 0.2114305 0.2092670 0.2130921 0.2119848 0.2117114 0.2139827 0.2109363 0.2062271 0.2082527 0.2098325 0.2093976 0.2102103 0.2116041 0.2263245 0.2177526 0.2130582 0.2269112 0.2235630 0.2288198 0.2340863 0.2269358 0.2252414 0.2250339 0.2247615 0.2259936 0.2298179 0.2298540 0.2256651 0.2250510 8.6900607 8.3225236 8.8368026 7.8369958 7.7314136 7.6535665 7.7305138 7.7887063 8.0000214 7.7411103 7.6376699 7.8077233 7.6493046 7.6223887 7.6639518 7.6358050 7.6341302 7.5292489 7.5288435 7.6207936 7.5987450 7.3899514 7.7004410 8.4309265 8.0961412 8.5094019 8.2408011 8.4084389 8.1506979 8.4803516 8.3204002 8.0397042 8.4324064 5.8725965 
ON0528081_Temnothorax_97  0.0011283 0.0132411 0.0014369 0.0021557 0.0000010 0.0000010 0.0036695 0.0044131 0.0030254 0.0044107 0.0014604 0.0000000 0.0000010 0.0014373 0.0000010 0.0014376 0.0015102 0.0139290 0.0139290 0.0201613 0.0157231 0.0149659 0.0200342 0.1080576 0.2318588 0.2332818 0.2125830 0.2129639 0.2145182 0.2143245 0.2153970 0.2147123 0.2155295 0.2180634 0.2164362 0.2176285 0.2150946 0.2147508 0.2125620 0.2164074 0.2153776 0.2151442 0.2172846 0.2126672 0.2095316 0.2116948 0.2131366 0.2126955 0.2135199 0.2149263 0.2296649 0.2194863 0.2147916 0.2301985 0.2268402 0.2321252 0.2373554 0.2302004 0.2285134 0.2283032 0.2280273 0.2292502 0.2331121 0.2331473 0.2289395 0.2283409 8.6900607 8.3225236 8.8368026 7.8369958 7.7314136 7.6535665 7.7305138 7.7887063 8.0000214 7.7411103 7.6376699 7.8077233 7.6493046 7.6223887 7.6639518 7.6358050 7.6341302 7.5292489 7.5288435 7.6207936 7.5987450 7.3899514 7.7004410 8.4309265 8.0961412 8.5094019 8.2408011 8.4084389 8.1506979 8.4803516 8.3204002 8.0397042 8.4324064 5.8725965 
ON0528061_Temnothorax_99  0.0011283 0.0132411 0.0014548 0.0021825 0.0000010 0.0000010 0.0036695 0.0044131 0.0030254 0.0044107 0.0014604 0.0000010 0.0000000 0.0014596 0.0000010 0.0014555 0.0015114 0.0141483 0.0141483 0.0204841 0.0157352 0.0149889 0.0195811 0.1071999 0.2334084 0.2334084 0.2125830 0.2129639 0.2145182 0.2143245 0.2153970 0.2147123 0.2155295 0.2180634 0.2164362 0.2176285 0.2150946 0.2147508 0.2125620 0.2164074 0.2153776 0.2151442 0.2172846 0.2126672 0.2095316 0.2116948 0.2131366 0.2126955 0.2135199 0.2149263 0.2296649 0.2194863 0.2147916 0.2301985 0.2268402 0.2321252 0.2373554 0.2302004 0.2285134 0.2283032 0.2280273 0.2292502 0.2331121 0.2331473 0.2289395 0.2283409 8.6900607 8.3225236 8.8368026 7.8369958 7.7314136 7.6535665 7.7305138 7.7887063 8.0000214 7.7411103 7.6376699 7.8077233 7.6493046 7.6223887 7.6639518 7.6358050 7.6341302 7.5292489 7.5288435 7.6207936 7.5987450 7.3899514 7.7004410 8.4309265 8.0961412 8.5094019 8.2408011 8.4084389 8.1506979 8.4803516 8.3204002 8.0397042 8.4324064 5.8725965 
ON0528141_Temnothorax_91  0.0022703 0.0141990 0.0028929 0.0036167 0.0014697 0.0007611 0.0051729 0.0059253 0.0037931 0.0059219 0.0029405 0.0014373 0.0014596 0.0000000 0.0014940 0.0028943 0.0022721 0.0155010 0.0155010 0.0218073 0.0173416 0.0165780 0.0216682 0.1107849 0.2363667 0.2378251 0.2150582 0.2154466 0.2170271 0.2168296 0.2179224 0.2172251 0.2180883 0.2206497 0.2190097 0.2202076 0.2176458 0.2172633 0.2150357 0.2189312 0.2179510 0.2177457 0.2198061 0.2152591 0.2119851 0.2142708 0.2156223 0.2151724 0.2160131 0.2174419 0.2323317 0.2221821 0.2174178 0.2328280 0.2294305 0.2347874 0.2400373 0.2328117 0.2311149 0.2309008 0.2306194 0.2318463 0.2357747 0.2358094 0.2315470 0.2309551 8.6900607 8.3225236 8.8368026 7.8369958 7.7314136 7.6535665 7.7305138 7.7887063 8.0000214 7.7411103 7.6376699 7.8077233 7.6493046 7.6223887 7.6639518 7.6358050 7.6341302 7.5292489 7.5288435 7.6207936 7.5987450 7.3899514 7.7004410 8.4309265 8.0961412 8.5094019 8.2408011 8.4084389 8.1506979 8.4803516 8.3204002 8.0397042 8.4324064 5.8725965 
ON0528151_Temnothorax_90  0.0011700 0.0126993 0.0014890 0.0022338 0.0000010 0.0000010 0.0037566 0.0045182 0.0030254 0.0045157 0.0014949 0.0000010 0.0000010 0.0014940 0.0000000 0.0007428 0.0015114 0.0137146 0.0137146 0.0201532 0.0145366 0.0145366 0.0192708 0.1058860 0.2394547 0.2394547 0.2125830 0.2129639 0.2145182 0.2143245 0.2153970 0.2147123 0.2155295 0.2180634 0.2164362 0.2176285 0.2150946 0.2147508 0.2125620 0.2164074 0.2153776 0.2151442 0.2172846 0.2126672 0.2095316 0.2116948 0.2131366 0.2126955 0.2135199 0.2149263 0.2296649 0.2194863 0.2147916 0.2301985 0.2268402 0.2321252 0.2373554 0.2302004 0.2285134 0.2283032 0.2280273 0.2292502 0.2331121 0.2331473 0.2289395 0.2283409 8.6900607 8.3225236 8.8368026 7.8369958 7.7314136 7.6535665 7.7305138 7.7887063 8.0000214 7.7411103 7.6376699 7.8077233 7.6493046 7.6223887 7.6639518 7.6358050 7.6341302 7.5292489 7.5288435 7.6207936 7.5987450 7.3899514 7.7004410 8.4309265 8.0961412 8.5094019 8.2408011 8.4084389 8.1506979 8.4803516 8.3204002 8.0397042 8.4324064 5.8725965 
PQ6726161_Temnothorax_5   0.0034060 0.0132334 0.0028848 0.0036066 0.0007308 0.0007605 0.0051572 0.0059081 0.0037903 0.0059048 0.0029322 0.0014376 0.0014555 0.0028943 0.0007428 0.0000000 0.0007534 0.0139641 0.0139641 0.0194314 0.0157151 0.0141867 0.0200847 0.1089765 0.2315280 0.2329473 0.2125830 0.2129639 0.2145182 0.2143245 0.2153970 0.2147123 0.2155295 0.2180634 0.2164362 0.2176285 0.2150946 0.2147508 0.2125620 0.2164074 0.2153776 0.2151442 0.2172846 0.2126672 0.2095316 0.2116948 0.2131366 0.2126955 0.2135199 0.2149263 0.2296649 0.2194863 0.2147916 0.2301985 0.2268402 0.2321252 0.2373554 0.2302004 0.2285134 0.2283032 0.2280273 0.2292502 0.2331121 0.2331473 0.2289395 0.2283409 8.6900607 8.3225236 8.8368026 7.8369958 7.7314136 7.6535665 7.7305138 7.7887063 8.0000214 7.7411103 7.6376699 7.8077233 7.6493046 7.6223887 7.6639518 7.6358050 7.6341302 7.5292489 7.5288435 7.6207936 7.5987450 7.3899514 7.7004410 8.4309265 8.0961412 8.5094019 8.2408011 8.4084389 8.1506979 8.4803516 8.3204002 8.0397042 8.4324064 5.8725965 
ON0528161_Temnothorax_89  0.0036152 0.0129182 0.0030310 0.0037893 0.0015199 0.0015366 0.0053589 0.0061388 0.0045888 0.0061352 0.0030456 0.0015102 0.0015114 0.0022721 0.0015114 0.0007534 0.0000000 0.0131157 0.0131157 0.0188079 0.0147345 0.0147345 0.0195347 0.1073041 0.2423822 0.2423822 0.2145873 0.2149735 0.2165462 0.2163498 0.2174367 0.2167431 0.2175959 0.2201473 0.2185128 0.2197074 0.2171557 0.2167813 0.2145651 0.2184440 0.2174560 0.2172457 0.2193178 0.2147655 0.2115237 0.2137821 0.2151484 0.2147009 0.2155370 0.2169590 0.2317918 0.2216555 0.2169136 0.2322948 0.2289114 0.2342439 0.2394802 0.2322822 0.2305905 0.2303775 0.2300977 0.2313217 0.2352293 0.2352641 0.2310206 0.2304284 8.7722696 8.4045462 8.8609805 7.9221375 7.8171218 7.7381864 7.8156545 7.8733936 8.0954399 7.8243037 7.7208398 7.8938888 7.7394251 7.7190564 7.7507307 7.7237954 7.7189861 7.6140916 7.6142255 7.7077067 7.6866018 7.4801318 7.7872625 8.5074435 8.1809089 8.3189318 8.3302824 8.5001045 8.2408011 8.5729269 8.4107993 8.1426709 8.5311326 5.8725965 
ON0528221_Temnothorax_83  0.0174390 0.0025809 0.0154946 0.0147198 0.0142484 0.0140335 0.0181006 0.0188984 0.0170999 0.0188865 0.0157532 0.0139290 0.0141483 0.0155010 0.0137146 0.0139641 0.0131157 0.0000000 0.0014253 0.0072549 0.0088353 0.0080946 0.0131390 0.1076930 0.2205534 0.2219043 0.2133391 0.2137181 0.2152634 0.2150707 0.2161376 0.2154566 0.2193891 0.2219211 0.2203023 0.2214829 0.2189501 0.2154945 0.2133179 0.2171366 0.2192614 0.2190738 0.2180038 0.2166250 0.2103140 0.2156454 0.2138899 0.2134508 0.2142712 0.2156691 0.2302909 0.2234804 0.2187640 0.2260378 0.2227475 0.2279097 0.2330985 0.2260680 0.2243996 0.2241962 0.2239292 0.2251433 0.2288942 0.2289299 0.2248157 0.2242078 8.6088953 8.2446819 8.7677828 7.7472121 7.6413158 7.5647884 7.6410053 7.6995782 7.8988199 7.6536516 7.5504689 7.7169671 7.5548279 7.5210902 7.5728999 7.5435329 7.5451582 7.4404974 7.4395386 7.5296615 7.5066681 7.2959030 7.6092356 8.3574515 8.0059805 8.4012130 8.1502676 8.3145675 8.0601172 8.3850590 8.2284210 7.9304327 8.3258220 5.7038733 
ON0528211_Temnothorax_84  0.0174390 0.0025809 0.0154946 0.0147198 0.0142484 0.0140335 0.0181006 0.0188984 0.0170999 0.0188865 0.0157532 0.0139290 0.0141483 0.0155010 0.0137146 0.0139641 0.0131157 0.0014253 0.0000000 0.0072549 0.0088353 0.0080946 0.0131390 0.1076930 0.2230724 0.2244366 0.2119372 0.2123132 0.2138486 0.2136574 0.2147162 0.2140401 0.2179480 0.2204726 0.2188559 0.2200370 0.2175120 0.2140784 0.2119168 0.2157192 0.2178118 0.2176078 0.2165902 0.2151566 0.2089151 0.2141829 0.2124838 0.2120483 0.2128621 0.2142518 0.2288348 0.2219759 0.2172832 0.2246061 0.2213272 0.2264661 0.2316591 0.2246459 0.2229780 0.2227762 0.2225113 0.2237268 0.2274533 0.2274893 0.2233921 0.2227790 8.6176078 8.2548579 8.7756914 7.7603791 7.6551889 7.5789474 7.6547910 7.7129374 7.9126380 7.6670439 7.5644677 7.7304613 7.5699527 7.5375504 7.5873640 7.5583879 7.5594747 7.4554727 7.4546124 7.5444289 7.5217443 7.3128238 7.6234869 8.3664940 8.0176942 8.4128423 8.1618758 8.3256422 8.0722692 8.3959044 8.2397572 7.9451200 8.3376984 5.7614329 
ON0528201_Temnothorax_85  0.0275411 0.0096733 0.0217974 0.0209915 0.0206001 0.0198008 0.0245959 0.0254249 0.0228998 0.0254078 0.0221667 0.0201613 0.0204841 0.0218073 0.0201532 0.0194314 0.0188079 0.0072549 0.0072549 0.0000000 0.0150019 0.0142165 0.0193290 0.1109021 0.2278939 0.2292974 0.2183579 0.2187521 0.2203507 0.2201503 0.2212582 0.2205516 0.2246183 0.2272062 0.2232299 0.2267533 0.2241638 0.2205890 0.2183335 0.2222541 0.2221880 0.2196934 0.2231166 0.2157641 0.2152885 0.2162522 0.2189299 0.2184730 0.2193265 0.2207697 0.2356982 0.2226216 0.2179030 0.2313065 0.2279375 0.2332435 0.2384733 0.2313008 0.2296125 0.2294010 0.2268244 0.2303458 0.2342290 0.2342639 0.2300404 0.2294456 8.6338196 8.2668652 8.8158056 7.9405805 7.8341131 7.7537806 7.8325089 7.7757239 7.9866644 7.8408970 7.7359101 7.7946199 7.6346180 7.6064380 7.7669224 7.7397955 7.7343385 7.6278559 7.6280814 7.7232596 7.7019965 7.4926032 7.8040212 8.3879418 8.2030751 8.4982209 8.3763091 8.5484034 8.2865978 8.4898603 8.4578244 8.0461262 8.4375934 5.7487316 
ON0528181_Temnothorax_87  0.0199589 0.0087436 0.0172808 0.0164872 0.0158473 0.0148759 0.0197334 0.0189323 0.0179530 0.0205271 0.0173620 0.0157231 0.0157352 0.0173416 0.0145366 0.0157151 0.0147345 0.0088353 0.0088353 0.0150019 0.0000000 0.0007276 0.0126275 0.1060735 0.2237835 0.2237835 0.2134226 0.2138046 0.2153617 0.2151675 0.2162427 0.2155564 0.2195196 0.2220710 0.2204401 0.2216293 0.2190772 0.2155946 0.2134012 0.2172487 0.2193918 0.2192043 0.2181219 0.2167373 0.2103755 0.2157499 0.2139777 0.2135352 0.2143619 0.2157705 0.2305033 0.2236481 0.2188935 0.2262159 0.2229005 0.2281029 0.2290791 0.2220850 0.2245646 0.2243596 0.2240904 0.2253131 0.2290942 0.2291302 0.2249839 0.2243723 8.6048075 8.2348018 8.7662588 7.7284234 7.6205413 7.5429430 7.6203619 7.6800836 7.8806408 7.6337162 7.5287668 7.6974243 7.5313735 7.5030379 7.5506384 7.5204124 7.5229110 7.4163960 7.4152686 7.5065705 7.4828989 7.2675137 7.5876078 8.3499275 7.9917089 8.3921487 8.1377578 8.3047145 8.0459087 8.3763879 8.2171763 7.9184193 8.3154046 5.7614329 
ON0528171_Temnothorax_88  0.0187896 0.0078708 0.0165200 0.0157288 0.0150727 0.0148759 0.0189782 0.0181786 0.0179530 0.0197708 0.0166105 0.0149659 0.0149889 0.0165780 0.0145366 0.0141867 0.0147345 0.0080946 0.0080946 0.0142165 0.0007276 0.0000000 0.0118780 0.1039044 0.2226683 0.2226683 0.2134226 0.2138046 0.2153617 0.2151675 0.2162427 0.2155564 0.2195196 0.2220710 0.2204401 0.2216293 0.2190772 0.2155946 0.2134012 0.2172487 0.2193918 0.2192043 0.2181219 0.2167373 0.2103755 0.2157499 0.2139777 0.2135352 0.2143619 0.2157705 0.2305033 0.2236481 0.2188935 0.2262159 0.2229005 0.2281029 0.2290791 0.2220850 0.2245646 0.2243596 0.2240904 0.2253131 0.2290942 0.2291302 0.2249839 0.2243723 8.6048075 8.2348018 8.7662588 7.7284234 7.6205413 7.5429430 7.6203619 7.6800836 7.8806408 7.6337162 7.5287668 7.6974243 7.5313735 7.5030379 7.5506384 7.5204124 7.5229110 7.4163960 7.4152686 7.5065705 7.4828989 7.2675137 7.5876078 8.3499275 7.9917089 8.3921487 8.1377578 8.3047145 8.0459087 8.3763879 8.2171763 7.9184193 8.3154046 5.7614329 
ON0528191_Temnothorax_86  0.0283880 0.0140566 0.0215825 0.0207854 0.0197213 0.0197234 0.0236489 0.0244690 0.0228091 0.0244528 0.0212441 0.0200342 0.0195811 0.0216682 0.0192708 0.0200847 0.0195347 0.0131390 0.0131390 0.0193290 0.0126275 0.0118780 0.0000000 0.1119138 0.2248127 0.2250141 0.2092864 0.2096594 0.2111872 0.2109975 0.2120491 0.2113773 0.2152679 0.2177974 0.2161726 0.2173635 0.2148340 0.2114164 0.2092673 0.2130668 0.2151146 0.2148785 0.2139515 0.2124040 0.2062474 0.2114338 0.2098290 0.2093971 0.2102044 0.2115888 0.2262076 0.2192082 0.2145235 0.2219926 0.2187108 0.2238444 0.2290828 0.2220505 0.2203713 0.2201708 0.2199079 0.2211347 0.2248437 0.2248806 0.2207848 0.2201575 8.7075376 8.3459073 8.8405396 7.8019827 7.6949736 7.6166612 7.6943050 7.7533685 7.9625491 7.7058690 7.6012181 7.7719678 7.6099268 7.5797118 7.6262268 7.5971803 7.5968828 7.4906347 7.4899764 7.5824478 7.5596831 7.3467606 7.6631447 8.4128334 8.0637679 8.4745645 8.2727284 8.4376710 8.1847173 8.5084016 8.3510141 8.0411821 8.4308858 5.7348028 
PQ6726181_Temnothorax_3   0.1218590 0.1132971 0.1109295 0.1097049 0.1070295 0.1065939 0.1122810 0.1110813 0.1110135 0.1133709 0.1087883 0.1080576 0.1071999 0.1107849 0.1058860 0.1089765 0.1073041 0.1076930 0.1076930 0.1109021 0.1060735 0.1039044 0.1119138 0.0000000 0.2189538 0.2180333 0.1978502 0.1982009 0.1980104 0.1978340 0.1988169 0.1981872 0.2001911 0.2026543 0.1988150 0.2022461 0.1997857 0.1982289 0.1978373 0.1998767 0.1977187 0.2025429 0.2038797 0.2000354 0.1962314 0.1991095 0.1983614 0.1979557 0.1987143 0.1983906 0.2127291 0.2050443 0.2005621 0.2187291 0.2202291 0.2205603 0.2232865 0.2163335 0.2187917 0.2185921 0.2160751 0.2195640 0.2215694 0.2216072 0.2192047 0.2208988 8.2934097 7.9286255 8.3244569 7.6057358 7.4977984 7.4222840 7.4984134 7.5585576 7.6942622 7.5146020 7.4103712 7.5735518 7.4710974 7.3265987 7.4720168 7.4414760 7.4020827 7.2962755 7.2944163 7.3827701 7.3578870 7.2091124 7.4634306 8.0930295 7.6263566 8.3445946 7.8641906 8.0154884 7.7755865 8.0625794 7.9366025 7.6988951 8.0919871 5.3169894 
PQ6726201_Temnothorax_1   0.2380204 0.2371573 0.2297342 0.2278642 0.2323167 0.2397919 0.2373496 0.2391623 0.2472297 0.2387551 0.2315532 0.2318588 0.2334084 0.2363667 0.2394547 0.2315280 0.2423822 0.2205534 0.2230724 0.2278939 0.2237835 0.2226683 0.2248127 0.2189538 0.0000000 0.0000010 0.1316687 0.1318564 0.1327091 0.1326139 0.1331609 0.1328045 0.1324765 0.1355688 0.1329890 0.1353208 0.1334988 0.1328452 0.1316814 0.1342229 0.1319275 0.1351947 0.1363977 0.1317727 0.1324413 0.1350445 0.1319370 0.1317213 0.1321256 0.1329273 0.1410774 0.1347869 0.1312374 0.1229402 0.1233718 0.1238193 0.1284463 0.1235233 0.1221584 0.1220736 0.1219642 0.1205481 0.1222512 0.1236448 0.1223824 0.1231918 7.8868408 7.5375573 8.5256182 7.4620281 7.4898937 7.3268618 7.4010695 7.5497323 7.6582042 7.3771240 7.3168681 7.5643039 7.4164719 7.5686041 7.3683004 7.4274004 7.0780687 7.0139796 7.0996690 7.0907918 7.1553662 6.9540689 7.2604121 8.0573396 7.6513643 8.3249470 7.7847021 7.9171817 7.6986411 8.0728560 7.8538337 7.5809212 7.6742757 5.0905778 
PQ6726191_Temnothorax_2   0.2376876 0.2371573 0.2309262 0.2290447 0.2323167 0.2397919 0.2373496 0.2391623 0.2472297 0.2387551 0.2315532 0.2332818 0.2334084 0.2378251 0.2394547 0.2329473 0.2423822 0.2219043 0.2244366 0.2292974 0.2237835 0.2226683 0.2250141 0.2180333 0.0000010 0.0000000 0.1316687 0.1318564 0.1327091 0.1326139 0.1331609 0.1328045 0.1324765 0.1355688 0.1329890 0.1353208 0.1334988 0.1328452 0.1316814 0.1342229 0.1319275 0.1351947 0.1363977 0.1317727 0.1324413 0.1350445 0.1319370 0.1317213 0.1321256 0.1329273 0.1410774 0.1347869 0.1312374 0.1229402 0.1233718 0.1238193 0.1284463 0.1235233 0.1221584 0.1220736 0.1219642 0.1205481 0.1222512 0.1236448 0.1223824 0.1231918 7.8868408 7.5375573 8.5256182 7.4620281 7.4898937 7.3268618 7.4010695 7.5497323 7.6582042 7.3771240 7.3168681 7.5643039 7.4164719 7.5686041 7.3683004 7.4274004 7.0780687 7.0139796 7.0996690 7.0907918 7.1553662 6.9540689 7.2604121 8.0573396 7.6513643 8.3249470 7.7847021 7.9171817 7.6986411 8.0728560 7.8538337 7.5809212 7.6742757 5.0905778 
OP3229461_Temnothorax_30  0.2344602 0.2309481 0.2131600 0.2109475 0.2127342 0.2140374 0.2186251 0.2207418 0.2202945 0.2171873 0.2092862 0.2125830 0.2125830 0.2150582 0.2125830 0.2125830 0.2145873 0.2133391 0.2119372 0.2183579 0.2134226 0.2134226 0.2092864 0.1978502 0.1316687 0.1316687 0.0000000 0.0000010 0.0000010 0.0000010 0.0000010 0.0000010 0.0000010 0.0008964 0.0000010 0.0008949 0.0000010 0.0000010 0.0000010 0.0008836 0.0000010 0.0009101 0.0026529 0.0000010 0.0044377 0.0027378 0.0035299 0.0035283 0.0035330 0.0035511 0.0109469 0.0028001 0.0000010 0.0229636 0.0237823 0.0230965 0.0258466 0.0238221 0.0228430 0.0228322 0.0228322 0.0237596 0.0240124 0.0240234 0.0228964 0.0230070 8.0413971 7.6699882 8.4437291 7.9005370 7.8715748 7.7084053 7.7892796 7.8103958 8.0732975 7.6828470 7.5755001 7.9527522 7.6688952 7.5510471 7.7614638 7.8285650 7.3776677 7.2700448 7.3439879 7.4757163 7.5468175 7.1870856 7.6525627 8.0807997 7.9763672 8.7519655 8.0670897 8.1328145 7.9818420 8.3587673 8.1397980 7.2795201 7.8965277 5.2949940 
OP2971931_Temnothorax_37  0.2352680 0.2314824 0.2135434 0.2113245 0.2131184 0.2144285 0.2190254 0.2211480 0.2206988 0.2175844 0.2096617 0.2129639 0.2129639 0.2154466 0.2129639 0.2129639 0.2149735 0.2137181 0.2123132 0.2187521 0.2138046 0.2138046 0.2096594 0.1982009 0.1318564 0.1318564 0.0000010 0.0000000 0.0000010 0.0000010 0.0000010 0.0000010 0.0000010 0.0008964 0.0000010 0.0008949 0.0000010 0.0000010 0.0000010 0.0008836 0.0000010 0.0009101 0.0026553 0.0000010 0.0044416 0.0027378 0.0035314 0.0035314 0.0035330 0.0035511 0.0109469 0.0028001 0.0000010 0.0229636 0.0238050 0.0230965 0.0258717 0.0238450 0.0228430 0.0228430 0.0228539 0.0237823 0.0240124 0.0240234 0.0229183 0.0230070 7.9361953 7.5661072 8.3334005 7.9005370 7.8715748 7.7084053 7.7892796 7.8103958 8.0732975 7.6828470 7.5755001 7.9527522 7.6688952 7.5510471 7.7614638 7.8285650 7.3776677 7.2700448 7.3439879 7.4757163 7.5468175 7.1870856 7.6525627 7.9794018 7.9763672 8.7519655 8.0670897 8.1328145 7.9818420 8.3587673 8.1397980 7.2795201 7.8965277 5.2949940 
OP3229441_Temnothorax_31  0.2385145 0.2336261 0.2151068 0.2128659 0.2146858 0.2160223 0.2206481 0.2227909 0.2223348 0.2191967 0.2111998 0.2145182 0.2145182 0.2170271 0.2145182 0.2145182 0.2165462 0.2152634 0.2138486 0.2203507 0.2153617 0.2153617 0.2111872 0.1980104 0.1327091 0.1327091 0.0000010 0.0000010 0.0000000 0.0000010 0.0000010 0.0000010 0.0000010 0.0008964 0.0000010 0.0008949 0.0000010 0.0000010 0.0000010 0.0008836 0.0000010 0.0009101 0.0026688 0.0000010 0.0044644 0.0027378 0.0035494 0.0035494 0.0035510 0.0035527 0.0109469 0.0028001 0.0000010 0.0229636 0.0239195 0.0230965 0.0260098 0.0239713 0.0229636 0.0229636 0.0229746 0.0239080 0.0240124 0.0240234 0.0230181 0.0230718 7.9967244 7.6200266 8.4079645 7.9005370 7.8715748 7.7084053 7.7892796 7.8103958 8.0732975 7.6828470 7.5755001 7.9527522 7.6688952 7.5510471 7.7614638 7.8285650 7.3776677 7.2700448 7.3439879 7.4757163 7.5468175 7.1870856 7.6525627 8.0383795 7.9763672 8.7519655 8.0670897 8.1328145 7.9818420 8.3587673 8.1397980 7.2795201 7.8965277 5.2949940 
OP3229471_Temnothorax_29  0.2380977 0.2333532 0.2149119 0.2126742 0.2144904 0.2158233 0.2204446 0.2225844 0.2221292 0.2189948 0.2110088 0.2143245 0.2143245 0.2168296 0.2143245 0.2143245 0.2163498 0.2150707 0.2136574 0.2201503 0.2151675 0.2151675 0.2109975 0.1978340 0.1326139 0.1326139 0.0000010 0.0000010 0.0000010 0.0000000 0.0000010 0.0000010 0.0000010 0.0008964 0.0000010 0.0008949 0.0000010 0.0000010 0.0000010 0.0008836 0.0000010 0.0009101 0.0026676 0.0000010 0.0044624 0.0027378 0.0035478 0.0035478 0.0035494 0.0035511 0.0109469 0.0028001 0.0000010 0.0229636 0.0239080 0.0230965 0.0259972 0.0239598 0.0229526 0.0229526 0.0229636 0.0238965 0.0240124 0.0240234 0.0230071 0.0230607 7.9375853 7.5626703 8.3449182 7.9005370 7.8715748 7.7084053 7.7892796 7.8103958 8.0732975 7.6828470 7.5755001 7.9527522 7.6688952 7.5510471 7.7614638 7.8285650 7.3776677 7.2700448 7.3439879 7.4757163 7.5468175 7.1870856 7.6525627 7.9812877 7.9763672 8.7519655 8.0670897 8.1328145 7.9818420 8.3587673 8.1397980 7.2795201 7.8965277 5.2949940 
OP3229491_Temnothorax_27  0.2403978 0.2348573 0.2159913 0.2137366 0.2155723 0.2169246 0.2215696 0.2237252 0.2232648 0.2201114 0.2120676 0.2153970 0.2153970 0.2179224 0.2153970 0.2153970 0.2174367 0.2161376 0.2147162 0.2212582 0.2162427 0.2162427 0.2120491 0.1988169 0.1331609 0.1331609 0.0000010 0.0000010 0.0000010 0.0000010 0.0000000 0.0000010 0.0000010 0.0008964 0.0000010 0.0008949 0.0000010 0.0000010 0.0000010 0.0008857 0.0000010 0.0009101 0.0026751 0.0000010 0.0044750 0.0027378 0.0035578 0.0035578 0.0035594 0.0035611 0.0109469 0.0028001 0.0000010 0.0230211 0.0239795 0.0230965 0.0260759 0.0240316 0.0230211 0.0230211 0.0230321 0.0239680 0.0240124 0.0240466 0.0230648 0.0231187 8.0257546 7.6379506 8.4507885 7.9005370 7.8715748 7.7084053 7.7892796 7.8103958 8.0732975 7.6828470 7.5755001 7.9527522 7.6688952 7.5510471 7.7614638 7.8285650 7.3776677 7.2700448 7.3439879 7.4757163 7.5468175 7.1870856 7.6525627 8.1483004 7.9763672 8.7519655 8.0670897 8.1328145 7.9818420 8.3587673 8.1397980 7.2795201 7.8965277 5.2208778 
OP3229431_Temnothorax_32  0.2389331 0.2338998 0.2153022 0.2130581 0.2148816 0.2162217 0.2208521 0.2229980 0.2225409 0.2193991 0.2113912 0.2147123 0.2147123 0.2172251 0.2147123 0.2147123 0.2167431 0.2154566 0.2140401 0.2205516 0.2155564 0.2155564 0.2113773 0.1981872 0.1328045 0.1328045 0.0000010 0.0000010 0.0000010 0.0000010 0.0000010 0.0000000 0.0000010 0.0008964 0.0000010 0.0008949 0.0000010 0.0000010 0.0000010 0.0008840 0.0000010 0.0009101 0.0026700 0.0000010 0.0044664 0.0027378 0.0035510 0.0035510 0.0035525 0.0035542 0.0109469 0.0028001 0.0000010 0.0229746 0.0239309 0.0230965 0.0260225 0.0239828 0.0229746 0.0229746 0.0229856 0.0239195 0.0240124 0.0240350 0.0230181 0.0230718 7.9733386 7.5941455 8.3867047 7.9005370 7.8715748 7.7084053 7.7892796 7.8103958 8.0732975 7.6828470 7.5755001 7.9527522 7.6688952 7.5510471 7.7614638 7.8285650 7.3776677 7.2700448 7.3439879 7.4757163 7.5468175 7.1870856 7.6525627 8.0161595 7.9763672 8.7519655 8.0670897 8.1328145 7.9818420 8.3587673 8.1397980 7.2795201 7.8965277 5.2949940 
OP3229541_Temnothorax_22  0.2412696 0.2393832 0.2161319 0.2138475 0.2157081 0.2170796 0.2217849 0.2239695 0.2235025 0.2203077 0.2121576 0.2155295 0.2155295 0.2180883 0.2155295 0.2155295 0.2175959 0.2193891 0.2179480 0.2246183 0.2195196 0.2195196 0.2152679 0.2001911 0.1324765 0.1324765 0.0000010 0.0000010 0.0000010 0.0000010 0.0000010 0.0000010 0.0000000 0.0008972 0.0000010 0.0000010 0.0000010 0.0000010 0.0000010 0.0008956 0.0000010 0.0009101 0.0027053 0.0000010 0.0036163 0.0027378 0.0026953 0.0026953 0.0026953 0.0026978 0.0100866 0.0028001 0.0000010 0.0223322 0.0232996 0.0223322 0.0254115 0.0233507 0.0223322 0.0223322 0.0223430 0.0232883 0.0232883 0.0243037 0.0223642 0.0224170 7.8146575 7.4051285 8.3092875 7.9005370 7.8715748 7.7084053 7.7892796 7.8103958 8.0732975 7.6828470 7.5755001 7.9527522 7.6688952 7.5510471 7.7614638 7.8285650 7.3776677 7.2700448 7.3439879 7.4757163 7.5468175 7.1870856 7.6525627 7.9460732 7.9763672 8.7519655 8.0670897 8.1328145 7.9818420 8.3587673 8.1397980 7.2795201 7.8965277 4.7925409 
OP3229581_Temnothorax_18  0.2464206 0.2427840 0.2186773 0.2163708 0.2182630 0.2196698 0.2243925 0.2265964 0.2261210 0.2229077 0.2146863 0.2180634 0.2180634 0.2206497 0.2180634 0.2180634 0.2201473 0.2219211 0.2204726 0.2272062 0.2220710 0.2220710 0.2177974 0.2026543 0.1355688 0.1355688 0.0008964 0.0008964 0.0008964 0.0008964 0.0008964 0.0008964 0.0008972 0.0000000 0.0008992 0.0008964 0.0008964 0.0008964 0.0008964 0.0017963 0.0009022 0.0018274 0.0036181 0.0009157 0.0054525 0.0036651 0.0045152 0.0045152 0.0045152 0.0045152 0.0119829 0.0037490 0.0009230 0.0243199 0.0252955 0.0243199 0.0274387 0.0253514 0.0243199 0.0243199 0.0243318 0.0252830 0.0252830 0.0253431 0.0243549 0.0244125 7.7715401 7.3654029 8.2611856 7.8495064 7.8201271 7.6586510 7.7388022 7.7600386 8.0732975 7.6342415 7.5274415 7.9006046 7.6153470 7.4943633 7.7111311 7.7772783 7.3299880 7.2229369 7.2959641 7.4261136 7.4964404 7.1366759 7.6022510 7.9035580 7.9247085 8.7519655 8.0172878 8.0814106 7.9322917 8.3049553 8.0890347 7.2239326 7.8965277 4.7831131 
OP3229531_Temnothorax_23  0.2432033 0.2406565 0.2170439 0.2147474 0.2166227 0.2180094 0.2227299 0.2249255 0.2244546 0.2212472 0.2130562 0.2164362 0.2164362 0.2190097 0.2164362 0.2164362 0.2185128 0.2203023 0.2188559 0.2232299 0.2204401 0.2204401 0.2161726 0.1988150 0.1329890 0.1329890 0.0000010 0.0000010 0.0000010 0.0000010 0.0000010 0.0000010 0.0000010 0.0008992 0.0000000 0.0000010 0.0000010 0.0000010 0.0000010 0.0008984 0.0000010 0.0009110 0.0027140 0.0000010 0.0036280 0.0027404 0.0027039 0.0027039 0.0027039 0.0027064 0.0101196 0.0028028 0.0000010 0.0224061 0.0233769 0.0224061 0.0254966 0.0234283 0.0224061 0.0224061 0.0224061 0.0233655 0.0233655 0.0243846 0.0224383 0.0224915 7.8233123 7.4142579 8.3180833 7.9300877 7.9013827 7.7373257 7.8185683 7.8396091 8.0732975 7.7111185 7.6035361 7.9829321 7.7000765 7.5841797 7.7906983 7.8583154 7.4056804 7.2978508 7.3722435 7.5047503 7.5762381 7.2169832 7.6818548 7.9543355 8.0062568 8.7519655 8.0958900 8.1625288 8.0105263 8.3898519 8.1691384 7.3123744 7.8965277 4.8364398 
OP3229561_Temnothorax_20  0.2454807 0.2421690 0.2182398 0.2159393 0.2178243 0.2192237 0.2239388 0.2261372 0.2256637 0.2224567 0.2142555 0.2176285 0.2176285 0.2202076 0.2176285 0.2176285 0.2197074 0.2214829 0.2200370 0.2267533 0.2216293 0.2216293 0.2173635 0.2022461 0.1353208 0.1353208 0.0008949 0.0008949 0.0008949 0.0008949 0.0008949 0.0008949 0.0000010 0.0008964 0.0000010 0.0000000 0.0000010 0.0008949 0.0008949 0.0017943 0.0000010 0.0009101 0.0036123 0.0000010 0.0054438 0.0027378 0.0045079 0.0045079 0.0045100 0.0045079 0.0119635 0.0028001 0.0000010 0.0242803 0.0252543 0.0242803 0.0273936 0.0253100 0.0242803 0.0242803 0.0242922 0.0252419 0.0252419 0.0253018 0.0243271 0.0243846 7.9230635 7.5114753 8.4119693 7.9005370 7.8715748 7.7084053 7.7892796 7.8103958 8.0732975 7.6828470 7.5755001 7.9527522 7.6688952 7.5510471 7.7614638 7.8285650 7.3776677 7.2700448 7.3439879 7.4757163 7.5468175 7.1870856 7.6525627 8.0510765 7.9763672 8.7519655 8.0670897 8.1328145 7.9818420 8.3587673 8.1397980 7.2795201 7.8965277 4.9856579 
OP3229501_Temnothorax_26  0.2403342 0.2387657 0.2156943 0.2134164 0.2152694 0.2166333 0.2213302 0.2235089 0.2230439 0.2198560 0.2117274 0.2150946 0.2150946 0.2176458 0.2150946 0.2150946 0.2171557 0.2189501 0.2175120 0.2241638 0.2190772 0.2190772 0.2148340 0.1997857 0.1334988 0.1334988 0.0000010 0.0000010 0.0000010 0.0000010 0.0000010 0.0000010 0.0000010 0.0008964 0.0000010 0.0000010 0.0000000 0.0000010 0.0000010 0.0008935 0.0000010 0.0009101 0.0026990 0.0000010 0.0045194 0.0027378 0.0035928 0.0035928 0.0035945 0.0035928 0.0110007 0.0028001 0.0000010 0.0232550 0.0242235 0.0232550 0.0263438 0.0242766 0.0232550 0.0232550 0.0232663 0.0242117 0.0242117 0.0242689 0.0232996 0.0233546 7.8473648 7.4389861 8.3299829 7.9005370 7.8715748 7.7084053 7.7892796 7.8103958 8.0732975 7.6828470 7.5755001 7.9527522 7.6688952 7.5510471 7.7614638 7.8285650 7.3776677 7.2700448 7.3439879 7.4757163 7.5468175 7.1870856 7.6525627 7.9772426 7.9763672 8.7519655 8.0670897 8.1328145 7.9818420 8.3587673 8.1397980 7.2795201 7.8965277 4.8804882 
OP3229481_Temnothorax_28  0.2389961 0.2339436 0.2153407 0.2130969 0.2149203 0.2162606 0.2208900 0.2230355 0.2225784 0.2194373 0.2114305 0.2147508 0.2147508 0.2172633 0.2147508 0.2147508 0.2167813 0.2154945 0.2140784 0.2205890 0.2155946 0.2155946 0.2114164 0.1982289 0.1328452 0.1328452 0.0000010 0.0000010 0.0000010 0.0000010 0.0000010 0.0000010 0.0000010 0.0008964 0.0000010 0.0008949 0.0000010 0.0000000 0.0000010 0.0008836 0.0000010 0.0009101 0.0026688 0.0000010 0.0044685 0.0027378 0.0035527 0.0035527 0.0035542 0.0035527 0.0109572 0.0028001 0.0000010 0.0229850 0.0239418 0.0231182 0.0260343 0.0239937 0.0229850 0.0229850 0.0229961 0.0239303 0.0240350 0.0240234 0.0230397 0.0230934 8.0245023 7.6470249 8.4375894 7.9005370 7.8715748 7.7084053 7.7892796 7.8103958 8.0732975 7.6828470 7.5755001 7.9527522 7.6688952 7.5510471 7.7614638 7.8285650 7.3776677 7.2700448 7.3439879 7.4757163 7.5468175 7.1870856 7.6525627 8.0651790 7.9763672 8.7519655 8.0670897 8.1328145 7.9818420 8.3587673 8.1397980 7.2795201 7.8965277 5.3404677 
