100
PQ6726201_Temnothorax_1   0.0000000 0.0000010 0.2226948 0.2421859 0.2355538 0.2317778 0.2336974 4.7663037 0.1333136 0.1334665 0.1428255 0.1340058 0.1336677 0.1334801 0.1366468 0.1332626 0.1344912 0.1371952 0.1327664 0.1369373 0.1368056 0.1340393 0.1345645 0.1364024 0.1380467 0.1350824 0.1347243 0.1344072 0.1341731 0.1332110 0.1342678 0.1343627 0.1358147 0.1332245 3.7049628 3.5456306 0.1333976 0.1251740 0.1233999 0.1299053 0.1248819 0.1232885 0.1234840 0.1242805 0.1250008 0.1218469 0.1235769 0.1247185 0.1245352 0.1237111 4.1019585 3.9176310 3.7828410 3.8986781 3.7559037 4.0343556 3.9286735 3.7438907 3.8888207 3.6949281 3.8423723 3.8851493 4.2480441 3.8943964 3.9792599 3.9781604 3.8910091 4.1815962 3.8236262 3.8420992 3.9808370 3.7665467 4.5518744 3.7419236 3.7992925 3.8270734 3.9298075 3.9092384 3.9815423 3.9704415 4.1345908 0.2412898 0.2242632 0.2268559 0.2318010 0.2286129 0.2275701 0.2264334 0.2467700 0.2437252 0.2404957 0.2440948 0.2415200 0.2429709 0.2433800 0.2517266 0.2358808 0.2363767 0.2374993 0.2355930 
PQ6726191_Temnothorax_2   0.0000010 0.0000000 0.2217550 0.2418430 0.2370289 0.2330061 0.2349376 4.7663037 0.1333136 0.1334665 0.1428255 0.1340058 0.1336677 0.1334801 0.1366468 0.1332626 0.1344912 0.1371952 0.1327664 0.1369373 0.1368056 0.1340393 0.1345645 0.1364024 0.1380467 0.1350824 0.1347243 0.1344072 0.1341731 0.1332110 0.1342678 0.1343627 0.1358147 0.1332245 3.7049628 3.5456306 0.1333976 0.1251740 0.1233999 0.1299053 0.1248819 0.1232885 0.1234840 0.1242805 0.1250008 0.1218469 0.1235769 0.1247185 0.1245352 0.1237111 4.1019585 3.9176310 3.7828410 3.8986781 3.7559037 4.0343556 3.9286735 3.7438907 3.8888207 3.6949281 3.8423723 3.8851493 4.2480441 3.8943964 3.9792599 3.9781604 3.8910091 4.1815962 3.8236262 3.8420992 3.9808370 3.7665467 4.5518744 3.7419236 3.7992925 3.8270734 3.9298075 3.9092384 3.9815423 3.9704415 4.1345908 0.2412898 0.2256663 0.2282730 0.2332591 0.2288359 0.2275701 0.2264334 0.2467700 0.2437252 0.2420113 0.2440948 0.2415200 0.2429709 0.2433800 0.2517266 0.2373595 0.2363767 0.2374993 0.2355930 
PQ6726181_Temnothorax_3   0.2226948 0.2217550 0.0000000 0.1231179 0.1100256 0.1107678 0.1120163 5.0915390 0.2033460 0.2009705 0.2164060 0.1994571 0.2019905 0.2016367 0.2023892 0.2012244 0.2016632 0.2060512 0.2038966 0.2056214 0.2059281 0.2035228 0.2021154 0.2084898 0.2073267 0.2031102 0.2020997 0.2015045 0.2011026 0.2011275 0.2012795 0.2014567 0.2032010 0.2011149 4.0372396 3.8059773 0.2014792 0.2244355 0.2224264 0.2272487 0.2201176 0.2198409 0.2226269 0.2225571 0.2255201 0.2234287 0.2254757 0.2241033 0.2247887 0.2230483 4.2197367 3.5584886 3.4034319 3.4301932 3.4237426 3.8580020 3.7916097 3.3631680 3.5782955 3.3393335 3.3897078 3.7492519 4.0582258 3.6616582 3.6687456 3.5524661 3.4190971 4.3667713 3.3732761 3.7073792 3.6465580 3.2972783 4.3466965 3.3138597 3.3362321 3.4919247 3.3565533 3.7702750 4.0756859 3.5343577 3.8191247 0.1144085 0.1087171 0.1087171 0.1119788 0.1130126 0.1070690 0.1048606 0.1083357 0.1068809 0.1118608 0.1076115 0.1133856 0.1144956 0.1121644 0.1121087 0.1090848 0.1080459 0.1082173 0.1098350 
PQ6726171_Temnothorax_4   0.2421859 0.2418430 0.1231179 0.0000000 0.0034062 0.0011057 0.0000010 5.4776149 0.2444475 0.2457199 0.2745490 0.2288490 0.2367369 0.2359357 0.2344949 0.2350032 0.2397049 0.2510405 0.2492572 0.2500454 0.2458458 0.2457453 0.2477445 0.2599087 0.2482639 0.2447913 0.2448200 0.2433972 0.2424812 0.2387477 0.2429004 0.2433213 0.2433972 0.2386830 4.4233530 4.2164575 0.2395599 0.2609781 0.2528427 0.2665949 0.2523225 0.2522510 0.2532826 0.2568475 0.2628987 0.2545821 0.2628299 0.2495658 0.2531364 0.2541543 4.4353474 4.0491616 4.0491616 4.1674121 4.1891086 4.7513514 4.5715866 4.0150908 4.1891086 4.0150908 4.0730337 4.4838777 4.9084109 4.1866341 4.2086199 4.1674121 4.1674121 4.8868110 3.9929387 4.3977548 4.2256015 4.0113562 4.4243071 3.9770995 4.1674121 4.0150908 4.4197914 4.5715866 4.8103495 4.0113562 4.6539693 0.0162142 0.0174600 0.0174600 0.0276070 0.0284495 0.0199897 0.0188155 0.0036160 0.0011697 0.0022702 0.0011813 0.0000010 0.0000010 0.0000010 0.0011842 0.0011280 0.0011307 0.0011280 0.0000010 
PQ6726161_Temnothorax_5   0.2355538 0.2370289 0.1100256 0.0034062 0.0000000 0.0036075 0.0028856 5.4776149 0.2162933 0.2190833 0.2337944 0.2130857 0.2171656 0.2167809 0.2152865 0.2163320 0.2186214 0.2218587 0.2184848 0.2213997 0.2188472 0.2192555 0.2201919 0.2232988 0.2210717 0.2188123 0.2191052 0.2184501 0.2180158 0.2162298 0.2182103 0.2184052 0.2201590 0.2162089 4.0452508 3.8461632 0.2166123 0.2362784 0.2323570 0.2416477 0.2343099 0.2320732 0.2325682 0.2343016 0.2373387 0.2333345 0.2372966 0.2308411 0.2323827 0.2330030 4.1476887 3.8056900 3.6658792 3.6811470 3.6859429 3.8102687 3.7460752 3.6203539 3.8252396 3.5955055 3.6524693 3.7044311 4.1736071 3.7505528 3.7584967 3.8044543 3.6874846 4.2457944 3.6346320 3.6632617 3.8997019 3.5690726 4.3607160 3.5711502 3.6140613 3.7331585 3.7432778 3.7242926 4.1380463 3.7828014 4.1481120 0.0132477 0.0139805 0.0139805 0.0194675 0.0201189 0.0157385 0.0142054 0.0007536 0.0007428 0.0028951 0.0007606 0.0051602 0.0059087 0.0059122 0.0037923 0.0014377 0.0007308 0.0014557 0.0029332 
PQ6726151_Temnothorax_6   0.2317778 0.2330061 0.1107678 0.0011057 0.0036075 0.0000000 0.0021322 5.4776149 0.2162933 0.2173384 0.2320271 0.2114056 0.2154698 0.2150890 0.2135296 0.2146448 0.2169144 0.2201127 0.2184848 0.2196575 0.2170827 0.2175207 0.2184499 0.2232988 0.2193669 0.2170815 0.2173927 0.2167444 0.2163138 0.2145432 0.2165063 0.2166993 0.2184501 0.2145233 4.0452508 3.8461632 0.2149218 0.2345213 0.2306320 0.2398920 0.2325809 0.2303510 0.2308411 0.2325607 0.2355843 0.2316129 0.2355420 0.2291171 0.2306468 0.2312732 4.1476887 3.8056900 3.6658792 3.6811470 3.6859429 3.8102687 3.7460752 3.6203539 3.8252396 3.5955055 3.6524693 3.7044311 4.1736071 3.7505528 3.7584967 3.8044543 3.6874846 4.2457944 3.6346320 3.6632617 3.8997019 3.5690726 4.3607160 3.5711502 3.6140613 3.7331585 3.7432778 3.7242926 4.1380463 3.7828014 4.1481120 0.0131880 0.0147383 0.0147383 0.0210335 0.0208219 0.0165131 0.0157520 0.0037910 0.0022342 0.0036178 0.0022853 0.0044096 0.0036710 0.0051564 0.0053181 0.0021559 0.0021980 0.0021829 0.0007292 
PQ6726141_Temnothorax_7   0.2336974 0.2349376 0.1120163 0.0000010 0.0028856 0.0021322 0.0000000 5.4776149 0.2186809 0.2196972 0.2344594 0.2120320 0.2161147 0.2157312 0.2141916 0.2152838 0.2175680 0.2224811 0.2209023 0.2220195 0.2194673 0.2198663 0.2208082 0.2257756 0.2216772 0.2194206 0.2197078 0.2190484 0.2186115 0.2168151 0.2188073 0.2190035 0.2207633 0.2167938 4.0452508 3.8461632 0.2172000 0.2369467 0.2330020 0.2423306 0.2349619 0.2327163 0.2332146 0.2349581 0.2380089 0.2339810 0.2379669 0.2314815 0.2330318 0.2336516 4.1476887 3.8056900 3.6658792 3.6811470 3.6859429 3.8102687 3.7460752 3.6203539 3.8252396 3.5955055 3.6524693 3.7044311 4.1736071 3.7505528 3.7584967 3.8044543 3.6874846 4.2457944 3.6346320 3.6632617 3.8997019 3.5690726 4.3607160 3.5711502 3.6140613 3.7331585 3.7432778 3.7242926 4.1380463 3.7828014 4.1481120 0.0150258 0.0155158 0.0155158 0.0218434 0.0216227 0.0173099 0.0165462 0.0030323 0.0014892 0.0028937 0.0015233 0.0036741 0.0044165 0.0044191 0.0045577 0.0014370 0.0014651 0.0014550 0.0014619 
OX3951501_Temnothorax_8   4.7663037 4.7663037 5.0915390 5.4776149 5.4776149 5.4776149 5.4776149 0.0000000 4.7132224 4.7648099 4.6836825 5.3641536 5.3000464 5.4143693 4.4881787 5.4143693 5.4802836 4.9899130 4.4771790 5.2305005 4.6575505 4.9467408 5.0111377 4.7059225 5.2385888 5.0766014 5.5107978 5.6282986 5.5590077 5.5590077 5.5590077 5.5590077 5.6282986 5.6282986 0.2500164 0.2394151 5.5590077 5.0591760 5.4143693 5.7405208 5.3971994 5.3000464 5.4143693 5.4143693 5.7041197 5.4143693 5.2533743 5.4143693 5.3131317 5.1713833 0.1829898 0.2101216 0.2101216 0.2141091 0.2128394 0.2600894 0.2505002 0.2173298 0.2128394 0.2173298 0.2164655 0.2402035 0.2022427 0.2458435 0.2513100 0.2141091 0.2141091 0.2445099 0.2146453 0.2301582 0.2057849 0.2074717 0.2548426 0.2148183 0.2141091 0.2173298 0.2419538 0.2505002 0.2886305 0.2074717 0.2595395 5.4776149 5.5614410 5.4776149 5.7832504 5.3958940 5.4776149 5.4776149 5.4776149 5.4776149 5.4776149 5.4776149 5.4776149 5.4776149 5.4776149 5.4776149 5.4776149 5.4776149 5.4776149 5.4776149 
OP3229671_Temnothorax_9   0.1333136 0.1333136 0.2033460 0.2444475 0.2162933 0.2162933 0.2186809 4.7132224 0.0000000 0.0000010 0.0093503 0.0036908 0.0027551 0.0027551 0.0027551 0.0027551 0.0027551 0.0009161 0.0000010 0.0000010 0.0009157 0.0000010 0.0000010 0.0028026 0.0009144 0.0000010 0.0000010 0.0000010 0.0000010 0.0000010 0.0000010 0.0000010 0.0009144 0.0000010 3.9523414 3.6820938 0.0000010 0.0228859 0.0228859 0.0260593 0.0239352 0.0228859 0.0228859 0.0228859 0.0248761 0.0238678 0.0238678 0.0238793 0.0229305 0.0229082 3.8617142 3.6350685 3.5663516 3.6066500 3.5498681 3.9688371 3.9066040 3.4871786 3.6179314 3.4629563 3.6205858 3.8630537 3.9401905 3.7102946 3.7889217 3.6234032 3.5785690 4.5062491 3.6029720 3.8199880 3.7246021 3.4975248 4.2183453 3.4673816 3.5015923 3.5310494 3.5292874 3.8867606 4.2356516 3.6417678 4.0710555 0.2405344 0.2203770 0.2188688 0.2194850 0.2160115 0.2204521 0.2204521 0.2184416 0.2162933 0.2189548 0.2178613 0.2245589 0.2230112 0.2268429 0.2245589 0.2162933 0.2164511 0.2162933 0.2145202 
OP3229661_Temnothorax_10  0.1334665 0.1334665 0.2009705 0.2457199 0.2190833 0.2173384 0.2196972 4.7648099 0.0000010 0.0000000 0.0101639 0.0036394 0.0027144 0.0027144 0.0027397 0.0027144 0.0027144 0.0009026 0.0000010 0.0000010 0.0009106 0.0000010 0.0000010 0.0028026 0.0027223 0.0000010 0.0000010 0.0000010 0.0000010 0.0000010 0.0000010 0.0000010 0.0009009 0.0000010 4.0370937 3.7663026 0.0000010 0.0225362 0.0225362 0.0256567 0.0235681 0.0225362 0.0225362 0.0225362 0.0245067 0.0235029 0.0235029 0.0235140 0.0226013 0.0225579 3.9188631 3.6350685 3.5663516 3.6066500 3.5498681 3.9688371 3.9066040 3.4871786 3.6179314 3.4629563 3.6205858 3.8630537 3.9401905 3.7102946 3.7889217 3.6234032 3.5785690 4.5062491 3.6029720 3.8199880 3.7246021 3.4975248 4.2183453 3.4673816 3.5015923 3.5310494 3.5292874 3.8867606 4.2356516 3.6417678 4.1032764 0.2437116 0.2230922 0.2216030 0.2260906 0.2188016 0.2231856 0.2231856 0.2212114 0.2190833 0.2217261 0.2206840 0.2255055 0.2239795 0.2277603 0.2272881 0.2190833 0.2192611 0.2190833 0.2155959 
OP3229651_Temnothorax_11  0.1428255 0.1428255 0.2164060 0.2745490 0.2337944 0.2320271 0.2344594 4.6836825 0.0093503 0.0101639 0.0000000 0.0100897 0.0091165 0.0091125 0.0093221 0.0091125 0.0091211 0.0120045 0.0084441 0.0119848 0.0112361 0.0101026 0.0101359 0.0114357 0.0119587 0.0110191 0.0109648 0.0109752 0.0109648 0.0109648 0.0109648 0.0109648 0.0119152 0.0109752 4.3461434 4.0580784 0.0109648 0.0313076 0.0313076 0.0345681 0.0323851 0.0313229 0.0313076 0.0313076 0.0314134 0.0322935 0.0322935 0.0323093 0.0314437 0.0313530 4.0766339 3.6192230 3.5504277 3.5887394 3.4772342 3.9515927 3.8898491 3.4716177 3.5451463 3.4474088 3.6043971 3.8463995 3.8605826 3.7177133 3.7967604 3.6073031 3.5623774 4.5198998 3.5868303 3.8034378 3.6493356 3.4807182 4.2291609 3.4516336 3.4846581 3.5155677 3.5365215 3.8697508 4.2465226 3.6257152 4.2475799 0.2585116 0.2344525 0.2329558 0.2399999 0.2302214 0.2346267 0.2346267 0.2359732 0.2337944 0.2365348 0.2356859 0.2404867 0.2389517 0.2427989 0.2422912 0.2337944 0.2340901 0.2337944 0.2303574 
OP3229641_Temnothorax_12  0.1340058 0.1340058 0.1994571 0.2288490 0.2130857 0.2114056 0.2120320 5.3641536 0.0036908 0.0036394 0.0100897 0.0000000 0.0008819 0.0008812 0.0009113 0.0008803 0.0008864 0.0054588 0.0037209 0.0054499 0.0046048 0.0036197 0.0036315 0.0066129 0.0062540 0.0045239 0.0044793 0.0044729 0.0044668 0.0044422 0.0044688 0.0044707 0.0053788 0.0044438 4.3617187 4.0947444 0.0044460 0.0262080 0.0259051 0.0300103 0.0269053 0.0258892 0.0259172 0.0260556 0.0281446 0.0268317 0.0271366 0.0268734 0.0260805 0.0259624 4.1712037 3.5982540 3.5297576 3.5652631 3.5137992 3.9264722 3.8658839 3.4518517 3.5816452 3.4277909 3.5830661 3.8228823 3.8996939 3.6720679 3.7493489 3.5860707 3.5412922 4.4496440 3.5656659 3.7803591 3.6868352 3.4593281 4.1696971 3.4317414 3.4630837 3.4956604 3.4902859 3.8455685 4.1869901 3.6044351 4.3914442 0.2310259 0.2138989 0.2124626 0.2190003 0.2096973 0.2139258 0.2139258 0.2151253 0.2130857 0.2156051 0.2145202 0.2191920 0.2177193 0.2213494 0.2209074 0.2130857 0.2132118 0.2130857 0.2096908 
OP3229631_Temnothorax_13  0.1336677 0.1336677 0.2019905 0.2367369 0.2171656 0.2154698 0.2161147 5.3000464 0.0027551 0.0027144 0.0091165 0.0008819 0.0000000 0.0000010 0.0000010 0.0000010 0.0000010 0.0045195 0.0027775 0.0045141 0.0036666 0.0026973 0.0027060 0.0056409 0.0062483 0.0035974 0.0035620 0.0035570 0.0035522 0.0035358 0.0035537 0.0035553 0.0044556 0.0035390 4.2611986 4.0009276 0.0035358 0.0251168 0.0248399 0.0279230 0.0258596 0.0248515 0.0248399 0.0249718 0.0270394 0.0257892 0.0260402 0.0258133 0.0250073 0.0249098 4.0789111 3.5982540 3.5297576 3.5652631 3.5137992 3.9264722 3.8658839 3.4518517 3.5816452 3.4277909 3.5830661 3.8228823 3.8996939 3.6720679 3.7493489 3.5860707 3.5412922 4.4496440 3.5656659 3.7803591 3.6868352 3.4593281 4.1696971 3.4317414 3.4630837 3.4956604 3.4902859 3.8455685 4.1869901 3.6044351 4.3575325 0.2363747 0.2179482 0.2165013 0.2231322 0.2137440 0.2180034 0.2180034 0.2192308 0.2171656 0.2197258 0.2186865 0.2233806 0.2218969 0.2255666 0.2251122 0.2171656 0.2173239 0.2171656 0.2137647 
OP3229621_Temnothorax_14  0.1334801 0.1334801 0.2016367 0.2359357 0.2167809 0.2150890 0.2157312 5.4143693 0.0027551 0.0027144 0.0091125 0.0008812 0.0000010 0.0000000 0.0000010 0.0000010 0.0000010 0.0045195 0.0027775 0.0045122 0.0036666 0.0026973 0.0027060 0.0056409 0.0062430 0.0035958 0.0035605 0.0035555 0.0035507 0.0035328 0.0035522 0.0035537 0.0044537 0.0035360 4.3409999 4.0758187 0.0035343 0.0251050 0.0248169 0.0278966 0.0258354 0.0248284 0.0248284 0.0249601 0.0270266 0.0257652 0.0260279 0.0257892 0.0250073 0.0248982 4.1524780 3.5982540 3.5297576 3.5652631 3.5137992 3.9264722 3.8658839 3.4518517 3.5816452 3.4277909 3.5830661 3.8228823 3.8996939 3.6720679 3.7493489 3.5860707 3.5412922 4.4496440 3.5656659 3.7803591 3.6868352 3.4593281 4.1696971 3.4317414 3.4630837 3.4956604 3.4902859 3.8455685 4.1869901 3.6044351 4.3702469 0.2358336 0.2175652 0.2161214 0.2227338 0.2133673 0.2176177 0.2176177 0.2188406 0.2167809 0.2193334 0.2182913 0.2229764 0.2214959 0.2251563 0.2247038 0.2167809 0.2169359 0.2167809 0.2133855 
OP3229611_Temnothorax_15  0.1366468 0.1366468 0.2023892 0.2344949 0.2152865 0.2135296 0.2141916 4.4881787 0.0027551 0.0027397 0.0093221 0.0009113 0.0000010 0.0000010 0.0000000 0.0000010 0.0000010 0.0036682 0.0027775 0.0027397 0.0036666 0.0027397 0.0027423 0.0056409 0.0036608 0.0027397 0.0027397 0.0027397 0.0027397 0.0027397 0.0027397 0.0027397 0.0036608 0.0027397 3.8907990 3.6279529 0.0027397 0.0257569 0.0257569 0.0289667 0.0268182 0.0257569 0.0257569 0.0257569 0.0277705 0.0267424 0.0267424 0.0267554 0.0258071 0.0257820 3.7814131 3.5982540 3.5297576 3.5652631 3.5137992 3.9264722 3.8658839 3.4518517 3.5816452 3.4277909 3.5830661 3.8228823 3.8996939 3.6720679 3.7493489 3.5860707 3.5412922 4.4496440 3.5656659 3.7803591 3.6868352 3.4593281 4.1696971 3.4317414 3.4630837 3.4956604 3.4902859 3.8455685 4.1869901 3.6044351 3.9518705 0.2391124 0.2193620 0.2178600 0.2199774 0.2150071 0.2194295 0.2194295 0.2174233 0.2152865 0.2179314 0.2168286 0.2217051 0.2201656 0.2239685 0.2235005 0.2152865 0.2154358 0.2152865 0.2117501 
OP3229601_Temnothorax_16  0.1332626 0.1332626 0.2012244 0.2350032 0.2163320 0.2146448 0.2152838 5.4143693 0.0027551 0.0027144 0.0091125 0.0008803 0.0000010 0.0000010 0.0000010 0.0000000 0.0000010 0.0045195 0.0027775 0.0045122 0.0036666 0.0026973 0.0027060 0.0056409 0.0062368 0.0035958 0.0035605 0.0035555 0.0035507 0.0035313 0.0035522 0.0035537 0.0044537 0.0035326 4.3813529 4.1136741 0.0035343 0.0251050 0.0248169 0.0288802 0.0258076 0.0248018 0.0248284 0.0249601 0.0270266 0.0257376 0.0260279 0.0257772 0.0250073 0.0248714 4.1896387 3.5982540 3.5297576 3.5652631 3.5137992 3.9264722 3.8658839 3.4518517 3.5816452 3.4277909 3.5830661 3.8228823 3.8996939 3.6720679 3.7493489 3.5860707 3.5412922 4.4496440 3.5656659 3.7803591 3.6868352 3.4593281 4.1696971 3.4317414 3.4630837 3.4956604 3.4902859 3.8455685 4.1869901 3.6044351 4.4114065 0.2352021 0.2171183 0.2156781 0.2222687 0.2129280 0.2171675 0.2171675 0.2183852 0.2163320 0.2188755 0.2178302 0.2225044 0.2210278 0.2246773 0.2242270 0.2163320 0.2164831 0.2163320 0.2129431 
OP3229591_Temnothorax_17  0.1344912 0.1344912 0.2016632 0.2397049 0.2186214 0.2169144 0.2175680 5.4802836 0.0027551 0.0027144 0.0091211 0.0008864 0.0000010 0.0000010 0.0000010 0.0000010 0.0000000 0.0045195 0.0027775 0.0045122 0.0036666 0.0026998 0.0027085 0.0056409 0.0062750 0.0035958 0.0035638 0.0035555 0.0035540 0.0035540 0.0035555 0.0035570 0.0044537 0.0035540 4.2890350 4.0247661 0.0035540 0.0251288 0.0249720 0.0280730 0.0259975 0.0249836 0.0249720 0.0249836 0.0270266 0.0259264 0.0260526 0.0259386 0.0250900 0.0250306 4.1030106 3.5982540 3.5297576 3.5652631 3.5137992 3.9264722 3.8658839 3.4518517 3.5816452 3.4277909 3.5830661 3.8228823 3.8996939 3.6720679 3.7493489 3.5860707 3.5412922 4.4496440 3.5656659 3.7803591 3.6868352 3.4593281 4.1696971 3.4317414 3.4630837 3.4956604 3.4902859 3.8455685 4.1869901 3.6044351 4.3447224 0.2383706 0.2193956 0.2179400 0.2246265 0.2151765 0.2194612 0.2194612 0.2207026 0.2186214 0.2212048 0.2201786 0.2248964 0.2234038 0.2271000 0.2266396 0.2186214 0.2187919 0.2186214 0.2152070 
OP3229581_Temnothorax_18  0.1371952 0.1371952 0.2060512 0.2510405 0.2218587 0.2201127 0.2224811 4.9899130 0.0009161 0.0009026 0.0120045 0.0054588 0.0045195 0.0045195 0.0036682 0.0045195 0.0045195 0.0000000 0.0009236 0.0008969 0.0018286 0.0008978 0.0008998 0.0037529 0.0036217 0.0008969 0.0008969 0.0008969 0.0008969 0.0008969 0.0008969 0.0008969 0.0017975 0.0008969 4.1243006 3.8503766 0.0008969 0.0243849 0.0243849 0.0275234 0.0254228 0.0243964 0.0243849 0.0243849 0.0254128 0.0253523 0.0253523 0.0253643 0.0244785 0.0244198 4.0014222 3.6220679 3.5532755 3.5919493 3.5369446 3.9288805 3.8679982 3.4743871 3.6050807 3.4501715 3.6073012 3.8248275 3.9266420 3.6969681 3.7753131 3.6101918 3.5652750 4.4893206 3.5897230 3.7821408 3.7114698 3.4837110 4.2183453 3.4544327 3.4876743 3.5183306 3.5152563 3.8476391 4.2202575 3.6285983 4.1928982 0.2472396 0.2258420 0.2243537 0.2312636 0.2215738 0.2259548 0.2259548 0.2239926 0.2218587 0.2245151 0.2235110 0.2283201 0.2267952 0.2305815 0.2301035 0.2218587 0.2220582 0.2218587 0.2183869 
OP3229571_Temnothorax_19  0.1327664 0.1327664 0.2038966 0.2492572 0.2184848 0.2184848 0.2209023 4.4771790 0.0000010 0.0000010 0.0084441 0.0037209 0.0027775 0.0027775 0.0027775 0.0027775 0.0027775 0.0009236 0.0000000 0.0000010 0.0009231 0.0000010 0.0000010 0.0018684 0.0009217 0.0000010 0.0000010 0.0000010 0.0000010 0.0000010 0.0000010 0.0000010 0.0009217 0.0000010 3.9933646 3.7170513 0.0000010 0.0230765 0.0230765 0.0262786 0.0241352 0.0230765 0.0230765 0.0230765 0.0250837 0.0240667 0.0240667 0.0240784 0.0230991 0.0230765 3.8362366 3.7280821 3.6586222 3.7115425 3.5512394 4.0085253 3.9444246 3.5759482 3.6200943 3.5512394 3.7153977 3.9001464 3.8823841 3.8071515 3.8894843 3.7177360 3.6726479 4.5626862 3.6971956 3.8563628 3.7280821 3.5937580 4.2183453 3.5569030 3.5986534 3.6200943 3.5841139 3.9249305 4.3052110 3.7361446 3.9466326 0.2436257 0.2225850 0.2210638 0.2216924 0.2181979 0.2226767 0.2226767 0.2206576 0.2184848 0.2211819 0.2201093 0.2268601 0.2252989 0.2291712 0.2268601 0.2184848 0.2186617 0.2184848 0.2167090 
OP3229561_Temnothorax_20  0.1369373 0.1369373 0.2056214 0.2500454 0.2213997 0.2196575 0.2220195 5.2305005 0.0000010 0.0000010 0.0119848 0.0054499 0.0045141 0.0045122 0.0027397 0.0045122 0.0045122 0.0008969 0.0000010 0.0000000 0.0009106 0.0000010 0.0000010 0.0028026 0.0036158 0.0000010 0.0008954 0.0008954 0.0008954 0.0008954 0.0008954 0.0008954 0.0017956 0.0008954 4.2116802 3.9327825 0.0008954 0.0243446 0.0243446 0.0274775 0.0253806 0.0243561 0.0243446 0.0243446 0.0253707 0.0253104 0.0253104 0.0253224 0.0244495 0.0243909 4.0832755 3.6350685 3.5663516 3.6066500 3.5498681 3.9688371 3.9066040 3.4871786 3.6179314 3.4629563 3.6205858 3.8630537 3.9401905 3.7102946 3.7889217 3.6234032 3.5785690 4.5062491 3.6029720 3.8199880 3.7246021 3.4975248 4.2183453 3.4673816 3.5015923 3.5310494 3.5292874 3.8867606 4.2356516 3.6417678 4.2891558 0.2465889 0.2253792 0.2238937 0.2307849 0.2211160 0.2254885 0.2254885 0.2235283 0.2213997 0.2240484 0.2230401 0.2278411 0.2263193 0.2300967 0.2296206 0.2213997 0.2215953 0.2213997 0.2179325 
OP3229551_Temnothorax_21  0.1368056 0.1368056 0.2059281 0.2458458 0.2188472 0.2170827 0.2194673 4.6575505 0.0009157 0.0009106 0.0112361 0.0046048 0.0036666 0.0036666 0.0036666 0.0036666 0.0036666 0.0018286 0.0009231 0.0009106 0.0000000 0.0009106 0.0009115 0.0037512 0.0018251 0.0009106 0.0009106 0.0009106 0.0009106 0.0009106 0.0009106 0.0009106 0.0018251 0.0009106 3.9916953 3.7207731 0.0009106 0.0237931 0.0237931 0.0269716 0.0248441 0.0237931 0.0237931 0.0237931 0.0257949 0.0247742 0.0247742 0.0247861 0.0238394 0.0238162 3.8751376 3.6883968 3.6195448 3.6668158 3.6023303 4.0292539 3.9648355 3.5387082 3.6705289 3.5143095 3.6749924 3.9206261 3.9979841 3.7654803 3.8458526 3.6775267 3.6327376 4.5848400 3.6571178 3.8769048 3.7790801 3.5532791 4.2183453 3.5194268 3.5577999 3.5825539 3.5861443 3.9457402 4.3041559 3.6958394 4.0569945 0.2437654 0.2229032 0.2213972 0.2235316 0.2185626 0.2229963 0.2229963 0.2209989 0.2188472 0.2215189 0.2204619 0.2253395 0.2237960 0.2276198 0.2271425 0.2188472 0.2190252 0.2188472 0.2153188 
OP3229541_Temnothorax_22  0.1340393 0.1340393 0.2035228 0.2457453 0.2192555 0.2175207 0.2198663 4.9467408 0.0000010 0.0000010 0.0101026 0.0036197 0.0026973 0.0026973 0.0027397 0.0026973 0.0026998 0.0008978 0.0000010 0.0000010 0.0009106 0.0000000 0.0000010 0.0028026 0.0027076 0.0000010 0.0000010 0.0000010 0.0000010 0.0000010 0.0000010 0.0000010 0.0008960 0.0000010 4.1119622 3.8395855 0.0000010 0.0223872 0.0223872 0.0254846 0.0234115 0.0223976 0.0223872 0.0223872 0.0243670 0.0233471 0.0233471 0.0233581 0.0224728 0.0224190 3.9902435 3.6350685 3.5663516 3.6066500 3.5498681 3.9688371 3.9066040 3.4871786 3.6179314 3.4629563 3.6205858 3.8630537 3.9401905 3.7102946 3.7889217 3.6234032 3.5785690 4.5062491 3.6029720 3.8199880 3.7246021 3.4975248 4.2183453 3.4673816 3.5015923 3.5310494 3.5292874 3.8867606 4.2356516 3.6417678 4.1799127 0.2437440 0.2232396 0.2217590 0.2286037 0.2189753 0.2233334 0.2233334 0.2213715 0.2192555 0.2218836 0.2208498 0.2256419 0.2241250 0.2278834 0.2274138 0.2192555 0.2194336 0.2192555 0.2157895 
OP3229531_Temnothorax_23  0.1345645 0.1345645 0.2021154 0.2477445 0.2201919 0.2184499 0.2208082 5.0111377 0.0000010 0.0000010 0.0101359 0.0036315 0.0027060 0.0027060 0.0027423 0.0027060 0.0027085 0.0008998 0.0000010 0.0000010 0.0009115 0.0000010 0.0000000 0.0028053 0.0027164 0.0000010 0.0000010 0.0000010 0.0000010 0.0000010 0.0000010 0.0000010 0.0008989 0.0000010 4.1292039 3.8540317 0.0000010 0.0224617 0.0224617 0.0255704 0.0234898 0.0224617 0.0224617 0.0224617 0.0244485 0.0234250 0.0234250 0.0234360 0.0225479 0.0224938 4.0055936 3.6522176 3.5833646 3.6259433 3.5666262 3.9887464 3.9257103 3.5035567 3.6348238 3.4792463 3.6380603 3.8818844 3.9592007 3.7281425 3.8074407 3.6407910 3.5959094 4.5330728 3.6203384 3.8385456 3.7422405 3.5152550 4.2183453 3.4838962 3.5194716 3.5474784 3.5474133 3.9060836 4.2586357 3.6591640 4.1982141 0.2450601 0.2241833 0.2226971 0.2271830 0.2199096 0.2242842 0.2242842 0.2223184 0.2201919 0.2228353 0.2218102 0.2266176 0.2250950 0.2288706 0.2283970 0.2201919 0.2203781 0.2201919 0.2167173 
OP3229521_Temnothorax_24  0.1364024 0.1364024 0.2084898 0.2599087 0.2232988 0.2232988 0.2257756 4.7059225 0.0028026 0.0028026 0.0114357 0.0066129 0.0056409 0.0056409 0.0056409 0.0056409 0.0056409 0.0037529 0.0018684 0.0028026 0.0037512 0.0028026 0.0028053 0.0000000 0.0037451 0.0028026 0.0028026 0.0028026 0.0028026 0.0028026 0.0028026 0.0028026 0.0037451 0.0028026 4.0187879 3.7780262 0.0028026 0.0263803 0.0263803 0.0285366 0.0274701 0.0263803 0.0263803 0.0263803 0.0284312 0.0273905 0.0273905 0.0274041 0.0253530 0.0253278 3.9302389 3.7556860 3.6852653 3.7332808 3.5755682 4.0977458 4.0354797 3.6006793 3.6453685 3.5755682 3.7035152 3.9895980 3.9366671 3.8367924 3.8780564 3.7372066 3.6922643 4.6776123 3.6852653 3.9442293 3.7556860 3.6138222 4.2644863 3.5755682 3.6192496 3.6453685 3.6233205 4.0169512 4.3513247 3.7556860 3.9809769 0.2503800 0.2274234 0.2258777 0.2265323 0.2230011 0.2275522 0.2275522 0.2255198 0.2232988 0.2260674 0.2250451 0.2318942 0.2303075 0.2342588 0.2318942 0.2232988 0.2235180 0.2232988 0.2215224 
OP3229511_Temnothorax_25  0.1380467 0.1380467 0.2073267 0.2482639 0.2210717 0.2193669 0.2216772 5.2385888 0.0009144 0.0027223 0.0119587 0.0062540 0.0062483 0.0062430 0.0036608 0.0062368 0.0062750 0.0036217 0.0009217 0.0036158 0.0018251 0.0027076 0.0027164 0.0037451 0.0000000 0.0027014 0.0026773 0.0026711 0.0026699 0.0026553 0.0026711 0.0026722 0.0035690 0.0026538 4.4068367 4.1352287 0.0026575 0.0261960 0.0258933 0.0299967 0.0268931 0.0258775 0.0259054 0.0260437 0.0251596 0.0268196 0.0271242 0.0268613 0.0260933 0.0259506 4.2114130 3.6724072 3.6034696 3.6487125 3.5864469 4.0118718 3.9479449 3.5229983 3.6547275 3.4986118 3.6586517 3.9038331 3.9812947 3.7490792 3.8290917 3.6612764 3.6163897 4.5640154 3.6408220 3.8602126 3.7629163 3.5362987 4.2678520 3.5035249 3.5406886 3.5669283 3.5688886 3.9285889 4.2851818 3.6796392 4.4376922 0.2414194 0.2218221 0.2203700 0.2270665 0.2176303 0.2219044 0.2219044 0.2231539 0.2210717 0.2236618 0.2226704 0.2273684 0.2258796 0.2295734 0.2291089 0.2210717 0.2212606 0.2210717 0.2176772 
OP3229501_Temnothorax_26  0.1350824 0.1350824 0.2031102 0.2447913 0.2188123 0.2170815 0.2194206 5.0766014 0.0000010 0.0000010 0.0110191 0.0045239 0.0035974 0.0035958 0.0027397 0.0035958 0.0035958 0.0008969 0.0000010 0.0000010 0.0009106 0.0000010 0.0000010 0.0028026 0.0027014 0.0000000 0.0000010 0.0000010 0.0000010 0.0000010 0.0000010 0.0000010 0.0008940 0.0000010 4.1582075 3.8829373 0.0000010 0.0233140 0.0233140 0.0264215 0.0243417 0.0233249 0.0233140 0.0233140 0.0243323 0.0242747 0.0242747 0.0242861 0.0234141 0.0233581 4.0334616 3.6350685 3.5663516 3.6066500 3.5498681 3.9688371 3.9066040 3.4871786 3.6179314 3.4629563 3.6205858 3.8630537 3.9401905 3.7102946 3.7889217 3.6234032 3.5785690 4.5062491 3.6029720 3.8199880 3.7246021 3.4975248 4.2183453 3.4673816 3.5015923 3.5310494 3.5292874 3.8867606 4.2356516 3.6417678 4.2338118 0.2431144 0.2227921 0.2213145 0.2281404 0.2185333 0.2228826 0.2228826 0.2209229 0.2188123 0.2214327 0.2203950 0.2251786 0.2236650 0.2274142 0.2269466 0.2188123 0.2189866 0.2188123 0.2153513 
OP3229491_Temnothorax_27  0.1347243 0.1347243 0.2020997 0.2448200 0.2191052 0.2173927 0.2197078 5.5107978 0.0000010 0.0000010 0.0109648 0.0044793 0.0035620 0.0035605 0.0027397 0.0035605 0.0035638 0.0008969 0.0000010 0.0008954 0.0009106 0.0000010 0.0000010 0.0028026 0.0026773 0.0000010 0.0000000 0.0000010 0.0000010 0.0000010 0.0000010 0.0000010 0.0008861 0.0000010 4.3571344 4.0836810 0.0000010 0.0231537 0.0230776 0.0261507 0.0240940 0.0230884 0.0230776 0.0230776 0.0241076 0.0240284 0.0240736 0.0240396 0.0231757 0.0231209 4.2199879 3.6350685 3.5663516 3.6066500 3.5498681 3.9688371 3.9066040 3.4871786 3.6179314 3.4629563 3.6205858 3.8630537 3.9401905 3.7102946 3.7889217 3.6234032 3.5785690 4.5062491 3.6029720 3.8199880 3.7246021 3.4975248 4.2183453 3.4673816 3.5015923 3.5310494 3.5292874 3.8867606 4.2356516 3.6417678 4.4158461 0.2390628 0.2198773 0.2184175 0.2251291 0.2156492 0.2199465 0.2199465 0.2211938 0.2191052 0.2216989 0.2206761 0.2254067 0.2239095 0.2276185 0.2271556 0.2191052 0.2192799 0.2191052 0.2156830 
OP3229481_Temnothorax_28  0.1344072 0.1344072 0.2015045 0.2433972 0.2184501 0.2167444 0.2190484 5.6282986 0.0000010 0.0000010 0.0109752 0.0044729 0.0035570 0.0035555 0.0027397 0.0035555 0.0035555 0.0008969 0.0000010 0.0008954 0.0009106 0.0000010 0.0000010 0.0028026 0.0026711 0.0000010 0.0000010 0.0000000 0.0000010 0.0000010 0.0000010 0.0000010 0.0008840 0.0000010 4.4071167 4.1326560 0.0000010 0.0231756 0.0230423 0.0261098 0.0240568 0.0230530 0.0230423 0.0230423 0.0240851 0.0239914 0.0240964 0.0240026 0.0231509 0.0230961 4.2096952 3.6350685 3.5663516 3.6066500 3.5498681 3.9688371 3.9066040 3.4871786 3.6179314 3.4629563 3.6205858 3.8630537 3.9401905 3.7102946 3.7889217 3.6234032 3.5785690 4.5062491 3.6029720 3.8199880 3.7246021 3.4975248 4.2183453 3.4673816 3.5015923 3.5310494 3.5292874 3.8867606 4.2356516 3.6417678 4.4666625 0.2381358 0.2192252 0.2177707 0.2244505 0.2150080 0.2192896 0.2192896 0.2205294 0.2184501 0.2210307 0.2200029 0.2247179 0.2232263 0.2269194 0.2264597 0.2184501 0.2186191 0.2184501 0.2150374 
OP3229471_Temnothorax_29  0.1341731 0.1341731 0.2011026 0.2424812 0.2180158 0.2163138 0.2186115 5.5590077 0.0000010 0.0000010 0.0109648 0.0044668 0.0035522 0.0035507 0.0027397 0.0035507 0.0035540 0.0008969 0.0000010 0.0008954 0.0009106 0.0000010 0.0000010 0.0028026 0.0026699 0.0000010 0.0000010 0.0000010 0.0000000 0.0000010 0.0000010 0.0000010 0.0008840 0.0000010 4.3573516 4.0873392 0.0000010 0.0231537 0.0230100 0.0260727 0.0240230 0.0230206 0.0230100 0.0230206 0.0240851 0.0239577 0.0240736 0.0239689 0.0231182 0.0230637 4.1648625 3.6350685 3.5663516 3.6066500 3.5498681 3.9688371 3.9066040 3.4871786 3.6179314 3.4629563 3.6205858 3.8630537 3.9401905 3.7102946 3.7889217 3.6234032 3.5785690 4.5062491 3.6029720 3.8199880 3.7246021 3.4975248 4.2183453 3.4673816 3.5015923 3.5310494 3.5292874 3.8867606 4.2356516 3.6417678 4.4152711 0.2375340 0.2187932 0.2173416 0.2240033 0.2145814 0.2188545 0.2188545 0.2200898 0.2180158 0.2205888 0.2195574 0.2242642 0.2227756 0.2264599 0.2260021 0.2180158 0.2181811 0.2180158 0.2146078 
OP3229461_Temnothorax_30  0.1332110 0.1332110 0.2011275 0.2387477 0.2162298 0.2145432 0.2168151 5.5590077 0.0000010 0.0000010 0.0109648 0.0044422 0.0035358 0.0035328 0.0027397 0.0035313 0.0035540 0.0008969 0.0000010 0.0008954 0.0009106 0.0000010 0.0000010 0.0028026 0.0026553 0.0000010 0.0000010 0.0000010 0.0000010 0.0000000 0.0000010 0.0000010 0.0008840 0.0000010 4.4723270 4.1968498 0.0000010 0.0231537 0.0228891 0.0259219 0.0238852 0.0228891 0.0228996 0.0230206 0.0240851 0.0238207 0.0240736 0.0238427 0.0230641 0.0229531 4.2717823 3.6350685 3.5663516 3.6066500 3.5498681 3.9688371 3.9066040 3.4871786 3.6179314 3.4629563 3.6205858 3.8630537 3.9401905 3.7102946 3.7889217 3.6234032 3.5785690 4.5062491 3.6029720 3.8199880 3.7246021 3.4975248 4.2183453 3.4673816 3.5015923 3.5310494 3.5292874 3.8867606 4.2356516 3.6417678 4.5043818 0.2350660 0.2170168 0.2155771 0.2221645 0.2128272 0.2170653 0.2170653 0.2182821 0.2162298 0.2187720 0.2177256 0.2223988 0.2209226 0.2245707 0.2241207 0.2162298 0.2163801 0.2162298 0.2128416 
OP3229441_Temnothorax_31  0.1342678 0.1342678 0.2012795 0.2429004 0.2182103 0.2165063 0.2188073 5.5590077 0.0000010 0.0000010 0.0109648 0.0044688 0.0035537 0.0035522 0.0027397 0.0035522 0.0035555 0.0008969 0.0000010 0.0008954 0.0009106 0.0000010 0.0000010 0.0028026 0.0026711 0.0000010 0.0000010 0.0000010 0.0000010 0.0000010 0.0000000 0.0000010 0.0008840 0.0000010 4.3857460 4.1131899 0.0000010 0.0231537 0.0230206 0.0260851 0.0240342 0.0230313 0.0230206 0.0230206 0.0240851 0.0239689 0.0240736 0.0239800 0.0231290 0.0230744 4.1904456 3.6350685 3.5663516 3.6066500 3.5498681 3.9688371 3.9066040 3.4871786 3.6179314 3.4629563 3.6205858 3.8630537 3.9401905 3.7102946 3.7889217 3.6234032 3.5785690 4.5062491 3.6029720 3.8199880 3.7246021 3.4975248 4.2183453 3.4673816 3.5015923 3.5310494 3.5292874 3.8867606 4.2356516 3.6417678 4.4445973 0.2378083 0.2189868 0.2175337 0.2242047 0.2147718 0.2190495 0.2190495 0.2202870 0.2182103 0.2207872 0.2197572 0.2244686 0.2229784 0.2266673 0.2262086 0.2182103 0.2183773 0.2182103 0.2147995 
OP3229431_Temnothorax_32  0.1343627 0.1343627 0.2014567 0.2433213 0.2184052 0.2166993 0.2190035 5.5590077 0.0000010 0.0000010 0.0109648 0.0044707 0.0035553 0.0035537 0.0027397 0.0035537 0.0035570 0.0008969 0.0000010 0.0008954 0.0009106 0.0000010 0.0000010 0.0028026 0.0026722 0.0000010 0.0000010 0.0000010 0.0000010 0.0000010 0.0000010 0.0000000 0.0008844 0.0000010 4.3671258 4.0952755 0.0000010 0.0231537 0.0230313 0.0260974 0.0240454 0.0230420 0.0230313 0.0230313 0.0240964 0.0239800 0.0240736 0.0239912 0.0231290 0.0230744 4.1729985 3.6350685 3.5663516 3.6066500 3.5498681 3.9688371 3.9066040 3.4871786 3.6179314 3.4629563 3.6205858 3.8630537 3.9401905 3.7102946 3.7889217 3.6234032 3.5785690 4.5062491 3.6029720 3.8199880 3.7246021 3.4975248 4.2183453 3.4673816 3.5015923 3.5310494 3.5292874 3.8867606 4.2356516 3.6417678 4.4255903 0.2380835 0.2191809 0.2177261 0.2244066 0.2149626 0.2192450 0.2192450 0.2204847 0.2184052 0.2209860 0.2199575 0.2246735 0.2231816 0.2268752 0.2264155 0.2184052 0.2185739 0.2184052 0.2149917 
OP3229411_Temnothorax_33  0.1358147 0.1358147 0.2032010 0.2433972 0.2201590 0.2184501 0.2207633 5.6282986 0.0009144 0.0009009 0.0119152 0.0053788 0.0044556 0.0044537 0.0036608 0.0044537 0.0044537 0.0017975 0.0009217 0.0017956 0.0018251 0.0008960 0.0008989 0.0037451 0.0035690 0.0008940 0.0008861 0.0008840 0.0008840 0.0008840 0.0008840 0.0008844 0.0000000 0.0008840 4.3796034 4.1073208 0.0008840 0.0241531 0.0240139 0.0270992 0.0250343 0.0240251 0.0240139 0.0240139 0.0250637 0.0249660 0.0250754 0.0249777 0.0241272 0.0240702 4.1847244 3.6123105 3.5436746 3.5810274 3.5275044 3.9429297 3.8816555 3.4652263 3.5954875 3.4410851 3.5973783 3.8384068 3.9154073 3.6867230 3.7645823 3.6003142 3.5554775 4.4721560 3.5798823 3.7956398 3.7013261 3.4737915 4.1888138 3.4452177 3.4776679 3.5090939 3.5050803 3.8615052 4.2061264 3.6186938 4.4383105 0.2403344 0.2209196 0.2194635 0.2261689 0.2167098 0.2209958 0.2209958 0.2222447 0.2201590 0.2227514 0.2217452 0.2264597 0.2249665 0.2286685 0.2282046 0.2201590 0.2203413 0.2201590 0.2167507 
OP3229401_Temnothorax_34  0.1332245 0.1332245 0.2011149 0.2386830 0.2162089 0.2145233 0.2167938 5.6282986 0.0000010 0.0000010 0.0109752 0.0044438 0.0035390 0.0035360 0.0027397 0.0035326 0.0035540 0.0008969 0.0000010 0.0008954 0.0009106 0.0000010 0.0000010 0.0028026 0.0026538 0.0000010 0.0000010 0.0000010 0.0000010 0.0000010 0.0000010 0.0000010 0.0008840 0.0000000 4.4940130 4.2166050 0.0000010 0.0231756 0.0229105 0.0269358 0.0238932 0.0228967 0.0229211 0.0230423 0.0240851 0.0238286 0.0240964 0.0238651 0.0230859 0.0229608 4.2912939 3.6350685 3.5663516 3.6066500 3.5498681 3.9688371 3.9066040 3.4871786 3.6179314 3.4629563 3.6205858 3.8630537 3.9401905 3.7102946 3.7889217 3.6234032 3.5785690 4.5062491 3.6029720 3.8199880 3.7246021 3.4975248 4.2183453 3.4673816 3.5015923 3.5310494 3.5292874 3.8867606 4.2356516 3.6417678 4.5265327 0.2350253 0.2169956 0.2155567 0.2221401 0.2128083 0.2170440 0.2170440 0.2182600 0.2162089 0.2187495 0.2177035 0.2223739 0.2208986 0.2245444 0.2240948 0.2162089 0.2163590 0.2162089 0.2128226 
OP2971971_Temnothorax_35  3.7049628 3.7049628 4.0372396 4.4233530 4.0452508 4.0452508 4.0452508 0.2500164 3.9523414 4.0370937 4.3461434 4.3617187 4.2611986 4.3409999 3.8907990 4.3813529 4.2890350 4.1243006 3.9933646 4.2116802 3.9916953 4.1119622 4.1292039 4.0187879 4.4068367 4.1582075 4.3571344 4.4071167 4.3573516 4.4723270 4.3857460 4.3671258 4.3796034 4.4940130 0.0000000 0.0328036 4.3898805 4.1595122 4.3448245 4.4956957 4.3792124 4.3448245 4.3047017 4.2998260 4.4433139 4.3852507 4.2306077 4.3716267 4.2451244 4.3009768 0.1976167 0.1933329 0.1933329 0.2017096 0.2081100 0.2542126 0.2507232 0.2053812 0.2081100 0.2053812 0.1985150 0.2461633 0.2131305 0.2183227 0.2137913 0.2004424 0.2004424 0.1883235 0.1916538 0.2451458 0.1960110 0.1869197 0.2684189 0.2008802 0.1988786 0.2053812 0.2056106 0.2466394 0.1842368 0.1888500 0.2593284 4.3519666 4.0278703 4.0903422 3.9957633 4.1235963 4.0781355 4.0781355 4.0567117 4.0452508 4.1058490 4.0452508 4.0452508 4.0452508 4.0452508 4.0452508 4.0452508 4.0452508 4.0452508 4.0452508 
OP2971951_Temnothorax_36  3.5456306 3.5456306 3.8059773 4.2164575 3.8461632 3.8461632 3.8461632 0.2394151 3.6820938 3.7663026 4.0580784 4.0947444 4.0009276 4.0758187 3.6279529 4.1136741 4.0247661 3.8503766 3.7170513 3.9327825 3.7207731 3.8395855 3.8540317 3.7780262 4.1352287 3.8829373 4.0836810 4.1326560 4.0873392 4.1968498 4.1131899 4.0952755 4.1073208 4.2166050 0.0328036 0.0000000 4.1196502 3.8998855 4.0791317 4.2198735 4.1112729 4.0791317 4.0414871 4.0344055 4.1635534 4.1170510 3.9669067 4.1038745 3.9831559 4.0369074 0.1988772 0.1823656 0.1823656 0.1966311 0.1967062 0.2558043 0.2554000 0.1940189 0.1967062 0.1940189 0.1906070 0.2507990 0.2025301 0.2192895 0.2182170 0.1923244 0.1923244 0.2160525 0.1838875 0.2497580 0.1850010 0.1823109 0.2742160 0.1928466 0.1939786 0.1940189 0.1967425 0.2513361 0.2212247 0.1811286 0.2489017 4.1013556 3.8295711 3.8881991 3.8854115 3.9195042 3.8767827 3.8767827 3.8570482 3.8461632 3.9033994 3.8461632 3.8461632 3.8461632 3.8461632 3.8461632 3.8461632 3.8461632 3.8461632 3.8461632 
OP2971931_Temnothorax_37  0.1333976 0.1333976 0.2014792 0.2395599 0.2166123 0.2149218 0.2172000 5.5590077 0.0000010 0.0000010 0.0109648 0.0044460 0.0035358 0.0035343 0.0027397 0.0035343 0.0035540 0.0008969 0.0000010 0.0008954 0.0009106 0.0000010 0.0000010 0.0028026 0.0026575 0.0000010 0.0000010 0.0000010 0.0000010 0.0000010 0.0000010 0.0000010 0.0008840 0.0000010 4.3898805 4.1196502 0.0000000 0.0231537 0.0228996 0.0259463 0.0239073 0.0229102 0.0228996 0.0230206 0.0240851 0.0238427 0.0240736 0.0238648 0.0230641 0.0229743 4.1960526 3.6350685 3.5663516 3.6066500 3.5498681 3.9688371 3.9066040 3.4871786 3.6179314 3.4629563 3.6205858 3.8630537 3.9401905 3.7102946 3.7889217 3.6234032 3.5785690 4.5062491 3.6029720 3.8199880 3.7246021 3.4975248 4.2183453 3.4673816 3.5015923 3.5310494 3.5292874 3.8867606 4.2356516 3.6417678 4.4203577 0.2356031 0.2173975 0.2159547 0.2225605 0.2132016 0.2174488 0.2174488 0.2186700 0.2166123 0.2191620 0.2181184 0.2228006 0.2213212 0.2249785 0.2245267 0.2166123 0.2167658 0.2166123 0.2132186 
OP2971921_Temnothorax_38  0.1251740 0.1251740 0.2244355 0.2609781 0.2362784 0.2345213 0.2369467 5.0591760 0.0228859 0.0225362 0.0313076 0.0262080 0.0251168 0.0251050 0.0257569 0.0251050 0.0251288 0.0243849 0.0230765 0.0243446 0.0237931 0.0223872 0.0224617 0.0263803 0.0261960 0.0233140 0.0231537 0.0231756 0.0231537 0.0231537 0.0231537 0.0231537 0.0241531 0.0231756 4.1595122 3.8998855 0.0231537 0.0000000 0.0000010 0.0026662 0.0008823 0.0000010 0.0000010 0.0000010 0.0017695 0.0008802 0.0008802 0.0008805 0.0000010 0.0000010 4.0606908 3.6235792 3.5185137 3.5937294 3.5027185 3.8879912 3.8288330 3.4410112 3.6066100 3.4170060 3.5715299 3.7862955 3.9275250 3.6603022 3.7371648 3.6117530 3.5298383 4.5458767 3.5541985 3.7442325 3.7128046 3.4856256 4.2031090 3.4208111 3.4895944 3.5200227 3.4783192 3.8487324 4.2204095 3.6301152 4.2261108 0.2483685 0.2319451 0.2304618 0.2374149 0.2277347 0.2321002 0.2321002 0.2384484 0.2362784 0.2390135 0.2366751 0.2429626 0.2414383 0.2452659 0.2447565 0.2362784 0.2365917 0.2362784 0.2328772 
