100
PQ6726201_Temnothorax_1   0.0000000 0.0000010 0.2225194 0.2420041 0.2353645 0.2315944 0.2335108 4.7410606 0.1332452 0.1333992 0.1427500 0.1339391 0.1336005 0.1334137 0.1365758 0.1331965 0.1344240 0.1371259 0.1326989 0.1368578 0.1367350 0.1339726 0.1344974 0.1363306 0.1379773 0.1350154 0.1346568 0.1343404 0.1341067 0.1331458 0.1342010 0.1342955 0.1357471 0.1331592 3.6826290 3.5242888 0.1333316 0.1251026 0.1233309 0.1298208 0.1248119 0.1232195 0.1234147 0.1242103 0.1249301 0.1217792 0.1235068 0.1246482 0.1244649 0.1236412 4.0766105 3.8942008 3.7602979 3.8747072 3.7336461 4.0093620 3.9048979 3.7216151 3.8656976 3.6730150 3.8193667 3.8616148 4.2222974 3.8705263 3.9545825 3.9542326 3.8676143 4.1545094 3.8006524 3.8188056 3.9570451 3.7442850 4.5231798 3.7198095 3.7765660 3.8043011 3.9058487 3.8853719 3.9563490 3.9467668 4.1090619 0.2411001 0.2241010 0.2266916 0.2316281 0.2284285 0.2273734 0.2262385 0.2465683 0.2435254 0.2402814 0.2438958 0.2413067 0.2427563 0.2431647 0.2515001 0.2356900 0.2361878 0.2373091 0.2354059 
PQ6726191_Temnothorax_2   0.0000010 0.0000000 0.2215815 0.2416614 0.2368390 0.2328222 0.2347506 4.7410606 0.1332452 0.1333992 0.1427500 0.1339391 0.1336005 0.1334137 0.1365758 0.1331965 0.1344240 0.1371259 0.1326989 0.1368578 0.1367350 0.1339726 0.1344974 0.1363306 0.1379773 0.1350154 0.1346568 0.1343404 0.1341067 0.1331458 0.1342010 0.1342955 0.1357471 0.1331592 3.6826290 3.5242888 0.1333316 0.1251026 0.1233309 0.1298208 0.1248119 0.1232195 0.1234147 0.1242103 0.1249301 0.1217792 0.1235068 0.1246482 0.1244649 0.1236412 4.0766105 3.8942008 3.7602979 3.8747072 3.7336461 4.0093620 3.9048979 3.7216151 3.8656976 3.6730150 3.8193667 3.8616148 4.2222974 3.8705263 3.9545825 3.9542326 3.8676143 4.1545094 3.8006524 3.8188056 3.9570451 3.7442850 4.5231798 3.7198095 3.7765660 3.8043011 3.9058487 3.8853719 3.9563490 3.9467668 4.1090619 0.2411001 0.2255037 0.2281083 0.2330858 0.2286521 0.2273734 0.2262385 0.2465683 0.2435254 0.2417962 0.2438958 0.2413067 0.2427563 0.2431647 0.2515001 0.2371682 0.2361878 0.2373091 0.2354059 
PQ6726181_Temnothorax_3   0.2225194 0.2215815 0.0000000 0.1230443 0.1099796 0.1107155 0.1119628 5.0626494 0.2032078 0.2008367 0.2162557 0.1993277 0.2018560 0.2015037 0.2022514 0.2010921 0.2015296 0.2059128 0.2037583 0.2054660 0.2057881 0.2033877 0.2019825 0.2083444 0.2071892 0.2029759 0.2019653 0.2013716 0.2009705 0.2009967 0.2011466 0.2013231 0.2030669 0.2009840 4.0124451 3.7831617 0.2013469 0.2242804 0.2222756 0.2270743 0.2199703 0.2196933 0.2224752 0.2224048 0.2253655 0.2232776 0.2253203 0.2239505 0.2246349 0.2228956 4.1932704 3.5381358 3.3840427 3.4101708 3.4039379 3.8344967 3.7690194 3.3440620 3.5575204 3.3203757 3.3703819 3.7268950 4.0337567 3.6398482 3.6467332 3.5321294 3.3995900 4.3386923 3.3539853 3.6852555 3.6253040 3.2787846 4.3207472 3.2952026 3.3172883 3.4720275 3.3373302 3.7476157 4.0502829 3.5143074 3.7962937 0.1143560 0.1086721 0.1086721 0.1119316 0.1129638 0.1070186 0.1048123 0.1082912 0.1068302 0.1117995 0.1075604 0.1133166 0.1144258 0.1120969 0.1120401 0.1090327 0.1079953 0.1081665 0.1097836 
PQ6726171_Temnothorax_4   0.2420041 0.2416614 0.1230443 0.0000000 0.0034063 0.0011058 0.0000010 5.4446280 0.2442230 0.2454993 0.2742941 0.2286595 0.2365326 0.2357351 0.2342822 0.2348046 0.2394993 0.2508170 0.2490279 0.2497830 0.2456205 0.2455300 0.2475265 0.2596588 0.2480490 0.2445784 0.2446057 0.2431869 0.2422731 0.2385463 0.2426904 0.2431094 0.2431869 0.2384814 4.3981666 4.1918559 0.2393548 0.2607411 0.2526207 0.2663136 0.2521023 0.2520291 0.2530586 0.2566181 0.2626632 0.2543594 0.2625925 0.2493466 0.2529123 0.2539277 4.4069560 4.0256915 4.0256915 4.1430113 4.1640172 4.7206874 4.5433488 3.9918566 4.1640172 3.9918566 4.0493014 4.4561331 4.8778809 4.1611643 4.1826693 4.1430113 4.1430113 4.8557755 3.9696376 4.3704998 4.2002400 3.9884407 4.3989146 3.9544155 4.1430113 3.9918566 4.3932352 4.5433488 4.7799877 3.9884407 4.6248967 0.0162140 0.0174597 0.0174597 0.0276056 0.0284482 0.0199891 0.0188151 0.0036161 0.0011697 0.0022701 0.0011813 0.0000010 0.0000010 0.0000010 0.0011842 0.0011281 0.0011307 0.0011281 0.0000010 
PQ6726161_Temnothorax_5   0.2353645 0.2368390 0.1099796 0.0034063 0.0000000 0.0036075 0.0028856 5.4446280 0.2161086 0.2188983 0.2335922 0.2129124 0.2169849 0.2166020 0.2151027 0.2161539 0.2184401 0.2216720 0.2182981 0.2211950 0.2186604 0.2190728 0.2200080 0.2231031 0.2208885 0.2186307 0.2189227 0.2182695 0.2178362 0.2160534 0.2180298 0.2182238 0.2199769 0.2160324 4.0206504 3.8228829 0.2164340 0.2360739 0.2321596 0.2414186 0.2341111 0.2318758 0.2323698 0.2341006 0.2371346 0.2331367 0.2370918 0.2306442 0.2321844 0.2328033 4.1217161 3.7831800 3.6442278 3.6587545 3.6638533 3.7869659 3.7236639 3.5990406 3.8022860 3.5743515 3.6308828 3.6822506 4.1479688 3.7278187 3.7355460 3.7819128 3.6656553 4.2183939 3.6130797 3.6413117 3.8762002 3.5482655 4.3345385 3.5503001 3.5927262 3.7111683 3.7208642 3.7018170 4.1120126 3.7605963 4.1226582 0.0132464 0.0139801 0.0139801 0.0194665 0.0201179 0.0157380 0.0142050 0.0007536 0.0007428 0.0028950 0.0007606 0.0051597 0.0059080 0.0059116 0.0037920 0.0014377 0.0007308 0.0014557 0.0029332 
PQ6726151_Temnothorax_6   0.2315944 0.2328222 0.1107155 0.0011058 0.0036075 0.0000000 0.0021322 5.4446280 0.2161086 0.2171550 0.2318265 0.2112337 0.2152905 0.2149115 0.2133473 0.2144682 0.2167344 0.2199275 0.2182981 0.2194545 0.2168975 0.2173396 0.2182675 0.2231031 0.2191851 0.2169014 0.2172117 0.2165652 0.2161357 0.2143682 0.2163273 0.2165193 0.2182695 0.2143482 4.0206504 3.8228829 0.2147450 0.2343183 0.2304361 0.2396647 0.2323836 0.2301551 0.2306442 0.2323612 0.2353818 0.2314165 0.2353386 0.2289216 0.2304501 0.2310750 4.1217161 3.7831800 3.6442278 3.6587545 3.6638533 3.7869659 3.7236639 3.5990406 3.8022860 3.5743515 3.6308828 3.6822506 4.1479688 3.7278187 3.7355460 3.7819128 3.6656553 4.2183939 3.6130797 3.6413117 3.8762002 3.5482655 4.3345385 3.5503001 3.5927262 3.7111683 3.7208642 3.7018170 4.1120126 3.7605963 4.1226582 0.0131876 0.0147377 0.0147377 0.0210323 0.0208207 0.0165124 0.0157514 0.0037910 0.0022342 0.0036176 0.0022853 0.0044092 0.0036707 0.0051559 0.0053176 0.0021559 0.0021980 0.0021829 0.0007292 
PQ6726141_Temnothorax_7   0.2335108 0.2347506 0.1119628 0.0000010 0.0028856 0.0021322 0.0000000 5.4446280 0.2184923 0.2195099 0.2342547 0.2118407 0.2159154 0.2155338 0.2139887 0.2150874 0.2173679 0.2222921 0.2207115 0.2218123 0.2192782 0.2196813 0.2206219 0.2255756 0.2214917 0.2192366 0.2195230 0.2188655 0.2184296 0.2166364 0.2186245 0.2188198 0.2205789 0.2166150 4.0206504 3.8228829 0.2170195 0.2367396 0.2328021 0.2420989 0.2347607 0.2325165 0.2330137 0.2347546 0.2378024 0.2337807 0.2377595 0.2312821 0.2328311 0.2334495 4.1217161 3.7831800 3.6442278 3.6587545 3.6638533 3.7869659 3.7236639 3.5990406 3.8022860 3.5743515 3.6308828 3.6822506 4.1479688 3.7278187 3.7355460 3.7819128 3.6656553 4.2183939 3.6130797 3.6413117 3.8762002 3.5482655 4.3345385 3.5503001 3.5927262 3.7111683 3.7208642 3.7018170 4.1120126 3.7605963 4.1226582 0.0150253 0.0155152 0.0155152 0.0218421 0.0216215 0.0173092 0.0165456 0.0030323 0.0014892 0.0028936 0.0015233 0.0036737 0.0044161 0.0044187 0.0045572 0.0014370 0.0014651 0.0014550 0.0014619 
OX3951501_Temnothorax_8   4.7410606 4.7410606 5.0626494 5.4446280 5.4446280 5.4446280 5.4446280 0.0000000 4.6859206 4.7374584 4.6569767 5.3320117 5.2684620 5.3819207 4.4627683 5.3819207 5.4472560 4.9612343 4.4524425 5.1992051 4.6308877 4.9186138 4.9824222 4.6784696 5.2073757 5.0474696 5.4770923 5.5939492 5.5252837 5.5252837 5.5252837 5.5252837 5.5939492 5.5939492 0.2495833 0.2389939 5.5252837 5.0297006 5.3819207 5.7045160 5.3649504 5.2684620 5.3819207 5.3819207 5.6692140 5.3819207 5.2218079 5.3819207 5.2815734 5.1408213 0.1826916 0.2097214 0.2097214 0.2136845 0.2124393 0.2597924 0.2502339 0.2169148 0.2124393 0.2169148 0.2160377 0.2399553 0.2018627 0.2451403 0.2505793 0.2136845 0.2136845 0.2441342 0.2142299 0.2299275 0.2053992 0.2070731 0.2542597 0.2144045 0.2136845 0.2169148 0.2414103 0.2502339 0.2881321 0.2070731 0.2590491 5.4446280 5.5276593 5.4446280 5.7474726 5.3636677 5.4446280 5.4446280 5.4446280 5.4446280 5.4446280 5.4446280 5.4446280 5.4446280 5.4446280 5.4446280 5.4446280 5.4446280 5.4446280 5.4446280 
OP3229671_Temnothorax_9   0.1332452 0.1332452 0.2032078 0.2442230 0.2161086 0.2161086 0.2184923 4.6859206 0.0000000 0.0000010 0.0093503 0.0036908 0.0027552 0.0027552 0.0027552 0.0027552 0.0027552 0.0009162 0.0000010 0.0000010 0.0009157 0.0000010 0.0000010 0.0028027 0.0009144 0.0000010 0.0000010 0.0000010 0.0000010 0.0000010 0.0000010 0.0000010 0.0009144 0.0000010 3.9278386 3.6597822 0.0000010 0.0228850 0.0228850 0.0260566 0.0239343 0.0228850 0.0228850 0.0228850 0.0248751 0.0238669 0.0238669 0.0238784 0.0229297 0.0229073 3.8379409 3.6138870 3.5455173 3.5850637 3.5288916 3.9442574 3.8828882 3.4669369 3.5966109 3.4428684 3.5993371 3.8395809 3.9161065 3.6879118 3.7658058 3.6023208 3.5576798 4.4767511 3.5817578 3.7967580 3.7024920 3.4773622 4.1928179 3.4474171 3.4812264 3.5106209 3.5085688 3.8629555 4.2086956 3.6206986 4.0463009 0.2403205 0.2202101 0.2187032 0.2193171 0.2158267 0.2202450 0.2202450 0.2182536 0.2161086 0.2187661 0.2176741 0.2243215 0.2227757 0.2266026 0.2243215 0.2161086 0.2162655 0.2161086 0.2143380 
OP3229661_Temnothorax_10  0.1333992 0.1333992 0.2008367 0.2454993 0.2188983 0.2171550 0.2195099 4.7374584 0.0000010 0.0000000 0.0101638 0.0036395 0.0027144 0.0027144 0.0027397 0.0027144 0.0027144 0.0009027 0.0000010 0.0000010 0.0009106 0.0000010 0.0000010 0.0028027 0.0027224 0.0000010 0.0000010 0.0000010 0.0000010 0.0000010 0.0000010 0.0000010 0.0009009 0.0000010 4.0120884 3.7435131 0.0000010 0.0225355 0.0225355 0.0256541 0.0235673 0.0225355 0.0225355 0.0225355 0.0245057 0.0235021 0.0235021 0.0235131 0.0226006 0.0225571 3.8948220 3.6138870 3.5455173 3.5850637 3.5288916 3.9442574 3.8828882 3.4669369 3.5966109 3.4428684 3.5993371 3.8395809 3.9161065 3.6879118 3.7658058 3.6023208 3.5576798 4.4767511 3.5817578 3.7967580 3.7024920 3.4773622 4.1928179 3.4474171 3.4812264 3.5106209 3.5085688 3.8629555 4.2086956 3.6206986 4.0784777 0.2434980 0.2229251 0.2214372 0.2259175 0.2186166 0.2229784 0.2229784 0.2210233 0.2188983 0.2215373 0.2204966 0.2252701 0.2237458 0.2275220 0.2270508 0.2188983 0.2190752 0.2188983 0.2154149 
OP3229651_Temnothorax_11  0.1427500 0.1427500 0.2162557 0.2742941 0.2335922 0.2318265 0.2342547 4.6569767 0.0093503 0.0101638 0.0000000 0.0100897 0.0091165 0.0091125 0.0093221 0.0091125 0.0091211 0.0120045 0.0084442 0.0119841 0.0112360 0.0101027 0.0101359 0.0114356 0.0119587 0.0110191 0.0109648 0.0109751 0.0109648 0.0109648 0.0109648 0.0109648 0.0119152 0.0109751 4.3178546 4.0322965 0.0109648 0.0313059 0.0313059 0.0345637 0.0323833 0.0313211 0.0313059 0.0313059 0.0314116 0.0322917 0.0322917 0.0323074 0.0314420 0.0313512 4.0510469 3.5981315 3.5296827 3.5672572 3.4567586 3.9271185 3.8662330 3.4514615 3.5243301 3.4274058 3.5832400 3.8230261 3.8370738 3.6952253 3.7735339 3.5863121 3.5415795 4.4902090 3.5657079 3.7803066 3.6277543 3.4606478 4.2034935 3.4317550 3.4643861 3.4952249 3.5156975 3.8460474 4.2194155 3.6047369 4.2208821 0.2582791 0.2342722 0.2327768 0.2398094 0.2300221 0.2344042 0.2344042 0.2357677 0.2335922 0.2363285 0.2354808 0.2402308 0.2386977 0.2425401 0.2420334 0.2335922 0.2338868 0.2335922 0.2301591 
OP3229641_Temnothorax_12  0.1339391 0.1339391 0.1993277 0.2286595 0.2129124 0.2112337 0.2118407 5.3320117 0.0036908 0.0036395 0.0100897 0.0000000 0.0008820 0.0008812 0.0009113 0.0008803 0.0008865 0.0054589 0.0037210 0.0054497 0.0046048 0.0036198 0.0036316 0.0066129 0.0062541 0.0045240 0.0044794 0.0044730 0.0044669 0.0044423 0.0044688 0.0044708 0.0053789 0.0044439 4.3340995 4.0690640 0.0044461 0.0262070 0.0259041 0.0300071 0.0269043 0.0258883 0.0259162 0.0260547 0.0281435 0.0268307 0.0271355 0.0268724 0.0260795 0.0259614 4.1451390 3.5773570 3.5092059 3.5440070 3.4931040 3.9022407 3.8424936 3.4318806 3.5606078 3.4079721 3.5621081 3.7997318 3.8759370 3.6499876 3.7265507 3.5652773 3.5206918 4.4206483 3.5447428 3.7574482 3.6650227 3.4394568 4.1445553 3.4120483 3.4430146 3.4755029 3.4698704 3.8220956 4.1604499 3.5836530 4.3636690 0.2308329 0.2137448 0.2123097 0.2188374 0.2095266 0.2137345 0.2137345 0.2149490 0.2129124 0.2154281 0.2143448 0.2189714 0.2175003 0.2211260 0.2206850 0.2129124 0.2130377 0.2129124 0.2095212 
OP3229631_Temnothorax_13  0.1336005 0.1336005 0.2018560 0.2365326 0.2169849 0.2152905 0.2159154 5.2684620 0.0027552 0.0027144 0.0091165 0.0008820 0.0000000 0.0000010 0.0000010 0.0000010 0.0000010 0.0045196 0.0027776 0.0045139 0.0036666 0.0026973 0.0027060 0.0056410 0.0062484 0.0035974 0.0035621 0.0035571 0.0035523 0.0035358 0.0035538 0.0035553 0.0044557 0.0035391 4.2343573 3.9759518 0.0035358 0.0251158 0.0248390 0.0279200 0.0258586 0.0248505 0.0248390 0.0249708 0.0270383 0.0257882 0.0260391 0.0258122 0.0250065 0.0249088 4.0535433 3.5773570 3.5092059 3.5440070 3.4931040 3.9022407 3.8424936 3.4318806 3.5606078 3.4079721 3.5621081 3.7997318 3.8759370 3.6499876 3.7265507 3.5652773 3.5206918 4.4206483 3.5447428 3.7574482 3.6650227 3.4394568 4.1445553 3.4120483 3.4430146 3.4755029 3.4698704 3.8220956 4.1604499 3.5836530 4.3300019 0.2361716 0.2177872 0.2163415 0.2229620 0.2135659 0.2178043 0.2178043 0.2190469 0.2169849 0.2195412 0.2185034 0.2231513 0.2216692 0.2253344 0.2248810 0.2169849 0.2171423 0.2169849 0.2135877 
OP3229621_Temnothorax_14  0.1334137 0.1334137 0.2015037 0.2357351 0.2166020 0.2149115 0.2155338 5.3819207 0.0027552 0.0027144 0.0091125 0.0008812 0.0000010 0.0000000 0.0000010 0.0000010 0.0000010 0.0045196 0.0027776 0.0045120 0.0036666 0.0026973 0.0027060 0.0056410 0.0062430 0.0035959 0.0035606 0.0035556 0.0035508 0.0035328 0.0035523 0.0035538 0.0044538 0.0035361 4.3135634 4.0503010 0.0035343 0.0251041 0.0248160 0.0278937 0.0258345 0.0248275 0.0248275 0.0249592 0.0270256 0.0257643 0.0260269 0.0257882 0.0250065 0.0248972 4.1265746 3.5773570 3.5092059 3.5440070 3.4931040 3.9022407 3.8424936 3.4318806 3.5606078 3.4079721 3.5621081 3.7997318 3.8759370 3.6499876 3.7265507 3.5652773 3.5206918 4.4206483 3.5447428 3.7574482 3.6650227 3.4394568 4.1445553 3.4120483 3.4430146 3.4755029 3.4698704 3.8220956 4.1604499 3.5836530 4.3426541 0.2356330 0.2174059 0.2159633 0.2225654 0.2131911 0.2174204 0.2174204 0.2186586 0.2166020 0.2191507 0.2181101 0.2227490 0.2212703 0.2249262 0.2244747 0.2166020 0.2167560 0.2166020 0.2132103 
OP3229611_Temnothorax_15  0.1365758 0.1365758 0.2022514 0.2342822 0.2151027 0.2133473 0.2139887 4.4627683 0.0027552 0.0027397 0.0093221 0.0009113 0.0000010 0.0000010 0.0000000 0.0000010 0.0000010 0.0036682 0.0027776 0.0027397 0.0036666 0.0027397 0.0027423 0.0056410 0.0036609 0.0027397 0.0027397 0.0027397 0.0027397 0.0027397 0.0027397 0.0027397 0.0036609 0.0027397 3.8668437 3.6061145 0.0027397 0.0257558 0.0257558 0.0289634 0.0268169 0.0257558 0.0257558 0.0257558 0.0277691 0.0267412 0.0267412 0.0267541 0.0258059 0.0257808 3.7583492 3.5773570 3.5092059 3.5440070 3.4931040 3.9022407 3.8424936 3.4318806 3.5606078 3.4079721 3.5621081 3.7997318 3.8759370 3.6499876 3.7265507 3.5652773 3.5206918 4.4206483 3.5447428 3.7574482 3.6650227 3.4394568 4.1445553 3.4120483 3.4430146 3.4755029 3.4698704 3.8220956 4.1604499 3.5836530 3.9281262 0.2388998 0.2191957 0.2176951 0.2198089 0.2148232 0.2192234 0.2192234 0.2172362 0.2151027 0.2177435 0.2166423 0.2214710 0.2199332 0.2237313 0.2232644 0.2151027 0.2152510 0.2151027 0.2115702 
OP3229601_Temnothorax_16  0.1331965 0.1331965 0.2010921 0.2348046 0.2161539 0.2144682 0.2150874 5.3819207 0.0027552 0.0027144 0.0091125 0.0008803 0.0000010 0.0000010 0.0000010 0.0000000 0.0000010 0.0045196 0.0027776 0.0045120 0.0036666 0.0026973 0.0027060 0.0056410 0.0062369 0.0035959 0.0035606 0.0035556 0.0035508 0.0035313 0.0035523 0.0035538 0.0044538 0.0035326 4.3536136 4.0878807 0.0035343 0.0251041 0.0248160 0.0288772 0.0258067 0.0248009 0.0248275 0.0249592 0.0270256 0.0257366 0.0260269 0.0257762 0.0250065 0.0248705 4.1634635 3.5773570 3.5092059 3.5440070 3.4931040 3.9022407 3.8424936 3.4318806 3.5606078 3.4079721 3.5621081 3.7997318 3.8759370 3.6499876 3.7265507 3.5652773 3.5206918 4.4206483 3.5447428 3.7574482 3.6650227 3.4394568 4.1445553 3.4120483 3.4430146 3.4755029 3.4698704 3.8220956 4.1604499 3.5836530 4.3835134 0.2350028 0.2169598 0.2155209 0.2221011 0.2127526 0.2169713 0.2169713 0.2182042 0.2161539 0.2186938 0.2176499 0.2222783 0.2208033 0.2244484 0.2239990 0.2161539 0.2163042 0.2161539 0.2127688 
OP3229591_Temnothorax_17  0.1344240 0.1344240 0.2015296 0.2394993 0.2184401 0.2167344 0.2173679 5.4472560 0.0027552 0.0027144 0.0091211 0.0008865 0.0000010 0.0000010 0.0000010 0.0000010 0.0000000 0.0045196 0.0027776 0.0045120 0.0036666 0.0026999 0.0027086 0.0056410 0.0062751 0.0035959 0.0035639 0.0035556 0.0035541 0.0035541 0.0035556 0.0035571 0.0044538 0.0035541 4.2618483 3.9994948 0.0035541 0.0251279 0.0249711 0.0280701 0.0259966 0.0249827 0.0249711 0.0249827 0.0270256 0.0259255 0.0260515 0.0259376 0.0250891 0.0250297 4.0773458 3.5773570 3.5092059 3.5440070 3.4931040 3.9022407 3.8424936 3.4318806 3.5606078 3.4079721 3.5621081 3.7997318 3.8759370 3.6499876 3.7265507 3.5652773 3.5206918 4.4206483 3.5447428 3.7574482 3.6650227 3.4394568 4.1445553 3.4120483 3.4430146 3.4755029 3.4698704 3.8220956 4.1604499 3.5836530 4.3171291 0.2381665 0.2192341 0.2177799 0.2244558 0.2149978 0.2192612 0.2192612 0.2205181 0.2184401 0.2210196 0.2199949 0.2246659 0.2231749 0.2268667 0.2264072 0.2184401 0.2186096 0.2184401 0.2150294 
OP3229581_Temnothorax_18  0.1371259 0.1371259 0.2059128 0.2508170 0.2216720 0.2199275 0.2222921 4.9612343 0.0009162 0.0009027 0.0120045 0.0054589 0.0045196 0.0045196 0.0036682 0.0045196 0.0045196 0.0000000 0.0009236 0.0008969 0.0018287 0.0008978 0.0008998 0.0037529 0.0036218 0.0008969 0.0008969 0.0008969 0.0008969 0.0008969 0.0008969 0.0008969 0.0017976 0.0008969 4.0987944 3.8271179 0.0008969 0.0243841 0.0243841 0.0275207 0.0254219 0.0243956 0.0243841 0.0243841 0.0254120 0.0253514 0.0253514 0.0253634 0.0244778 0.0244190 3.9769094 3.6009393 3.5324938 3.5704249 3.5160204 3.9045879 3.8445521 3.4541958 3.5838127 3.4301337 3.5861063 3.8016225 3.9026159 3.6746405 3.7522548 3.5891632 3.5444397 4.4598967 3.5685630 3.7591766 3.6894145 3.4636027 4.1928179 3.4345188 3.4673639 3.4979526 3.4945943 3.8241092 4.1933700 3.6075825 4.1676041 0.2470240 0.2256734 0.2241864 0.2310852 0.2213870 0.2257457 0.2257457 0.2238027 0.2216720 0.2243245 0.2233219 0.2280825 0.2265594 0.2303411 0.2298640 0.2216720 0.2218706 0.2216720 0.2182042 
OP3229571_Temnothorax_19  0.1326989 0.1326989 0.2037583 0.2490279 0.2182981 0.2182981 0.2207115 4.4524425 0.0000010 0.0000010 0.0084442 0.0037210 0.0027776 0.0027776 0.0027776 0.0027776 0.0027776 0.0009236 0.0000000 0.0000010 0.0009232 0.0000010 0.0000010 0.0018685 0.0009218 0.0000010 0.0000010 0.0000010 0.0000010 0.0000010 0.0000010 0.0000010 0.0009218 0.0000010 3.9688038 3.6947198 0.0000010 0.0230757 0.0230757 0.0262758 0.0241343 0.0230757 0.0230757 0.0230757 0.0250827 0.0240659 0.0240659 0.0240775 0.0230984 0.0230757 3.8128963 3.7061556 3.6370492 3.6890867 3.5304517 3.9835537 3.9203452 3.5550021 3.5989596 3.5304517 3.6933870 3.8763154 3.8589515 3.7839723 3.8655286 3.6958967 3.6510032 4.5325966 3.6752188 3.8327797 3.7061556 3.5728351 4.1928179 3.5362329 3.5775124 3.5989596 3.5629559 3.9007546 4.2776375 3.7143237 3.9230340 0.2434087 0.2224163 0.2208965 0.2215228 0.2180110 0.2224672 0.2224672 0.2204676 0.2182981 0.2209911 0.2199200 0.2266198 0.2250604 0.2289279 0.2266198 0.2182981 0.2184740 0.2182981 0.2165248 
OP3229561_Temnothorax_20  0.1368578 0.1368578 0.2054660 0.2497830 0.2211950 0.2194545 0.2218123 5.1992051 0.0000010 0.0000010 0.0119841 0.0054497 0.0045139 0.0045120 0.0027397 0.0045120 0.0045120 0.0008969 0.0000010 0.0000000 0.0009106 0.0000010 0.0000010 0.0028027 0.0036157 0.0000010 0.0008954 0.0008954 0.0008954 0.0008954 0.0008954 0.0008954 0.0017955 0.0008954 4.1852491 3.9086806 0.0008954 0.0243424 0.0243424 0.0274731 0.0253783 0.0243538 0.0243424 0.0243424 0.0253683 0.0253080 0.0253080 0.0253200 0.0244473 0.0243886 4.0579067 3.6138870 3.5455173 3.5850637 3.5288916 3.9442574 3.8828882 3.4669369 3.5966109 3.4428684 3.5993371 3.8395809 3.9161065 3.6879118 3.7658058 3.6023208 3.5576798 4.4767511 3.5817578 3.7967580 3.7024920 3.4773622 4.1928179 3.4474171 3.4812264 3.5106209 3.5085688 3.8629555 4.2086956 3.6206986 4.2625269 0.2463478 0.2251923 0.2237083 0.2305877 0.2209112 0.2252611 0.2252611 0.2233202 0.2211950 0.2238395 0.2228325 0.2275849 0.2260649 0.2298374 0.2293624 0.2211950 0.2213895 0.2211950 0.2177319 
OP3229551_Temnothorax_21  0.1367350 0.1367350 0.2057881 0.2456205 0.2186604 0.2168975 0.2192782 4.6308877 0.0009157 0.0009106 0.0112360 0.0046048 0.0036666 0.0036666 0.0036666 0.0036666 0.0036666 0.0018287 0.0009232 0.0009106 0.0000000 0.0009106 0.0009115 0.0037512 0.0018251 0.0009106 0.0009106 0.0009106 0.0009106 0.0009106 0.0009106 0.0009106 0.0018251 0.0009106 3.9669461 3.6982313 0.0009106 0.0237922 0.0237922 0.0269687 0.0248431 0.0237922 0.0237922 0.0237922 0.0257938 0.0247732 0.0247732 0.0247851 0.0238385 0.0238153 3.8513416 3.6668341 3.5983318 3.6447862 3.5809772 4.0042115 3.9406859 3.5181038 3.6488293 3.4938610 3.6533542 3.8967235 3.9734653 3.7426935 3.8223126 3.6560566 3.6114611 4.5546934 3.6355136 3.8532488 3.7565718 3.5327253 4.1928179 3.4990984 3.5370357 3.5617621 3.5650188 3.9214927 4.2766537 3.6743852 4.0324530 0.2435488 0.2227344 0.2212297 0.2233605 0.2183758 0.2227870 0.2227870 0.2208089 0.2186604 0.2213281 0.2202726 0.2251017 0.2235599 0.2273790 0.2269027 0.2186604 0.2188374 0.2186604 0.2151361 
OP3229541_Temnothorax_22  0.1339726 0.1339726 0.2033877 0.2455300 0.2190728 0.2173396 0.2196813 4.9186138 0.0000010 0.0000010 0.0101027 0.0036198 0.0026973 0.0026973 0.0027397 0.0026973 0.0026999 0.0008978 0.0000010 0.0000010 0.0009106 0.0000000 0.0000010 0.0028027 0.0027077 0.0000010 0.0000010 0.0000010 0.0000010 0.0000010 0.0000010 0.0000010 0.0008961 0.0000010 4.0866266 3.8164757 0.0000010 0.0223866 0.0223866 0.0254822 0.0234109 0.0223970 0.0223866 0.0223866 0.0243663 0.0233465 0.0233465 0.0233575 0.0224723 0.0224184 3.9658854 3.6138870 3.5455173 3.5850637 3.5288916 3.9442574 3.8828882 3.4669369 3.5966109 3.4428684 3.5993371 3.8395809 3.9161065 3.6879118 3.7658058 3.6023208 3.5576798 4.4767511 3.5817578 3.7967580 3.7024920 3.4773622 4.1928179 3.4474171 3.4812264 3.5106209 3.5085688 3.8629555 4.2086956 3.6206986 4.1547915 0.2435339 0.2230746 0.2215954 0.2284293 0.2187925 0.2231287 0.2231287 0.2211857 0.2190728 0.2216971 0.2206648 0.2254091 0.2238940 0.2276478 0.2271792 0.2190728 0.2192500 0.2190728 0.2156107 
OP3229531_Temnothorax_23  0.1344974 0.1344974 0.2019825 0.2475265 0.2200080 0.2182675 0.2206219 4.9824222 0.0000010 0.0000010 0.0101359 0.0036316 0.0027060 0.0027060 0.0027423 0.0027060 0.0027086 0.0008998 0.0000010 0.0000010 0.0009115 0.0000010 0.0000000 0.0028054 0.0027165 0.0000010 0.0000010 0.0000010 0.0000010 0.0000010 0.0000010 0.0000010 0.0008989 0.0000010 4.1036875 3.8307717 0.0000010 0.0224612 0.0224612 0.0255680 0.0234892 0.0224612 0.0224612 0.0224612 0.0244478 0.0234243 0.0234243 0.0234353 0.0225474 0.0224932 3.9810746 3.6308997 3.5623952 3.6041984 3.5455152 3.9639972 3.9018363 3.4831862 3.6133675 3.4590304 3.6166722 3.8582552 3.9349577 3.7056139 3.7841710 3.6195700 3.5748820 4.5033290 3.5989847 3.8151610 3.7199870 3.4949535 4.1928179 3.4638027 3.4989642 3.5269205 3.5265497 3.8821171 4.2314762 3.6379572 4.1729119 0.2448482 0.2240172 0.2225324 0.2270110 0.2197255 0.2240780 0.2240780 0.2221313 0.2200080 0.2226475 0.2216239 0.2263831 0.2248623 0.2286334 0.2281608 0.2200080 0.2201933 0.2200080 0.2165373 
OP3229521_Temnothorax_24  0.1363306 0.1363306 0.2083444 0.2596588 0.2231031 0.2231031 0.2255756 4.6784696 0.0028027 0.0028027 0.0114356 0.0066129 0.0056410 0.0056410 0.0056410 0.0056410 0.0056410 0.0037529 0.0018685 0.0028027 0.0037512 0.0028027 0.0028054 0.0000000 0.0037452 0.0028027 0.0028027 0.0028027 0.0028027 0.0028027 0.0028027 0.0028027 0.0037452 0.0028027 3.9936917 3.7549206 0.0028027 0.0263791 0.0263791 0.0285352 0.0274688 0.0263791 0.0263791 0.0263791 0.0284299 0.0273892 0.0273892 0.0274028 0.0253520 0.0253268 3.9062598 3.7336455 3.6635866 3.7106980 3.5546953 4.0721178 4.0103776 3.5796442 3.6241404 3.5546953 3.6818028 3.9647594 3.9129305 3.8134704 3.8544014 3.7152560 3.6705079 4.6466218 3.6635866 3.9196541 3.7336455 3.5926796 4.2385790 3.5546953 3.5979923 3.6241404 3.6018956 3.9917333 4.3234018 3.7336455 3.9572167 0.2501500 0.2272465 0.2257021 0.2263544 0.2228053 0.2273328 0.2273328 0.2253206 0.2231031 0.2258674 0.2248466 0.2316428 0.2300580 0.2340043 0.2316428 0.2231031 0.2233212 0.2231031 0.2213292 
OP3229511_Temnothorax_25  0.1379773 0.1379773 0.2071892 0.2480490 0.2208885 0.2191851 0.2214917 5.2073757 0.0009144 0.0027224 0.0119587 0.0062541 0.0062484 0.0062430 0.0036609 0.0062369 0.0062751 0.0036218 0.0009218 0.0036157 0.0018251 0.0027077 0.0027165 0.0037452 0.0000000 0.0027015 0.0026774 0.0026711 0.0026700 0.0026553 0.0026711 0.0026723 0.0035690 0.0026539 4.3787904 4.1091779 0.0026576 0.0261949 0.0258924 0.0299936 0.0268921 0.0258765 0.0259044 0.0260428 0.0251587 0.0268186 0.0271231 0.0268602 0.0260923 0.0259496 4.1849797 3.6509363 3.5823478 3.6267895 3.5651842 3.9869366 3.9238969 3.5024814 3.6331190 3.4782502 3.6371071 3.8800316 3.9568772 3.7263884 3.8056519 3.6398998 3.5952066 4.5340008 3.6193116 3.8366573 3.7405033 3.5158393 4.2419297 3.4832844 3.5200205 3.5462241 3.5478611 3.9044449 4.2578000 3.6582780 4.4094891 0.2412131 0.2216590 0.2202082 0.2268942 0.2174498 0.2217025 0.2217025 0.2229676 0.2208885 0.2234748 0.2224848 0.2271357 0.2256486 0.2293380 0.2288744 0.2208885 0.2210765 0.2208885 0.2174978 
OP3229501_Temnothorax_26  0.1350154 0.1350154 0.2029759 0.2445784 0.2186307 0.2169014 0.2192366 5.0474696 0.0000010 0.0000010 0.0110191 0.0045240 0.0035974 0.0035959 0.0027397 0.0035959 0.0035959 0.0008969 0.0000010 0.0000010 0.0009106 0.0000010 0.0000010 0.0028027 0.0027015 0.0000000 0.0000010 0.0000010 0.0000010 0.0000010 0.0000010 0.0000010 0.0008940 0.0000010 4.1325194 3.8595102 0.0000010 0.0233134 0.0233134 0.0264190 0.0243410 0.0233243 0.0233134 0.0233134 0.0243316 0.0242740 0.0242740 0.0242854 0.0234135 0.0233575 4.0087784 3.6138870 3.5455173 3.5850637 3.5288916 3.9442574 3.8828882 3.4669369 3.5966109 3.4428684 3.5993371 3.8395809 3.9161065 3.6879118 3.7658058 3.6023208 3.5576798 4.4767511 3.5817578 3.7967580 3.7024920 3.4773622 4.1928179 3.4474171 3.4812264 3.5106209 3.5085688 3.8629555 4.2086956 3.6206986 4.2079412 0.2429058 0.2226281 0.2211519 0.2279669 0.2183515 0.2226790 0.2226790 0.2207382 0.2186307 0.2212473 0.2202111 0.2249472 0.2234352 0.2271799 0.2267132 0.2186307 0.2188041 0.2186307 0.2151736 
OP3229491_Temnothorax_27  0.1346568 0.1346568 0.2019653 0.2446057 0.2189227 0.2172117 0.2195230 5.4770923 0.0000010 0.0000010 0.0109648 0.0044794 0.0035621 0.0035606 0.0027397 0.0035606 0.0035639 0.0008969 0.0000010 0.0008954 0.0009106 0.0000010 0.0000010 0.0028027 0.0026774 0.0000010 0.0000000 0.0000010 0.0000010 0.0000010 0.0000010 0.0000010 0.0008861 0.0000010 4.3290626 4.0576436 0.0000010 0.0231530 0.0230769 0.0261481 0.0240932 0.0230876 0.0230769 0.0230769 0.0241068 0.0240276 0.0240728 0.0240387 0.0231750 0.0231201 4.1930998 3.6138870 3.5455173 3.5850637 3.5288916 3.9442574 3.8828882 3.4669369 3.5966109 3.4428684 3.5993371 3.8395809 3.9161065 3.6879118 3.7658058 3.6023208 3.5576798 4.4767511 3.5817578 3.7967580 3.7024920 3.4773622 4.1928179 3.4474171 3.4812264 3.5106209 3.5085688 3.8629555 4.2086956 3.6206986 4.3873443 0.2388570 0.2197148 0.2182563 0.2249573 0.2154694 0.2197453 0.2197453 0.2210082 0.2189227 0.2215125 0.2204912 0.2251747 0.2236792 0.2273838 0.2269217 0.2189227 0.2190965 0.2189227 0.2155043 
OP3229481_Temnothorax_28  0.1343404 0.1343404 0.2013716 0.2431869 0.2182695 0.2165652 0.2188655 5.5939492 0.0000010 0.0000010 0.0109751 0.0044730 0.0035571 0.0035556 0.0027397 0.0035556 0.0035556 0.0008969 0.0000010 0.0008954 0.0009106 0.0000010 0.0000010 0.0028027 0.0026711 0.0000010 0.0000010 0.0000000 0.0000010 0.0000010 0.0000010 0.0000010 0.0008841 0.0000010 4.3789092 4.1064748 0.0000010 0.0231749 0.0230416 0.0261073 0.0240561 0.0230523 0.0230416 0.0230416 0.0240844 0.0239907 0.0240956 0.0240018 0.0231502 0.0230953 4.1831297 3.6138870 3.5455173 3.5850637 3.5288916 3.9442574 3.8828882 3.4669369 3.5966109 3.4428684 3.5993371 3.8395809 3.9161065 3.6879118 3.7658058 3.6023208 3.5576798 4.4767511 3.5817578 3.7967580 3.7024920 3.4773622 4.1928179 3.4474171 3.4812264 3.5106209 3.5085688 3.8629555 4.2086956 3.6206986 4.4380374 0.2379327 0.2190645 0.2176113 0.2242805 0.2148301 0.2190904 0.2190904 0.2203456 0.2182695 0.2208462 0.2198200 0.2244882 0.2229983 0.2266869 0.2262281 0.2182695 0.2184376 0.2182695 0.2148605 
OP3229471_Temnothorax_29  0.1341067 0.1341067 0.2009705 0.2422731 0.2178362 0.2161357 0.2184296 5.5252837 0.0000010 0.0000010 0.0109648 0.0044669 0.0035523 0.0035508 0.0027397 0.0035508 0.0035541 0.0008969 0.0000010 0.0008954 0.0009106 0.0000010 0.0000010 0.0028027 0.0026700 0.0000010 0.0000010 0.0000010 0.0000000 0.0000010 0.0000010 0.0000010 0.0008841 0.0000010 4.3295824 4.0615492 0.0000010 0.0231530 0.0230093 0.0260703 0.0240223 0.0230199 0.0230093 0.0230199 0.0240844 0.0239570 0.0240728 0.0239681 0.0231176 0.0230629 4.1386836 3.6138870 3.5455173 3.5850637 3.5288916 3.9442574 3.8828882 3.4669369 3.5966109 3.4428684 3.5993371 3.8395809 3.9161065 3.6879118 3.7658058 3.6023208 3.5576798 4.4767511 3.5817578 3.7967580 3.7024920 3.4773622 4.1928179 3.4474171 3.4812264 3.5106209 3.5085688 3.8629555 4.2086956 3.6206986 4.3870881 0.2373323 0.2186335 0.2171831 0.2238343 0.2144045 0.2186564 0.2186564 0.2199071 0.2178362 0.2204054 0.2193755 0.2240357 0.2225488 0.2262287 0.2257718 0.2178362 0.2180006 0.2178362 0.2144320 
OP3229461_Temnothorax_30  0.1331458 0.1331458 0.2009967 0.2385463 0.2160534 0.2143682 0.2166364 5.5252837 0.0000010 0.0000010 0.0109648 0.0044423 0.0035358 0.0035328 0.0027397 0.0035313 0.0035541 0.0008969 0.0000010 0.0008954 0.0009106 0.0000010 0.0000010 0.0028027 0.0026553 0.0000010 0.0000010 0.0000010 0.0000010 0.0000000 0.0000010 0.0000010 0.0008841 0.0000010 4.4438006 4.1703583 0.0000010 0.0231530 0.0228884 0.0259195 0.0238845 0.0228884 0.0228989 0.0230199 0.0240844 0.0238201 0.0240728 0.0238420 0.0230635 0.0229524 4.2449168 3.6138870 3.5455173 3.5850637 3.5288916 3.9442574 3.8828882 3.4669369 3.5966109 3.4428684 3.5993371 3.8395809 3.9161065 3.6879118 3.7658058 3.6023208 3.5576798 4.4767511 3.5817578 3.7967580 3.7024920 3.4773622 4.1928179 3.4474171 3.4812264 3.5106209 3.5085688 3.8629555 4.2086956 3.6206986 4.4757059 0.2348688 0.2168598 0.2154214 0.2219985 0.2126534 0.2168707 0.2168707 0.2181027 0.2160534 0.2185918 0.2175470 0.2221743 0.2206998 0.2243434 0.2238944 0.2160534 0.2162028 0.2160534 0.2126689 
OP3229441_Temnothorax_31  0.1342010 0.1342010 0.2011466 0.2426904 0.2180298 0.2163273 0.2186245 5.5252837 0.0000010 0.0000010 0.0109648 0.0044688 0.0035538 0.0035523 0.0027397 0.0035523 0.0035556 0.0008969 0.0000010 0.0008954 0.0009106 0.0000010 0.0000010 0.0028027 0.0026711 0.0000010 0.0000010 0.0000010 0.0000010 0.0000010 0.0000000 0.0000010 0.0008841 0.0000010 4.3577300 4.0871783 0.0000010 0.0231530 0.0230199 0.0260825 0.0240334 0.0230306 0.0230199 0.0230199 0.0240844 0.0239681 0.0240728 0.0239792 0.0231283 0.0230736 4.1640480 3.6138870 3.5455173 3.5850637 3.5288916 3.9442574 3.8828882 3.4669369 3.5966109 3.4428684 3.5993371 3.8395809 3.9161065 3.6879118 3.7658058 3.6023208 3.5576798 4.4767511 3.5817578 3.7967580 3.7024920 3.4773622 4.1928179 3.4474171 3.4812264 3.5106209 3.5085688 3.8629555 4.2086956 3.6206986 4.4161656 0.2376054 0.2188262 0.2173743 0.2240348 0.2145940 0.2188505 0.2188505 0.2201034 0.2180298 0.2206029 0.2195744 0.2242391 0.2227506 0.2264351 0.2259772 0.2180298 0.2181959 0.2180298 0.2146228 
OP3229431_Temnothorax_32  0.1342955 0.1342955 0.2013231 0.2431094 0.2182238 0.2165193 0.2188198 5.5252837 0.0000010 0.0000010 0.0109648 0.0044708 0.0035553 0.0035538 0.0027397 0.0035538 0.0035571 0.0008969 0.0000010 0.0008954 0.0009106 0.0000010 0.0000010 0.0028027 0.0026723 0.0000010 0.0000010 0.0000010 0.0000010 0.0000010 0.0000010 0.0000000 0.0008844 0.0000010 4.3391364 4.0692946 0.0000010 0.0231530 0.0230306 0.0260948 0.0240446 0.0230412 0.0230306 0.0230306 0.0240956 0.0239792 0.0240728 0.0239903 0.0231283 0.0230736 4.1466289 3.6138870 3.5455173 3.5850637 3.5288916 3.9442574 3.8828882 3.4669369 3.5966109 3.4428684 3.5993371 3.8395809 3.9161065 3.6879118 3.7658058 3.6023208 3.5576798 4.4767511 3.5817578 3.7967580 3.7024920 3.4773622 4.1928179 3.4474171 3.4812264 3.5106209 3.5085688 3.8629555 4.2086956 3.6206986 4.3971802 0.2378793 0.2190193 0.2175659 0.2242358 0.2147839 0.2190450 0.2190450 0.2203001 0.2182238 0.2208007 0.2197737 0.2244429 0.2229527 0.2266419 0.2261831 0.2182238 0.2183915 0.2182238 0.2148140 
OP3229411_Temnothorax_33  0.1357471 0.1357471 0.2030669 0.2431869 0.2199769 0.2182695 0.2205789 5.5939492 0.0009144 0.0009009 0.0119152 0.0053789 0.0044557 0.0044538 0.0036609 0.0044538 0.0044538 0.0017976 0.0009218 0.0017955 0.0018251 0.0008961 0.0008989 0.0037452 0.0035690 0.0008940 0.0008861 0.0008841 0.0008841 0.0008841 0.0008841 0.0008844 0.0000000 0.0008841 4.3516496 4.0813661 0.0008841 0.0241524 0.0240131 0.0270965 0.0250335 0.0240243 0.0240131 0.0240131 0.0250629 0.0249652 0.0250746 0.0249768 0.0241265 0.0240693 4.1583828 3.5913166 3.5230268 3.5596580 3.5067132 3.9185761 3.8581520 3.4451636 3.5743534 3.4211753 3.5763212 3.8151443 3.8915362 3.6645384 3.7416739 3.5794223 3.5347787 4.4429785 3.5588598 3.7726182 3.6794113 3.4538218 4.1635369 3.4254330 3.4574982 3.4888446 3.4845617 3.8379166 4.1794380 3.5978140 4.4099416 0.2401294 0.2207576 0.2193028 0.2259976 0.2165304 0.2207950 0.2207950 0.2220595 0.2199769 0.2225655 0.2215608 0.2262281 0.2247367 0.2284342 0.2279712 0.2199769 0.2201583 0.2199769 0.2165724 
OP3229401_Temnothorax_34  0.1331592 0.1331592 0.2009840 0.2384814 0.2160324 0.2143482 0.2166150 5.5939492 0.0000010 0.0000010 0.0109751 0.0044439 0.0035391 0.0035361 0.0027397 0.0035326 0.0035541 0.0008969 0.0000010 0.0008954 0.0009106 0.0000010 0.0000010 0.0028027 0.0026539 0.0000010 0.0000010 0.0000010 0.0000010 0.0000010 0.0000010 0.0000010 0.0008841 0.0000000 4.4652918 4.1899411 0.0000010 0.0231749 0.0229099 0.0269332 0.0238925 0.0228961 0.0229204 0.0230416 0.0240844 0.0238280 0.0240956 0.0238643 0.0230852 0.0229601 4.2642581 3.6138870 3.5455173 3.5850637 3.5288916 3.9442574 3.8828882 3.4669369 3.5966109 3.4428684 3.5993371 3.8395809 3.9161065 3.6879118 3.7658058 3.6023208 3.5576798 4.4767511 3.5817578 3.7967580 3.7024920 3.4773622 4.1928179 3.4474171 3.4812264 3.5106209 3.5085688 3.8629555 4.2086956 3.6206986 4.4976633 0.2348279 0.2168386 0.2154009 0.2219740 0.2126343 0.2168492 0.2168492 0.2180804 0.2160324 0.2185692 0.2175247 0.2221493 0.2206757 0.2243171 0.2238684 0.2160324 0.2161816 0.2160324 0.2126498 
OP2971971_Temnothorax_35  3.6826290 3.6826290 4.0124451 4.3981666 4.0206504 4.0206504 4.0206504 0.2495833 3.9278386 4.0120884 4.3178546 4.3340995 4.2343573 4.3135634 3.8668437 4.3536136 4.2618483 4.0987944 3.9688038 4.1852491 3.9669461 4.0866266 4.1036875 3.9936917 4.3787904 4.1325194 4.3290626 4.3789092 4.3295824 4.4438006 4.3577300 4.3391364 4.3516496 4.4652918 0.0000000 0.0327973 4.3619810 4.1329642 4.3170504 4.4664011 4.3511932 4.3170504 4.2772299 4.2722454 4.4144461 4.3571706 4.2032874 4.3436065 4.2178857 4.2734098 0.1973510 0.1931588 0.1931588 0.2014729 0.2078757 0.2537590 0.2502887 0.2051529 0.2078757 0.2051529 0.1983324 0.2457401 0.2128449 0.2180002 0.2134743 0.2002171 0.2002171 0.1881569 0.1914807 0.2447701 0.1958319 0.1867491 0.2680194 0.2006570 0.1986501 0.2051529 0.2053686 0.2462093 0.1840812 0.1886806 0.2588905 4.3240904 4.0032946 4.0652430 3.9710425 4.0983585 4.0528494 4.0528494 4.0317213 4.0206504 4.0807891 4.0206504 4.0206504 4.0206504 4.0206504 4.0206504 4.0206504 4.0206504 4.0206504 4.0206504 
OP2971951_Temnothorax_36  3.5242888 3.5242888 3.7831617 4.1918559 3.8228829 3.8228829 3.8228829 0.2389939 3.6597822 3.7435131 4.0322965 4.0690640 3.9759518 4.0503010 3.6061145 4.0878807 3.9994948 3.8271179 3.6947198 3.9086806 3.6982313 3.8164757 3.8307717 3.7549206 4.1091779 3.8595102 4.0576436 4.1064748 4.0615492 4.1703583 4.0871783 4.0692946 4.0813661 4.1899411 0.0327973 0.0000000 4.0937266 3.8752276 4.0533009 4.1926567 4.0852195 4.0533009 4.0159318 4.0087687 4.1367820 4.0909417 3.9415318 4.0778230 3.9578368 4.0112762 0.1986360 0.1822074 0.1822074 0.1964074 0.1964916 0.2553941 0.2550023 0.1938099 0.1964916 0.1938099 0.1904376 0.2504117 0.2022977 0.2189658 0.2178934 0.1921149 0.1921149 0.2158532 0.1837272 0.2494187 0.1848380 0.1821501 0.2738664 0.1926388 0.1937623 0.1938099 0.1965184 0.2509423 0.2210256 0.1809718 0.2484864 4.0752762 3.8063191 3.8644636 3.8616854 3.8956363 3.8528673 3.8528673 3.8333998 3.8228829 3.8796913 3.8228829 3.8228829 3.8228829 3.8228829 3.8228829 3.8228829 3.8228829 3.8228829 3.8228829 
OP2971931_Temnothorax_37  0.1333316 0.1333316 0.2013469 0.2393548 0.2164340 0.2147450 0.2170195 5.5252837 0.0000010 0.0000010 0.0109648 0.0044461 0.0035358 0.0035343 0.0027397 0.0035343 0.0035541 0.0008969 0.0000010 0.0008954 0.0009106 0.0000010 0.0000010 0.0028027 0.0026576 0.0000010 0.0000010 0.0000010 0.0000010 0.0000010 0.0000010 0.0000010 0.0008841 0.0000010 4.3619810 4.0937266 0.0000000 0.0231530 0.0228989 0.0259438 0.0239066 0.0229095 0.0228989 0.0230199 0.0240844 0.0238420 0.0240728 0.0238640 0.0230635 0.0229736 4.1697460 3.6138870 3.5455173 3.5850637 3.5288916 3.9442574 3.8828882 3.4669369 3.5966109 3.4428684 3.5993371 3.8395809 3.9161065 3.6879118 3.7658058 3.6023208 3.5576798 4.4767511 3.5817578 3.7967580 3.7024920 3.4773622 4.1928179 3.4474171 3.4812264 3.5106209 3.5085688 3.8629555 4.2086956 3.6206986 4.3923013 0.2354034 0.2172389 0.2157973 0.2223928 0.2130260 0.2172523 0.2172523 0.2184887 0.2164340 0.2189800 0.2179380 0.2225741 0.2210964 0.2247492 0.2242983 0.2164340 0.2165867 0.2164340 0.2130441 
OP2971921_Temnothorax_38  0.1251026 0.1251026 0.2242804 0.2607411 0.2360739 0.2343183 0.2367396 5.0297006 0.0228850 0.0225355 0.0313059 0.0262070 0.0251158 0.0251041 0.0257558 0.0251041 0.0251279 0.0243841 0.0230757 0.0243424 0.0237922 0.0223866 0.0224612 0.0263791 0.0261949 0.0233134 0.0231530 0.0231749 0.0231530 0.0231530 0.0231530 0.0231530 0.0241524 0.0231749 4.1329642 3.8752276 0.0231530 0.0000000 0.0000010 0.0026661 0.0008824 0.0000010 0.0000010 0.0000010 0.0017695 0.0008802 0.0008802 0.0008806 0.0000010 0.0000010 4.0349751 3.6022084 3.4977743 3.5719331 3.4818389 3.8637795 3.8054529 3.4208569 3.5851035 3.3970042 3.5503807 3.7631556 3.9032426 3.6380306 3.7141714 3.5904785 3.5090472 4.5156147 3.5330856 3.7213326 3.6905036 3.4652627 4.1773473 3.4009322 3.4690277 3.4994096 3.4577037 3.8249418 4.1932292 3.6088537 4.1993525 0.2481474 0.2317666 0.2302846 0.2372263 0.2275377 0.2318803 0.2318803 0.2382405 0.2360739 0.2388048 0.2364691 0.2427043 0.2411817 0.2450047 0.2444962 0.2360739 0.2363860 0.2360739 0.2326766 
