100
PQ6726181_Temnothorax_3   0.0000000 0.1131737 0.1120328 0.1110598 0.1158465 0.1147216 0.1134635 0.1246392 0.1133236 0.1095369 0.1112706 0.1094156 0.1103125 0.1080568 0.1134237 0.1092485 0.1088091 0.1143406 0.1082591 0.1059816 0.1132384 0.1157656 0.1099326 0.1099326 0.2279123 0.2268910 0.2309753 0.2302125 0.2283934 0.2328199 0.2294670 0.2253241 0.2287513 0.2309350 0.2250180 0.2298880 0.2277536 0.2279653 0.2279331 0.2218846 0.2137309 0.2088180 0.2041757 0.2060541 0.2064931 0.2068668 0.2065568 0.2072961 0.2111442 0.2123760 0.2109223 0.2069650 0.2080658 0.2058844 0.2063401 0.2080459 0.2106826 0.2062954 0.2062780 0.2061081 0.2059067 0.2059213 0.2069724 0.2084762 0.2082324 0.2057487 3.3832912 3.4707473 3.4274727 3.3912394 3.3453707 3.3861636 3.5135686 3.2900934 3.2206708 3.1313649 5.8598401 3.0935781 3.1421176 3.0107493 2.6374055 2.6346951 2.2937460 2.5072595 2.4133032 2.5276506 2.3959375 2.3070155 2.4418508 2.5777764 2.3732740 2.3413488 2.2853495 2.4182254 2.5232963 2.5549758 2.4188414 2.3902857 2.6267357 2.2660373 
ON0528141_Temnothorax_91  0.1131737 0.0000000 0.0036194 0.0029429 0.0059313 0.0051804 0.0059355 0.0022709 0.0028952 0.0022741 0.0028965 0.0014603 0.0014379 0.0014948 0.0037976 0.0014705 0.0007614 0.0217638 0.0174104 0.0166396 0.0219202 0.0142406 0.0155520 0.0155520 0.2461592 0.2477055 0.2458143 0.2406163 0.2412816 0.2504513 0.2390703 0.2426587 0.2415760 0.2457774 0.2402976 0.2447536 0.2406071 0.2408342 0.2426630 0.2422572 0.2315227 0.2263044 0.2205089 0.2239183 0.2244047 0.2248183 0.2263439 0.2230151 0.2298343 0.2288975 0.2266861 0.2280375 0.2278540 0.2237282 0.2261082 0.2265908 0.2293345 0.2260673 0.2241725 0.2258578 0.2237617 0.2256488 0.2268163 0.2270599 0.2240150 0.2268562 3.6256918 3.2894872 3.2523447 3.2150274 3.1750408 3.2134358 3.4036127 3.3967500 3.3115446 3.2447236 5.9333883 3.0004836 3.1365718 3.1121076 2.6550030 2.6523938 2.5167989 2.6382863 2.5620828 2.6624970 2.5405540 2.3875849 2.5887319 2.7113626 2.5172221 2.4853034 2.4356246 2.5659655 2.6570121 2.6885688 2.5656747 2.5361257 2.7629435 2.4140299 
PQ6726151_Temnothorax_6   0.1120328 0.0036194 0.0000000 0.0007292 0.0036730 0.0044122 0.0051603 0.0011059 0.0021322 0.0037931 0.0036090 0.0021834 0.0021563 0.0022347 0.0053219 0.0021985 0.0022858 0.0208676 0.0165459 0.0157808 0.0210912 0.0132097 0.0147623 0.0147623 0.2370611 0.2383120 0.2411397 0.2360142 0.2366924 0.2457512 0.2345052 0.2380658 0.2370079 0.2411019 0.2357331 0.2400757 0.2360334 0.2362539 0.2380378 0.2375629 0.2285913 0.2234528 0.2161421 0.2195175 0.2199892 0.2203903 0.2218799 0.2184348 0.2252511 0.2244281 0.2220699 0.2234740 0.2233802 0.2193334 0.2216497 0.2220630 0.2247638 0.2216081 0.2197624 0.2214049 0.2193639 0.2212022 0.2223363 0.2225198 0.2212012 0.2222911 3.5673188 3.2322866 3.1969595 3.1593049 3.1211044 3.1587760 3.4036127 3.3342739 3.2611557 3.1954873 5.9333883 3.0645478 3.0899959 3.0602414 2.6104902 2.6076892 2.4713995 2.5948922 2.5186169 2.6177625 2.4983702 2.3875849 2.5457672 2.6669307 2.4752878 2.4434402 2.3920084 2.5227990 2.6126713 2.6441913 2.5227772 2.4935858 2.7175054 2.3711375 
ON0528051_Temnothorax_100 0.1110598 0.0029429 0.0007292 0.0000000 0.0007303 0.0014622 0.0021988 0.0000010 0.0014622 0.0030484 0.0029343 0.0014609 0.0014609 0.0014954 0.0022668 0.0014641 0.0015222 0.0213339 0.0174272 0.0166688 0.0222801 0.0141804 0.0158039 0.0158039 0.2409316 0.2409316 0.2395179 0.2343765 0.2350647 0.2441575 0.2328685 0.2364478 0.2353903 0.2394794 0.2341066 0.2384442 0.2344060 0.2346260 0.2364082 0.2359051 0.2268233 0.2216835 0.2144309 0.2178206 0.2182904 0.2186901 0.2201781 0.2166595 0.2235322 0.2227451 0.2203117 0.2217477 0.2216871 0.2176374 0.2199481 0.2203385 0.2230455 0.2199059 0.2180640 0.2197035 0.2176669 0.2195015 0.2206322 0.2207943 0.2194337 0.2205543 3.5673188 3.2322866 3.1969595 3.1593049 3.1211044 3.1587760 3.4036127 3.3342739 3.2611557 3.1954873 5.9333883 3.0434361 3.0435041 3.0412319 2.6104902 2.6076892 2.4713995 2.5777301 2.5186169 2.6001446 2.4983702 2.3875849 2.5457672 2.6495757 2.4752878 2.4434402 2.3920084 2.5227990 2.5951915 2.6267905 2.5227772 2.4935858 2.6999099 2.3711375 
ON0528111_Temnothorax_94  0.1158465 0.0059313 0.0036730 0.0007303 0.0000000 0.0007260 0.0014544 0.0000010 0.0044196 0.0061460 0.0059136 0.0044155 0.0044155 0.0045205 0.0014991 0.0014641 0.0015222 0.0245765 0.0206212 0.0198564 0.0255594 0.0141804 0.0189627 0.0189627 0.2486101 0.2486101 0.2484747 0.2432001 0.2438624 0.2531569 0.2416226 0.2452508 0.2441467 0.2484380 0.2428578 0.2474087 0.2431745 0.2434069 0.2452738 0.2449047 0.2360222 0.2306672 0.2228230 0.2262748 0.2267727 0.2271960 0.2287520 0.2254629 0.2323327 0.2313263 0.2291802 0.2305123 0.2302780 0.2260801 0.2285116 0.2290357 0.2318225 0.2284708 0.2265360 0.2282564 0.2261155 0.2280425 0.2292366 0.2295149 0.2283136 0.2293236 3.5673188 3.2322866 3.1969595 3.1593049 3.1211044 3.1587760 3.4036127 3.3342739 3.2611557 3.1954873 5.9333883 3.0126187 3.0343268 3.0134820 2.6104902 2.6076892 2.4713995 2.5553559 2.5186169 2.5770425 2.4983702 2.3875849 2.5457672 2.6265171 2.4752878 2.4434402 2.3920084 2.5227990 2.5722993 2.6038090 2.5227772 2.4935858 2.6762280 2.3711375 
ON0528121_Temnothorax_93  0.1147216 0.0051804 0.0044122 0.0014622 0.0007260 0.0000000 0.0007260 0.0000010 0.0036764 0.0053675 0.0051641 0.0036730 0.0036730 0.0037602 0.0007482 0.0007308 0.0007597 0.0237654 0.0198212 0.0190578 0.0247393 0.0141804 0.0181712 0.0181712 0.2471393 0.2471393 0.2500216 0.2447340 0.2453904 0.2547020 0.2431473 0.2467770 0.2456669 0.2499853 0.2443796 0.2489591 0.2446988 0.2449329 0.2468110 0.2464661 0.2376371 0.2322552 0.2243211 0.2277770 0.2282789 0.2287056 0.2302706 0.2270297 0.2338845 0.2328409 0.2307508 0.2320615 0.2317966 0.2275807 0.2300290 0.2305758 0.2333711 0.2299885 0.2280409 0.2297724 0.2276171 0.2295567 0.2307598 0.2310583 0.2298881 0.2308761 3.5673188 3.2322866 3.1969595 3.1593049 3.1211044 3.1587760 3.4036127 3.3342739 3.2611557 3.1954873 5.9333883 3.0126187 3.0343268 3.0134820 2.6104902 2.6076892 2.4713995 2.5553559 2.5186169 2.5770425 2.4983702 2.3875849 2.5457672 2.6265171 2.4752878 2.4434402 2.3920084 2.5227990 2.5722993 2.6038090 2.5227772 2.4935858 2.6762280 2.3711375 
ON0528101_Temnothorax_95  0.1134635 0.0059355 0.0051603 0.0021988 0.0014544 0.0007260 0.0000000 0.0000010 0.0044226 0.0061505 0.0059177 0.0044184 0.0044184 0.0045236 0.0015001 0.0014651 0.0015233 0.0245965 0.0190116 0.0182502 0.0255805 0.0141804 0.0189774 0.0189774 0.2490907 0.2490907 0.2524384 0.2471148 0.2477639 0.2523792 0.2455091 0.2445023 0.2480291 0.2524027 0.2467404 0.2513781 0.2470643 0.2473019 0.2492030 0.2488947 0.2401212 0.2346807 0.2265845 0.2300574 0.2305670 0.2310001 0.2325837 0.2294059 0.2362596 0.2351558 0.2331448 0.2344269 0.2341145 0.2298579 0.2323393 0.2329228 0.2357398 0.2322993 0.2303263 0.2320798 0.2298960 0.2318609 0.2330814 0.2334116 0.2322853 0.2332430 3.5673188 3.2322866 3.1969595 3.1593049 3.1211044 3.1587760 3.4036127 3.3342739 3.2611557 3.1954873 5.9333883 3.0126187 3.0343268 3.0134820 2.6104902 2.6076892 2.4713995 2.5553559 2.5186169 2.5770425 2.4983702 2.3875849 2.5457672 2.6265171 2.4752878 2.4434402 2.3920084 2.5227990 2.5722993 2.6038090 2.5227772 2.4935858 2.6762280 2.3711375 
PQ6726171_Temnothorax_4   0.1246392 0.0022709 0.0011059 0.0000010 0.0000010 0.0000010 0.0000010 0.0000000 0.0000010 0.0036184 0.0034078 0.0011282 0.0011282 0.0011698 0.0011844 0.0011309 0.0011814 0.0285353 0.0200368 0.0188563 0.0277082 0.0162445 0.0174920 0.0174920 0.2484295 0.2480753 0.2708782 0.2606674 0.2617746 0.2749526 0.2570741 0.2598347 0.2621328 0.2708205 0.2597731 0.2689610 0.2604131 0.2608826 0.2646202 0.2831621 0.2681834 0.2566902 0.2352976 0.2417532 0.2427548 0.2436090 0.2466982 0.2414719 0.2587372 0.2556685 0.2532628 0.2551793 0.2504801 0.2455110 0.2504801 0.2521031 0.2576606 0.2504134 0.2464669 0.2499647 0.2456015 0.2495178 0.2520054 0.2531065 0.2517011 0.2530118 4.2205583 4.1104645 3.9972045 3.9972045 3.8353726 3.9154872 4.1522432 3.9870038 3.6904220 3.6133569 5.9333883 3.0366137 3.3629283 3.5959607 3.0529632 3.0519287 2.9474767 2.8759285 2.9322631 2.9322631 2.8759285 2.9322631 3.0131514 3.0131514 2.8759285 2.8209570 2.9322631 2.9335180 2.8393362 2.8945290 2.8945290 2.8398476 3.0330950 2.8393362 
PQ6726141_Temnothorax_7   0.1133236 0.0028952 0.0021322 0.0014622 0.0044196 0.0036764 0.0044226 0.0000010 0.0000000 0.0030341 0.0028868 0.0014554 0.0014373 0.0014896 0.0045611 0.0014655 0.0015237 0.0216742 0.0173475 0.0165796 0.0219075 0.0150541 0.0155438 0.0155438 0.2390900 0.2403534 0.2437038 0.2385352 0.2392068 0.2483322 0.2370050 0.2405832 0.2395110 0.2436664 0.2382335 0.2426409 0.2385389 0.2387632 0.2405728 0.2401354 0.2312103 0.2260056 0.2168021 0.2201913 0.2206664 0.2210705 0.2225695 0.2191331 0.2277544 0.2268688 0.2245889 0.2259653 0.2258226 0.2217299 0.2240825 0.2245339 0.2272600 0.2240412 0.2221676 0.2238345 0.2217620 0.2236282 0.2247813 0.2249977 0.2237225 0.2247825 3.5673188 3.2322866 3.1969595 3.1593049 3.1211044 3.1587760 3.4036127 3.3342739 3.2611557 3.1954873 5.9333883 3.0645478 3.0899959 3.0602414 2.6104902 2.6076892 2.4713995 2.5948922 2.5186169 2.6177625 2.4983702 2.3875849 2.5457672 2.6669307 2.4752878 2.4434402 2.3920084 2.5227990 2.6126713 2.6441913 2.5227772 2.4935858 2.7175054 2.3711375 
ON0528161_Temnothorax_89  0.1095369 0.0022741 0.0037931 0.0030484 0.0061460 0.0053675 0.0061505 0.0036184 0.0030341 0.0000000 0.0007537 0.0015123 0.0015111 0.0015123 0.0045956 0.0015208 0.0015376 0.0196137 0.0147828 0.0147828 0.0188958 0.0129536 0.0131533 0.0131533 0.2524498 0.2524498 0.2451880 0.2400118 0.2406772 0.2498107 0.2384743 0.2420507 0.2409738 0.2451510 0.2396988 0.2441294 0.2400064 0.2402321 0.2420507 0.2416367 0.2309175 0.2257262 0.2199802 0.2233778 0.2238613 0.2242724 0.2257900 0.2224546 0.2292574 0.2283371 0.2261124 0.2274673 0.2272954 0.2231888 0.2255555 0.2260284 0.2287603 0.2255146 0.2236303 0.2253064 0.2232219 0.2250987 0.2262593 0.2264949 0.2234491 0.2262886 3.5673188 3.2722450 3.2356534 3.1982291 3.1587760 3.1969595 3.4514160 3.3778913 3.2963666 3.2298925 5.9333883 3.0121085 3.1225286 3.0964517 2.6412254 2.6385528 2.4320719 2.5567571 2.4807263 2.5783839 2.4616550 2.3490747 2.5081960 2.6276243 2.4388793 2.4072228 2.3545390 2.5524859 2.6432901 2.6748747 2.5522793 2.5227990 2.7490054 2.4003896 
PQ6726161_Temnothorax_5   0.1112706 0.0028965 0.0036090 0.0029343 0.0059136 0.0051641 0.0059177 0.0034078 0.0028868 0.0007537 0.0000000 0.0014561 0.0014380 0.0007438 0.0037948 0.0007308 0.0007608 0.0201603 0.0157674 0.0142284 0.0195165 0.0132676 0.0140012 0.0140012 0.2409116 0.2424153 0.2429184 0.2377743 0.2384464 0.2475316 0.2362539 0.2398189 0.2387534 0.2428810 0.2374795 0.2418575 0.2377828 0.2380054 0.2398032 0.2393554 0.2285913 0.2234528 0.2178471 0.2212296 0.2217062 0.2221114 0.2236122 0.2202183 0.2270233 0.2261580 0.2238605 0.2252418 0.2251136 0.2210435 0.2233802 0.2238196 0.2265320 0.2233390 0.2214777 0.2231338 0.2210751 0.2229290 0.2240739 0.2242803 0.2212012 0.2240617 3.5271042 3.2322866 3.1969595 3.1593049 3.1211044 3.1587760 3.4036127 3.3342739 3.2611557 3.1954873 5.9333883 3.0645478 3.0899959 3.0602414 2.6104902 2.6076892 2.4713995 2.5948922 2.5186169 2.6177625 2.4983702 2.3875849 2.5457672 2.6669307 2.4752878 2.4434402 2.3920084 2.5227990 2.6126713 2.6441913 2.5227772 2.4935858 2.7175054 2.3711375 
ON0528061_Temnothorax_99  0.1094156 0.0014603 0.0021834 0.0014609 0.0044155 0.0036730 0.0044184 0.0011282 0.0014554 0.0015123 0.0014561 0.0000000 0.0000010 0.0000010 0.0030282 0.0000010 0.0000010 0.0196581 0.0157896 0.0150370 0.0205825 0.0132773 0.0141896 0.0141896 0.2429105 0.2429105 0.2429184 0.2377743 0.2384464 0.2475316 0.2362539 0.2398189 0.2387534 0.2428810 0.2374795 0.2418575 0.2377828 0.2380054 0.2398032 0.2393554 0.2285913 0.2234528 0.2178471 0.2212296 0.2217062 0.2221114 0.2236122 0.2202183 0.2270233 0.2261580 0.2238605 0.2252418 0.2251136 0.2210435 0.2233802 0.2238196 0.2265320 0.2233390 0.2214777 0.2231338 0.2210751 0.2229290 0.2240739 0.2242803 0.2212012 0.2240617 3.5673188 3.2322866 3.1969595 3.1593049 3.1211044 3.1587760 3.4036127 3.3342739 3.2611557 3.1954873 5.9333883 3.0645478 3.0899959 3.0602414 2.6104902 2.6076892 2.4713995 2.5948922 2.5186169 2.6177625 2.4983702 2.3875849 2.5457672 2.6669307 2.4752878 2.4434402 2.3920084 2.5227990 2.6126713 2.6441913 2.5227772 2.4935858 2.7175054 2.3711375 
ON0528081_Temnothorax_97  0.1103125 0.0014379 0.0021563 0.0014609 0.0044155 0.0036730 0.0044184 0.0011282 0.0014373 0.0015111 0.0014380 0.0000010 0.0000000 0.0000010 0.0030282 0.0000010 0.0000010 0.0201122 0.0157774 0.0150137 0.0202549 0.0132773 0.0139679 0.0139679 0.2413003 0.2428083 0.2429184 0.2377743 0.2384464 0.2475316 0.2362539 0.2398189 0.2387534 0.2428810 0.2374795 0.2418575 0.2377828 0.2380054 0.2398032 0.2393554 0.2285913 0.2234528 0.2178471 0.2212296 0.2217062 0.2221114 0.2236122 0.2202183 0.2270233 0.2261580 0.2238605 0.2252418 0.2251136 0.2210435 0.2233802 0.2238196 0.2265320 0.2233390 0.2214777 0.2231338 0.2210751 0.2229290 0.2240739 0.2242803 0.2212012 0.2240617 3.5673188 3.2322866 3.1969595 3.1593049 3.1211044 3.1587760 3.4036127 3.3342739 3.2611557 3.1954873 5.9333883 3.0645478 3.0899959 3.0602414 2.6104902 2.6076892 2.4713995 2.5948922 2.5186169 2.6177625 2.4983702 2.3875849 2.5457672 2.6669307 2.4752878 2.4434402 2.3920084 2.5227990 2.6126713 2.6441913 2.5227772 2.4935858 2.7175054 2.3711375 
ON0528151_Temnothorax_90  0.1080568 0.0014948 0.0022347 0.0014954 0.0045205 0.0037602 0.0045236 0.0011698 0.0014896 0.0015123 0.0007438 0.0000010 0.0000010 0.0000000 0.0030282 0.0000010 0.0000010 0.0193459 0.0145822 0.0145822 0.0202495 0.0127330 0.0137538 0.0137538 0.2493094 0.2493094 0.2429184 0.2377743 0.2384464 0.2475316 0.2362539 0.2398189 0.2387534 0.2428810 0.2374795 0.2418575 0.2377828 0.2380054 0.2398032 0.2393554 0.2285913 0.2234528 0.2178471 0.2212296 0.2217062 0.2221114 0.2236122 0.2202183 0.2270233 0.2261580 0.2238605 0.2252418 0.2251136 0.2210435 0.2233802 0.2238196 0.2265320 0.2233390 0.2214777 0.2231338 0.2210751 0.2229290 0.2240739 0.2242803 0.2212012 0.2240617 3.5673188 3.2322866 3.1969595 3.1593049 3.1211044 3.1587760 3.4036127 3.3342739 3.2611557 3.1954873 5.9333883 3.0645478 3.0899959 3.0602414 2.6104902 2.6076892 2.4713995 2.5948922 2.5186169 2.6177625 2.4983702 2.3875849 2.5457672 2.6669307 2.4752878 2.4434402 2.3920084 2.5227990 2.6126713 2.6441913 2.5227772 2.4935858 2.7175054 2.3711375 
ON0528091_Temnothorax_96  0.1134237 0.0037976 0.0053219 0.0022668 0.0014991 0.0007482 0.0015001 0.0011844 0.0045611 0.0045956 0.0037948 0.0030282 0.0030282 0.0030282 0.0000000 0.0000010 0.0000010 0.0229216 0.0180277 0.0180277 0.0230305 0.0128532 0.0171660 0.0171660 0.2575849 0.2575849 0.2518380 0.2465314 0.2471814 0.2565193 0.2449329 0.2485667 0.2474489 0.2518021 0.2461625 0.2507787 0.2464848 0.2467212 0.2486137 0.2482968 0.2376371 0.2322552 0.2260623 0.2295255 0.2300325 0.2304634 0.2320400 0.2288528 0.2356951 0.2346074 0.2325811 0.2338678 0.2335671 0.2293271 0.2317966 0.2323706 0.2351777 0.2317566 0.2297928 0.2315383 0.2293647 0.2313205 0.2325348 0.2328571 0.2298881 0.2326855 3.5673188 3.2322866 3.1969595 3.1593049 3.1211044 3.1587760 3.4036127 3.3342739 3.2611557 3.1954873 5.9333883 3.0126187 3.0343268 3.0134820 2.6104902 2.6076892 2.4713995 2.5553559 2.5186169 2.5770425 2.4983702 2.3875849 2.5457672 2.6265171 2.4752878 2.4434402 2.3920084 2.5227990 2.5722993 2.6038090 2.5227772 2.4935858 2.6762280 2.3711375 
ON0528071_Temnothorax_98  0.1092485 0.0014705 0.0021985 0.0014641 0.0014641 0.0007308 0.0014651 0.0011309 0.0014655 0.0015208 0.0007308 0.0000010 0.0000010 0.0000010 0.0000010 0.0000000 0.0000010 0.0197998 0.0159027 0.0151213 0.0206997 0.0133015 0.0142906 0.0142906 0.2417399 0.2417399 0.2433022 0.2381135 0.2387897 0.2479523 0.2365789 0.2401728 0.2390974 0.2432645 0.2378137 0.2422335 0.2381199 0.2383447 0.2401595 0.2397136 0.2288703 0.2236844 0.2180219 0.2214316 0.2219124 0.2223213 0.2238353 0.2204206 0.2272789 0.2264007 0.2240932 0.2254826 0.2253486 0.2212438 0.2236013 0.2240475 0.2267832 0.2235598 0.2216820 0.2233526 0.2212757 0.2231460 0.2243013 0.2245124 0.2214123 0.2242933 3.5673188 3.2322866 3.1969595 3.1593049 3.1211044 3.1587760 3.4036127 3.3342739 3.2611557 3.1954873 5.9333883 2.9708128 2.9851957 2.9758263 2.6104902 2.6076892 2.4713995 2.5213735 2.5186169 2.5421640 2.4983702 2.3875849 2.5457672 2.5921486 2.4752878 2.4434402 2.3920084 2.5227990 2.5376914 2.5693523 2.5227772 2.4935858 2.6413818 2.3711375 
ON0528131_Temnothorax_92  0.1088091 0.0007614 0.0022858 0.0015222 0.0015222 0.0007597 0.0015233 0.0011814 0.0015237 0.0015376 0.0007608 0.0000010 0.0000010 0.0000010 0.0000010 0.0000010 0.0000000 0.0198037 0.0149250 0.0149250 0.0198965 0.0128290 0.0140757 0.0140757 0.2496166 0.2496166 0.2433549 0.2381108 0.2387942 0.2480546 0.2363351 0.2401918 0.2391051 0.2433169 0.2378079 0.2422749 0.2381173 0.2383444 0.2401785 0.2412928 0.2303807 0.2251122 0.2193107 0.2227597 0.2232491 0.2236653 0.2252034 0.2217948 0.2287142 0.2277924 0.2255110 0.2268960 0.2267327 0.2225684 0.2249657 0.2254373 0.2282102 0.2249240 0.2230151 0.2247132 0.2226016 0.2245028 0.2256784 0.2259101 0.2228030 0.2256970 3.5673188 3.2570343 3.2206222 3.1593049 3.1435063 3.1818037 3.4036127 3.3048258 3.2611557 3.1954873 5.9333883 2.9371206 2.9584361 2.9660780 2.6249702 2.6222070 2.4848878 2.4877789 2.5079778 2.5079778 2.4877789 2.3875849 2.5591881 2.5591881 2.4877789 2.4556293 2.3920084 2.5360818 2.4862245 2.5184782 2.5184782 2.4890579 2.5907696 2.3711375 
ON0528191_Temnothorax_86  0.1143406 0.0217638 0.0208676 0.0213339 0.0245765 0.0237654 0.0245965 0.0285353 0.0216742 0.0196137 0.0201603 0.0196581 0.0201122 0.0193459 0.0229216 0.0197998 0.0198037 0.0000000 0.0126620 0.0119074 0.0194118 0.0140947 0.0131711 0.0131711 0.2338322 0.2340640 0.2342321 0.2291788 0.2298802 0.2388359 0.2277138 0.2312570 0.2302290 0.2341927 0.2289509 0.2331561 0.2292398 0.2294521 0.2311817 0.2356996 0.2282616 0.2231357 0.2143824 0.2177485 0.2182149 0.2186116 0.2200887 0.2199097 0.2267082 0.2226379 0.2235461 0.2249297 0.2215870 0.2175666 0.2198603 0.2235112 0.2262182 0.2198184 0.2179900 0.2196175 0.2175959 0.2194171 0.2205393 0.2239706 0.2208900 0.2237505 3.5660937 3.2932375 3.2558944 3.2185172 3.1783313 3.2168549 3.4825003 3.4011053 3.3467464 3.2789767 6.1610335 3.0664785 3.1204881 3.0619681 2.6109756 2.6081699 2.4715432 2.5953286 2.5188707 2.6182678 2.4985684 2.4367877 2.5460832 2.6675495 2.4754299 2.4435054 2.3919454 2.5230612 2.6131600 2.6447556 2.5230378 2.4937742 2.7182588 2.3710225 
ON0528181_Temnothorax_87  0.1082591 0.0174104 0.0165459 0.0174272 0.0206212 0.0198212 0.0190116 0.0200368 0.0173475 0.0147828 0.0157674 0.0157896 0.0157774 0.0145822 0.0180277 0.0159027 0.0149250 0.0126620 0.0000000 0.0007276 0.0150593 0.0087592 0.0088533 0.0088533 0.2327573 0.2327573 0.2386004 0.2335109 0.2341963 0.2386344 0.2320208 0.2311012 0.2345235 0.2385620 0.2332499 0.2375340 0.2335454 0.2337625 0.2355231 0.2401158 0.2328264 0.2276260 0.2186239 0.2220009 0.2224784 0.2228844 0.2243863 0.2243452 0.2311014 0.2269244 0.2279917 0.2293157 0.2258843 0.2218143 0.2241542 0.2278723 0.2306027 0.2241132 0.2222497 0.2239076 0.2218463 0.2237024 0.2248492 0.2283406 0.2253428 0.2281459 3.5685105 3.2151290 3.1803402 3.1425943 3.1049376 3.1423809 3.3884437 3.3155752 3.2972247 3.2110113 6.0977656 3.0473018 3.1046651 3.0447201 2.5977214 2.5948726 2.4587253 2.5824741 2.5063537 2.6049168 2.4865124 2.4239910 2.5335794 2.6540723 2.4635565 2.4318105 2.3800466 2.5106089 2.5999477 2.6313924 2.5106621 2.4816418 2.7042664 2.3594325 
ON0528171_Temnothorax_88  0.1059816 0.0166396 0.0157808 0.0166688 0.0198564 0.0190578 0.0182502 0.0188563 0.0165796 0.0147828 0.0142284 0.0150370 0.0150137 0.0145822 0.0180277 0.0151213 0.0149250 0.0119074 0.0007276 0.0000000 0.0142670 0.0078826 0.0081082 0.0081082 0.2315642 0.2315642 0.2386004 0.2335109 0.2341963 0.2386344 0.2320208 0.2311012 0.2345235 0.2385620 0.2332499 0.2375340 0.2335454 0.2337625 0.2355231 0.2401158 0.2328264 0.2276260 0.2186239 0.2220009 0.2224784 0.2228844 0.2243863 0.2243452 0.2311014 0.2269244 0.2279917 0.2293157 0.2258843 0.2218143 0.2241542 0.2278723 0.2306027 0.2241132 0.2222497 0.2239076 0.2218463 0.2237024 0.2248492 0.2283406 0.2253428 0.2281459 3.5685105 3.2151290 3.1803402 3.1425943 3.1049376 3.1423809 3.3884437 3.3155752 3.2972247 3.2110113 6.0977656 3.0473018 3.1046651 3.0447201 2.5977214 2.5948726 2.4587253 2.5824741 2.5063537 2.6049168 2.4865124 2.4239910 2.5335794 2.6540723 2.4635565 2.4318105 2.3800466 2.5106089 2.5999477 2.6313924 2.5106621 2.4816418 2.7042664 2.3594325 
ON0528201_Temnothorax_85  0.1132384 0.0219202 0.0210912 0.0222801 0.0255594 0.0247393 0.0255805 0.0277082 0.0219075 0.0188958 0.0195165 0.0205825 0.0202549 0.0202495 0.0230305 0.0206997 0.0198965 0.0194118 0.0150593 0.0142670 0.0000000 0.0096969 0.0072684 0.0072684 0.2372341 0.2387229 0.2442312 0.2390698 0.2397379 0.2488489 0.2375399 0.2411106 0.2400387 0.2441940 0.2362676 0.2431718 0.2390702 0.2392945 0.2411039 0.2458158 0.2318261 0.2266618 0.2239915 0.2273996 0.2278937 0.2283137 0.2298551 0.2249371 0.2367269 0.2323916 0.2285715 0.2323919 0.2313604 0.2272063 0.2296171 0.2334403 0.2362145 0.2295771 0.2276593 0.2293643 0.2272420 0.2291521 0.2303363 0.2339223 0.2243952 0.2312278 3.5789992 3.2492971 3.2691292 3.2319189 3.1913922 3.2300020 3.4293192 3.2912773 3.2287248 3.2394276 6.4743324 3.0248830 3.1607472 3.1278425 2.6688261 2.6662808 2.4408017 2.6517807 2.5320412 2.6314412 2.5538010 2.4510681 2.6021577 2.7250940 2.5304248 2.4985329 2.4056764 2.5794871 2.6707800 2.7023094 2.5791116 2.5494931 2.7769325 2.4277112 
ON0528231_Temnothorax_82  0.1157656 0.0142406 0.0132097 0.0141804 0.0141804 0.0141804 0.0141804 0.0162445 0.0150541 0.0129536 0.0132676 0.0132773 0.0132773 0.0127330 0.0128532 0.0133015 0.0128290 0.0140947 0.0087592 0.0078826 0.0096969 0.0000000 0.0025817 0.0025817 0.2468012 0.2468012 0.2561071 0.2494295 0.2502270 0.2589131 0.2471172 0.2489855 0.2505413 0.2560637 0.2489407 0.2547914 0.2493484 0.2496475 0.2520411 0.2652276 0.2568585 0.2496260 0.2366082 0.2409712 0.2416439 0.2422160 0.2442787 0.2450490 0.2534825 0.2474524 0.2498162 0.2511417 0.2461933 0.2407086 0.2439618 0.2491313 0.2527843 0.2439153 0.2413327 0.2436245 0.2407652 0.2433345 0.2449470 0.2497879 0.2464436 0.2496999 3.9637581 3.4890133 3.4366409 3.4366409 3.3385749 3.3872310 3.7231802 3.6022409 3.6001065 3.5154348 6.0977656 3.0227234 3.2197648 3.2029014 2.8392016 2.8371068 2.7441407 2.7226469 2.7556495 2.7556495 2.7226469 2.7556495 2.8145060 2.8145060 2.7226469 2.6840803 2.7556495 2.7886530 2.7249252 2.7635972 2.7635972 2.7262792 2.8568489 2.7249252 
ON0528221_Temnothorax_83  0.1099326 0.0155520 0.0147623 0.0158039 0.0189627 0.0181712 0.0189774 0.0174920 0.0155438 0.0131533 0.0140012 0.0141896 0.0139679 0.0137538 0.0171660 0.0142906 0.0140757 0.0131711 0.0088533 0.0081082 0.0072684 0.0025817 0.0000000 0.0014254 0.2293314 0.2307630 0.2383709 0.2333190 0.2340003 0.2429392 0.2318406 0.2353631 0.2343262 0.2383327 0.2330613 0.2373115 0.2333545 0.2335698 0.2353166 0.2398729 0.2326294 0.2274705 0.2185402 0.2218931 0.2223669 0.2227698 0.2242604 0.2242156 0.2309241 0.2267809 0.2278351 0.2291516 0.2257478 0.2217080 0.2240301 0.2277195 0.2304294 0.2239893 0.2221400 0.2237853 0.2217397 0.2235817 0.2247197 0.2281841 0.2252054 0.2279899 3.5000846 3.2277825 3.1925880 3.1549008 3.1168367 3.1544551 3.4036127 3.3294009 3.2883691 3.2220379 6.0977656 3.0599856 3.1150655 3.0561358 2.6071353 2.6043222 2.4680996 2.5916325 2.5154134 2.6143860 2.4952774 2.4334251 2.5425777 2.6635428 2.4722334 2.4404199 2.3889150 2.5196138 2.6093279 2.6408226 2.5196117 2.4904715 2.7140099 2.3681164 
ON0528211_Temnothorax_84  0.1099326 0.0155520 0.0147623 0.0158039 0.0189627 0.0181712 0.0189774 0.0174920 0.0155438 0.0131533 0.0140012 0.0141896 0.0139679 0.0137538 0.0171660 0.0142906 0.0140757 0.0131711 0.0088533 0.0081082 0.0072684 0.0025817 0.0014254 0.0000000 0.2319646 0.2334100 0.2368662 0.2318271 0.2325139 0.2414355 0.2303574 0.2338781 0.2328471 0.2368277 0.2315808 0.2358036 0.2318716 0.2320853 0.2338214 0.2383518 0.2310580 0.2259250 0.2170807 0.2204295 0.2208995 0.2212991 0.2227811 0.2226891 0.2294115 0.2253051 0.2263048 0.2276416 0.2242684 0.2202460 0.2225520 0.2262181 0.2289198 0.2225110 0.2206739 0.2223086 0.2202768 0.2221067 0.2232361 0.2266796 0.2236729 0.2264768 3.5000846 3.2277825 3.1925880 3.1549008 3.1168367 3.1544551 3.4036127 3.3294009 3.3085962 3.2418350 6.0977656 3.0599856 3.1150655 3.0561358 2.6071353 2.6043222 2.4680996 2.5916325 2.5154134 2.6143860 2.4952774 2.4334251 2.5425777 2.6635428 2.4722334 2.4404199 2.3889150 2.5196138 2.6093279 2.6408226 2.5196117 2.4904715 2.7140099 2.3681164 
PQ6726201_Temnothorax_1   0.2279123 0.2461592 0.2370611 0.2409316 0.2486101 0.2471393 0.2490907 0.2484295 0.2390900 0.2524498 0.2409116 0.2429105 0.2413003 0.2493094 0.2575849 0.2417399 0.2496166 0.2338322 0.2327573 0.2315642 0.2372341 0.2468012 0.2293314 0.2319646 0.0000000 0.0000010 0.1267914 0.1263144 0.1254653 0.1318877 0.1264898 0.1266803 0.1235659 0.1253459 0.1250316 0.1269706 0.1251484 0.1252354 0.1260529 0.1451022 0.1385187 0.1346779 0.1360209 0.1352236 0.1354507 0.1356449 0.1364879 0.1386820 0.1392717 0.1401342 0.1388536 0.1365571 0.1378001 0.1351537 0.1363719 0.1370781 0.1389975 0.1363278 0.1353367 0.1362296 0.1351436 0.1361315 0.1367021 0.1360212 0.1352697 0.1354093 3.2617730 3.2657629 3.2010309 3.1634002 3.1250684 3.1627938 3.1322511 3.1051787 2.7684178 2.7519684 5.2289531 3.0435317 2.9067530 2.8796389 2.6062426 2.6084344 2.3952765 2.4745114 2.4667438 2.5420516 2.4020398 2.4082470 2.4103564 2.5227092 2.3633048 2.3768408 2.3226270 2.4628200 2.5464517 2.5298532 2.4165819 2.4343950 2.5791482 2.3111595 
PQ6726191_Temnothorax_2   0.2268910 0.2477055 0.2383120 0.2409316 0.2486101 0.2471393 0.2490907 0.2480753 0.2403534 0.2524498 0.2424153 0.2429105 0.2428083 0.2493094 0.2575849 0.2417399 0.2496166 0.2340640 0.2327573 0.2315642 0.2387229 0.2468012 0.2307630 0.2334100 0.0000010 0.0000000 0.1267914 0.1263144 0.1254653 0.1318877 0.1264898 0.1266803 0.1235659 0.1253459 0.1250316 0.1269706 0.1251484 0.1252354 0.1260529 0.1451022 0.1385187 0.1346779 0.1360209 0.1352236 0.1354507 0.1356449 0.1364879 0.1386820 0.1392717 0.1401342 0.1388536 0.1365571 0.1378001 0.1351537 0.1363719 0.1370781 0.1389975 0.1363278 0.1353367 0.1362296 0.1351436 0.1361315 0.1367021 0.1360212 0.1352697 0.1354093 3.2617730 3.2657629 3.2010309 3.1634002 3.1250684 3.1627938 3.1322511 3.1051787 2.7684178 2.7519684 5.2289531 3.0435317 2.9067530 2.8796389 2.6062426 2.6084344 2.3952765 2.4745114 2.4667438 2.5420516 2.4020398 2.4082470 2.4103564 2.5227092 2.3633048 2.3768408 2.3226270 2.4628200 2.5464517 2.5298532 2.4165819 2.4343950 2.5791482 2.3111595 
OP2971851_Temnothorax_45  0.2309753 0.2458143 0.2411397 0.2395179 0.2484747 0.2500216 0.2524384 0.2708782 0.2437038 0.2451880 0.2429184 0.2429184 0.2429184 0.2429184 0.2518380 0.2433022 0.2433549 0.2342321 0.2386004 0.2386004 0.2442312 0.2561071 0.2383709 0.2368662 0.1267914 0.1267914 0.0000000 0.0017709 0.0017667 0.0044596 0.0026487 0.0026544 0.0008796 0.0008819 0.0017636 0.0017699 0.0017629 0.0017629 0.0017629 0.0315293 0.0285275 0.0251498 0.0282330 0.0271048 0.0271048 0.0271176 0.0271048 0.0278521 0.0254846 0.0252338 0.0258681 0.0245120 0.0251296 0.0241467 0.0241467 0.0243953 0.0254404 0.0241579 0.0241467 0.0241467 0.0241467 0.0241467 0.0241691 0.0244301 0.0249410 0.0245699 3.5131221 3.1515841 3.1243939 3.1198988 3.0503284 3.0871053 3.3549354 3.2115385 2.9575719 2.9333971 6.4871024 2.7512317 2.9170318 2.6562627 2.4445782 2.4458167 2.1183768 2.2716161 2.2348725 2.3050898 2.2034711 2.2029325 2.2453436 2.3357822 2.1822708 2.1702056 2.1317295 2.2868775 2.3259465 2.3368548 2.2455442 2.2611161 2.4027689 2.1378005 
OP2971811_Temnothorax_49  0.2302125 0.2406163 0.2360142 0.2343765 0.2432001 0.2447340 0.2471148 0.2606674 0.2385352 0.2400118 0.2377743 0.2377743 0.2377743 0.2377743 0.2465314 0.2381135 0.2381108 0.2291788 0.2335109 0.2335109 0.2390698 0.2494295 0.2333190 0.2318271 0.1263144 0.1263144 0.0017709 0.0000000 0.0000010 0.0026581 0.0008779 0.0008794 0.0008772 0.0008827 0.0000010 0.0000010 0.0000010 0.0000010 0.0000010 0.0315599 0.0254289 0.0231568 0.0261583 0.0250759 0.0250759 0.0250759 0.0251590 0.0258795 0.0245461 0.0261720 0.0239038 0.0226035 0.0241889 0.0231432 0.0232084 0.0234732 0.0245151 0.0231864 0.0231213 0.0231864 0.0231213 0.0231757 0.0232334 0.0225281 0.0229872 0.0226567 3.3417116 3.1037295 3.0777906 3.0724656 3.0047731 3.0410252 3.2977755 3.1602824 2.8388286 2.8154719 5.9986757 2.6996781 2.7472423 2.6170523 2.4075180 2.4085543 2.0837794 2.2378979 2.2005843 2.2701880 2.1703417 2.1658767 2.2116740 2.3013472 2.1493228 2.1370431 2.0970087 2.2520280 2.2909256 2.3020840 2.2115513 2.2267284 2.3672644 2.1031858 
OP2971801_Temnothorax_50  0.2283934 0.2412816 0.2366924 0.2350647 0.2438624 0.2453904 0.2477639 0.2617746 0.2392068 0.2406772 0.2384464 0.2384464 0.2384464 0.2384464 0.2471814 0.2387897 0.2387942 0.2298802 0.2341963 0.2341963 0.2397379 0.2502270 0.2340003 0.2325139 0.1254653 0.1254653 0.0017667 0.0000010 0.0000000 0.0035376 0.0008738 0.0008749 0.0008726 0.0008807 0.0000010 0.0000010 0.0000010 0.0000010 0.0000010 0.0314684 0.0254035 0.0231340 0.0260393 0.0249391 0.0249660 0.0249775 0.0250992 0.0258543 0.0244869 0.0260282 0.0238805 0.0225490 0.0241314 0.0230173 0.0231532 0.0234168 0.0244561 0.0231313 0.0230308 0.0231313 0.0230097 0.0231206 0.0231781 0.0224739 0.0229647 0.0226130 3.2888748 3.1106557 3.0845670 3.0793680 3.0114791 3.0477671 3.3057713 3.1676262 2.8410552 2.7762819 5.8256197 2.6996781 2.7201246 2.6232162 2.4135567 2.4146246 2.0897493 2.2435587 2.2063782 2.2760132 2.1759703 2.1721733 2.2173529 2.3070638 2.1549429 2.1427121 2.1029852 2.2578630 2.2967495 2.3078553 2.2172845 2.2325122 2.3730907 2.1091374 
OP2971901_Temnothorax_40  0.2328199 0.2504513 0.2457512 0.2441575 0.2531569 0.2547020 0.2523792 0.2749526 0.2483322 0.2498107 0.2475316 0.2475316 0.2475316 0.2475316 0.2565193 0.2479523 0.2480546 0.2388359 0.2386344 0.2386344 0.2488489 0.2589131 0.2429392 0.2414355 0.1318877 0.1318877 0.0044596 0.0026581 0.0035376 0.0000000 0.0035255 0.0026399 0.0044139 0.0035581 0.0035281 0.0026677 0.0026396 0.0026407 0.0026541 0.0347178 0.0286424 0.0263605 0.0301240 0.0289823 0.0279894 0.0280158 0.0281671 0.0290661 0.0276161 0.0301113 0.0270613 0.0256488 0.0271846 0.0270238 0.0261902 0.0265041 0.0275680 0.0261776 0.0260257 0.0261653 0.0260014 0.0261530 0.0262312 0.0255625 0.0261399 0.0257351 3.4552512 3.1237381 3.1559322 3.1520064 3.0811845 3.1183014 3.3212494 3.1815959 2.9325668 2.9419861 6.5326001 2.7256743 2.8546995 2.6832216 2.4704939 2.4718728 2.1000859 2.2956316 2.2164827 2.2862164 2.2272632 2.1831334 2.2694013 2.3601303 2.2059966 2.1941241 2.1133420 2.3116606 2.3507393 2.3614387 2.2698340 2.2856441 2.4276975 2.1628824 
OP2971821_Temnothorax_48  0.2294670 0.2390703 0.2345052 0.2328685 0.2416226 0.2431473 0.2455091 0.2570741 0.2370050 0.2384743 0.2362539 0.2362539 0.2362539 0.2362539 0.2449329 0.2365789 0.2363351 0.2277138 0.2320208 0.2320208 0.2375399 0.2471172 0.2318406 0.2303574 0.1264898 0.1264898 0.0026487 0.0008779 0.0008738 0.0035255 0.0000000 0.0017489 0.0017445 0.0017612 0.0008715 0.0008807 0.0008715 0.0008719 0.0008759 0.0324303 0.0274947 0.0241400 0.0269549 0.0258491 0.0258611 0.0258851 0.0260114 0.0268321 0.0254357 0.0269435 0.0248546 0.0234951 0.0250429 0.0239255 0.0240636 0.0243488 0.0253918 0.0240520 0.0239250 0.0240409 0.0239030 0.0240298 0.0241007 0.0234168 0.0239398 0.0235730 3.3513071 3.0827796 3.0574417 3.0862654 2.9850509 3.0209910 3.3137600 3.1377158 2.8917583 2.8682071 6.1293409 2.6367845 2.7038884 2.6008006 2.3519966 2.3527344 2.0702647 2.2244784 2.1869979 2.2562515 2.1572563 2.1784720 2.1983143 2.2875471 2.1363417 2.1239975 2.1089639 2.2381409 2.2769093 2.2881494 2.1980648 2.2130631 2.3529354 2.1150911 
OP2971891_Temnothorax_41  0.2253241 0.2426587 0.2380658 0.2364478 0.2452508 0.2467770 0.2445023 0.2598347 0.2405832 0.2420507 0.2398189 0.2398189 0.2398189 0.2398189 0.2485667 0.2401728 0.2401918 0.2312570 0.2311012 0.2311012 0.2411106 0.2489855 0.2353631 0.2338781 0.1266803 0.1266803 0.0026544 0.0008794 0.0008749 0.0026399 0.0017489 0.0000000 0.0017465 0.0017650 0.0008725 0.0008826 0.0008730 0.0008734 0.0008778 0.0325114 0.0275651 0.0242005 0.0269907 0.0258832 0.0259112 0.0259353 0.0260742 0.0268991 0.0254980 0.0269792 0.0249164 0.0235523 0.0251033 0.0239569 0.0241214 0.0244080 0.0254538 0.0241097 0.0239711 0.0240986 0.0239490 0.0240874 0.0241587 0.0234737 0.0239993 0.0236306 3.3576803 3.0888713 3.0633642 3.0577953 2.9908062 3.0268293 3.2796236 3.1442654 2.8828666 2.8171898 6.1067049 2.6996781 2.7789054 2.6056621 2.3970926 2.3980712 2.0745879 2.2286752 2.1912701 2.2605903 2.1613882 2.1558841 2.2025079 2.2918254 2.1404537 2.1281375 2.0877609 2.2424752 2.2812606 2.2924689 2.2022983 2.2173434 2.3573397 2.0939551 
OP2971841_Temnothorax_46  0.2287513 0.2415760 0.2370079 0.2353903 0.2441467 0.2456669 0.2480291 0.2621328 0.2395110 0.2409738 0.2387534 0.2387534 0.2387534 0.2387534 0.2474489 0.2390974 0.2391051 0.2302290 0.2345235 0.2345235 0.2400387 0.2505413 0.2343262 0.2328471 0.1235659 0.1235659 0.0008796 0.0008772 0.0008726 0.0044139 0.0017445 0.0017465 0.0000000 0.0000010 0.0008703 0.0008803 0.0008708 0.0008711 0.0008755 0.0324146 0.0274811 0.0241284 0.0269131 0.0258093 0.0258372 0.0258611 0.0259993 0.0268192 0.0254237 0.0269017 0.0248428 0.0234841 0.0250313 0.0238890 0.0240525 0.0243374 0.0253798 0.0240409 0.0239030 0.0240298 0.0238811 0.0240187 0.0240895 0.0234059 0.0239284 0.0235619 3.3868496 3.1175769 3.0913385 3.0862654 3.0181810 3.0545046 3.3137600 3.1749646 2.9081354 2.8419094 6.1293409 2.7200003 2.8020161 2.6293793 2.4195957 2.4206952 2.0957213 2.2492208 2.2121737 2.2818396 2.1816014 2.1784720 2.2230332 2.3127815 2.1605646 2.1483827 2.1089639 2.2636993 2.3025745 2.3136277 2.2230192 2.2382974 2.3789178 2.1150911 
OP2971831_Temnothorax_47  0.2309350 0.2457774 0.2411019 0.2394794 0.2484380 0.2499853 0.2524027 0.2708205 0.2436664 0.2451510 0.2428810 0.2428810 0.2428810 0.2428810 0.2518021 0.2432645 0.2433169 0.2341927 0.2385620 0.2385620 0.2441940 0.2560637 0.2383327 0.2368277 0.1253459 0.1253459 0.0008819 0.0008827 0.0008807 0.0035581 0.0017612 0.0017650 0.0000010 0.0000000 0.0008795 0.0008803 0.0008791 0.0008791 0.0008791 0.0324146 0.0274811 0.0241284 0.0272197 0.0261012 0.0261012 0.0261134 0.0261260 0.0268192 0.0254237 0.0272080 0.0248428 0.0234841 0.0251413 0.0241579 0.0241579 0.0243374 0.0253798 0.0241350 0.0241350 0.0241350 0.0241350 0.0241350 0.0241350 0.0234059 0.0239284 0.0235619 3.3244974 3.1175769 3.0913385 3.0862654 3.0181810 3.0545046 3.3137600 3.1749646 2.8754460 2.8519865 5.9273062 2.7200003 2.7809795 2.6293793 2.4195957 2.4206952 2.0957213 2.2492208 2.2121737 2.2818396 2.1816014 2.1784720 2.2230332 2.3127815 2.1605646 2.1483827 2.1089639 2.2636993 2.3025745 2.3136277 2.2230192 2.2382974 2.3789178 2.1150911 
OP2971881_Temnothorax_42  0.2250180 0.2402976 0.2357331 0.2341066 0.2428578 0.2443796 0.2467404 0.2597731 0.2382335 0.2396988 0.2374795 0.2374795 0.2374795 0.2374795 0.2461625 0.2378137 0.2378079 0.2289509 0.2332499 0.2332499 0.2362676 0.2489407 0.2330613 0.2315808 0.1250316 0.1250316 0.0017636 0.0000010 0.0000010 0.0035281 0.0008715 0.0008725 0.0008703 0.0008795 0.0000000 0.0000010 0.0000010 0.0000010 0.0000010 0.0314381 0.0264656 0.0231340 0.0259659 0.0248692 0.0248960 0.0249190 0.0250521 0.0258291 0.0244634 0.0259549 0.0238572 0.0225168 0.0240862 0.0229531 0.0231100 0.0233835 0.0244211 0.0230988 0.0229665 0.0230882 0.0229455 0.0230776 0.0231455 0.0224524 0.0229423 0.0225912 3.3290715 3.0957773 3.0701216 3.0646778 2.9974926 3.0335520 3.2875932 3.1515863 2.8587803 2.7937161 5.9864893 2.6996781 2.7570000 2.6118051 2.4031097 2.4041195 2.0805337 2.2343155 2.1970422 2.2663940 2.1669970 2.1621545 2.2081659 2.2975215 2.1460529 2.1337852 2.0937134 2.2482885 2.2870632 2.2982194 2.2080102 2.2231056 2.3631453 2.0998829 
OP2971921_Temnothorax_38  0.2298880 0.2447536 0.2400757 0.2384442 0.2474087 0.2489591 0.2513781 0.2689610 0.2426409 0.2441294 0.2418575 0.2418575 0.2418575 0.2418575 0.2507787 0.2422335 0.2422749 0.2331561 0.2375340 0.2375340 0.2431718 0.2547914 0.2373115 0.2358036 0.1269706 0.1269706 0.0017699 0.0000010 0.0000010 0.0026677 0.0008807 0.0008826 0.0008803 0.0008803 0.0000010 0.0000000 0.0000010 0.0000010 0.0000010 0.0314228 0.0264656 0.0231340 0.0262865 0.0251740 0.0251740 0.0251858 0.0251980 0.0258291 0.0244519 0.0262752 0.0238572 0.0225168 0.0242150 0.0232332 0.0232332 0.0233726 0.0244097 0.0232112 0.0232112 0.0232112 0.0232112 0.0232112 0.0232112 0.0224419 0.0229423 0.0225912 3.2381979 3.0957773 3.0701216 3.0646778 2.9974926 3.0335520 3.2875932 3.1515863 2.8566325 2.8333001 5.6899883 2.6996781 2.7128230 2.6118051 2.4031097 2.4041195 2.0805337 2.2343155 2.1970422 2.2663940 2.1669970 2.1621545 2.2081659 2.2975215 2.1460529 2.1337852 2.0937134 2.2482885 2.2870632 2.2982194 2.2080102 2.2231056 2.3631453 2.0998829 
OP2971911_Temnothorax_39  0.2277536 0.2406071 0.2360334 0.2344060 0.2431745 0.2446988 0.2470643 0.2604131 0.2385389 0.2400064 0.2377828 0.2377828 0.2377828 0.2377828 0.2464848 0.2381199 0.2381173 0.2292398 0.2335454 0.2335454 0.2390702 0.2493484 0.2333545 0.2318716 0.1251484 0.1251484 0.0017629 0.0000010 0.0000010 0.0026396 0.0008715 0.0008730 0.0008708 0.0008791 0.0000010 0.0000010 0.0000000 0.0000010 0.0000010 0.0314228 0.0264656 0.0231340 0.0259820 0.0248845 0.0248845 0.0249075 0.0250404 0.0258291 0.0244519 0.0259709 0.0238572 0.0225168 0.0240751 0.0229670 0.0230994 0.0233726 0.0244097 0.0230882 0.0229560 0.0230776 0.0229455 0.0230670 0.0231348 0.0224419 0.0229423 0.0225912 3.3644132 3.0957773 3.0701216 3.0646778 2.9974926 3.0335520 3.2875932 3.1515863 2.8566325 2.8333001 6.1293409 2.6996781 2.7847373 2.6118051 2.4031097 2.4041195 2.0805337 2.2343155 2.1970422 2.2663940 2.1669970 2.1621545 2.2081659 2.2975215 2.1460529 2.1337852 2.0937134 2.2482885 2.2870632 2.2982194 2.2080102 2.2231056 2.3631453 2.0998829 
OP2971871_Temnothorax_43  0.2279653 0.2408342 0.2362539 0.2346260 0.2434069 0.2449329 0.2473019 0.2608826 0.2387632 0.2402321 0.2380054 0.2380054 0.2380054 0.2380054 0.2467212 0.2383447 0.2383444 0.2294521 0.2337625 0.2337625 0.2392945 0.2496475 0.2335698 0.2320853 0.1252354 0.1252354 0.0017629 0.0000010 0.0000010 0.0026407 0.0008719 0.0008734 0.0008711 0.0008791 0.0000010 0.0000010 0.0000010 0.0000000 0.0000010 0.0314228 0.0264656 0.0231340 0.0259941 0.0248960 0.0248960 0.0249075 0.0250404 0.0258291 0.0244519 0.0259830 0.0238572 0.0225168 0.0240751 0.0229775 0.0230994 0.0233726 0.0244097 0.0230882 0.0229560 0.0230776 0.0229560 0.0230670 0.0231348 0.0224419 0.0229423 0.0225912 3.3644132 3.0957773 3.0701216 3.0646778 2.9974926 3.0335520 3.2875932 3.1515863 2.8566325 2.8333001 6.1293409 2.6996781 2.7847373 2.6118051 2.4031097 2.4041195 2.0805337 2.2343155 2.1970422 2.2663940 2.1669970 2.1621545 2.2081659 2.2975215 2.1460529 2.1337852 2.0937134 2.2482885 2.2870632 2.2982194 2.2080102 2.2231056 2.3631453 2.0998829 
