100
PQ6726181_Temnothorax_3   0.0000000 0.1129334 0.1117971 0.1108299 0.1155964 0.1144754 0.1132250 0.1243907 0.1130816 0.1093090 0.1110379 0.1091905 0.1100843 0.1078384 0.1131801 0.1090242 0.1085837 0.1140931 0.1080401 0.1057755 0.1130055 0.1155346 0.1097097 0.1097097 0.2270048 0.2259918 0.2300115 0.2292518 0.2274410 0.2318336 0.2285140 0.2243977 0.2277999 0.2299721 0.2240904 0.2289279 0.2268071 0.2270178 0.2269839 0.2209288 0.2128279 0.2079541 0.2033396 0.2052032 0.2056416 0.2060138 0.2057026 0.2064390 0.2102664 0.2114892 0.2100515 0.2061205 0.2072150 0.2050440 0.2054975 0.2071919 0.2098098 0.2054538 0.2054380 0.2052673 0.2050683 0.2050812 0.2061284 0.2076195 0.2073789 0.2049172 3.3534989 3.4411474 3.3978185 3.3619324 3.3169621 3.3571379 3.4850344 3.2625719 3.1939690 3.1051382 5.8061113 3.0671989 3.1157571 2.9854108 2.6157200 2.6132307 2.2756241 2.4871154 2.3942594 2.5075787 2.3768048 2.2894320 2.4222468 2.5569825 2.3543020 2.3228155 2.2677506 2.3988267 2.5031675 2.5343998 2.3994581 2.3712907 2.6054991 2.2484707 
ON0528141_Temnothorax_91  0.1129334 0.0000000 0.0036193 0.0029428 0.0059308 0.0051800 0.0059349 0.0022713 0.0028951 0.0022740 0.0028965 0.0014603 0.0014379 0.0014948 0.0037974 0.0014704 0.0007614 0.0217555 0.0174044 0.0166345 0.0219112 0.0142391 0.0155480 0.0155480 0.2451757 0.2467102 0.2448048 0.2396383 0.2402914 0.2493829 0.2380928 0.2416525 0.2405872 0.2447688 0.2393132 0.2437474 0.2396229 0.2398490 0.2416679 0.2412550 0.2305826 0.2254037 0.2196382 0.2230274 0.2235132 0.2239252 0.2254415 0.2221266 0.2289143 0.2279774 0.2257852 0.2271317 0.2269564 0.2228485 0.2252182 0.2256946 0.2284196 0.2251783 0.2232934 0.2249697 0.2228841 0.2247615 0.2259250 0.2261610 0.2231309 0.2259635 3.5938294 3.2616235 3.2244012 3.1874430 3.1482683 3.1860836 3.3765458 3.3682270 3.2839313 3.2176760 5.8791058 2.9748862 3.1101602 3.0862225 2.6333085 2.6309201 2.4970074 2.6173460 2.5421495 2.6416253 2.5205369 2.3699253 2.5682343 2.6897673 2.4973657 2.4658911 2.4171325 2.5456611 2.6360811 2.6671870 2.5453941 2.5162468 2.7408964 2.3955703 
PQ6726151_Temnothorax_6   0.1117971 0.0036193 0.0000000 0.0007292 0.0036728 0.0044120 0.0051599 0.0011061 0.0021322 0.0037928 0.0036088 0.0021833 0.0021563 0.0022347 0.0053215 0.0021984 0.0022858 0.0208601 0.0165405 0.0157763 0.0210830 0.0132085 0.0147587 0.0147587 0.2361354 0.2373767 0.2401575 0.2350630 0.2357291 0.2447109 0.2335545 0.2370867 0.2360459 0.2401206 0.2347755 0.2390969 0.2350760 0.2352956 0.2370697 0.2365883 0.2276711 0.2225713 0.2152969 0.2186523 0.2191235 0.2195231 0.2210035 0.2175731 0.2243579 0.2235342 0.2211959 0.2225947 0.2225085 0.2184792 0.2207855 0.2211930 0.2238755 0.2207449 0.2189088 0.2205425 0.2185117 0.2203406 0.2214709 0.2216472 0.2203359 0.2214248 3.5360635 3.2050002 3.1695848 3.1322928 3.0948766 3.1319805 3.3765458 3.3063703 3.2340409 3.1689264 5.8791058 3.0383171 3.0640569 3.0348732 2.5892397 2.5866566 2.4520408 2.5743704 2.4990938 2.5973158 2.4787571 2.3699253 2.5256817 2.6457639 2.4558335 2.4244260 2.3739205 2.5029096 2.5921648 2.6232377 2.5029082 2.4741115 2.6958966 2.3530791 
ON0528051_Temnothorax_100 0.1108299 0.0029428 0.0007292 0.0000000 0.0007303 0.0014622 0.0021987 0.0000010 0.0014622 0.0030483 0.0029341 0.0014609 0.0014609 0.0014954 0.0022668 0.0014641 0.0015222 0.0213255 0.0174212 0.0166636 0.0222705 0.0141788 0.0157995 0.0157995 0.2399893 0.2399893 0.2385410 0.2334309 0.2341069 0.2431224 0.2319234 0.2354741 0.2344337 0.2385035 0.2331544 0.2374708 0.2334541 0.2336731 0.2354457 0.2349360 0.2259094 0.2208083 0.2135919 0.2169615 0.2174309 0.2178290 0.2193078 0.2158043 0.2226450 0.2218570 0.2194440 0.2208745 0.2208214 0.2167892 0.2190900 0.2194747 0.2221632 0.2190489 0.2172164 0.2188472 0.2168209 0.2186460 0.2197728 0.2199279 0.2185747 0.2196942 3.5360635 3.2050002 3.1695848 3.1322928 3.0948766 3.1319805 3.3765458 3.3063703 3.2340409 3.1689264 5.8791058 3.0174167 3.0180223 3.0160493 2.5892397 2.5866566 2.4520408 2.5573708 2.4990938 2.5798631 2.4787571 2.3699253 2.5256817 2.6285734 2.4558335 2.4244260 2.3739205 2.5029096 2.5748498 2.6060019 2.5029082 2.4741115 2.6784681 2.3530791 
ON0528111_Temnothorax_94  0.1155964 0.0059308 0.0036728 0.0007303 0.0000000 0.0007260 0.0014544 0.0000010 0.0044193 0.0061453 0.0059130 0.0044152 0.0044152 0.0045203 0.0014991 0.0014641 0.0015222 0.0245654 0.0206129 0.0198492 0.0255468 0.0141788 0.0189564 0.0189564 0.2476146 0.2476146 0.2474366 0.2421943 0.2428443 0.2520589 0.2406175 0.2442165 0.2431302 0.2474009 0.2418457 0.2463740 0.2421626 0.2423940 0.2442506 0.2438739 0.2350453 0.2297312 0.2219274 0.2253585 0.2258557 0.2262772 0.2278236 0.2245479 0.2313859 0.2303801 0.2282525 0.2295800 0.2293546 0.2251753 0.2275960 0.2281133 0.2308808 0.2275562 0.2256316 0.2273427 0.2252128 0.2271296 0.2283195 0.2285897 0.2273948 0.2284045 3.5360635 3.2050002 3.1695848 3.1322928 3.0948766 3.1319805 3.3765458 3.3063703 3.2340409 3.1689264 5.8791058 2.9869031 3.0087803 2.9885610 2.5892397 2.5866566 2.4520408 2.5352035 2.4990938 2.5569706 2.4787571 2.3699253 2.5256817 2.6057273 2.4558335 2.4244260 2.3739205 2.5029096 2.5521671 2.5832326 2.5029082 2.4741115 2.6550040 2.3530791 
ON0528121_Temnothorax_93  0.1144754 0.0051800 0.0044120 0.0014622 0.0007260 0.0000000 0.0007260 0.0000010 0.0036762 0.0053670 0.0051637 0.0036728 0.0036728 0.0037601 0.0007482 0.0007308 0.0007597 0.0237550 0.0198136 0.0190512 0.0247275 0.0141788 0.0181654 0.0181654 0.2461501 0.2461501 0.2489780 0.2437228 0.2443669 0.2535985 0.2421368 0.2457372 0.2446450 0.2489427 0.2433621 0.2479189 0.2436814 0.2439145 0.2457823 0.2454297 0.2366543 0.2313135 0.2234200 0.2268552 0.2273564 0.2277813 0.2293366 0.2261088 0.2329320 0.2318892 0.2298173 0.2311236 0.2308678 0.2266704 0.2291079 0.2296479 0.2324238 0.2290684 0.2271311 0.2288531 0.2267089 0.2286384 0.2298372 0.2301275 0.2289635 0.2299514 3.5360635 3.2050002 3.1695848 3.1322928 3.0948766 3.1319805 3.3765458 3.3063703 3.2340409 3.1689264 5.8791058 2.9869031 3.0087803 2.9885610 2.5892397 2.5866566 2.4520408 2.5352035 2.4990938 2.5569706 2.4787571 2.3699253 2.5256817 2.6057273 2.4558335 2.4244260 2.3739205 2.5029096 2.5521671 2.5832326 2.5029082 2.4741115 2.6550040 2.3530791 
ON0528101_Temnothorax_95  0.1132250 0.0059349 0.0051599 0.0021987 0.0014544 0.0007260 0.0000000 0.0000010 0.0044223 0.0061497 0.0059171 0.0044181 0.0044181 0.0045234 0.0015001 0.0014651 0.0015232 0.0245850 0.0190049 0.0182444 0.0255675 0.0141788 0.0189709 0.0189709 0.2480840 0.2480840 0.2513730 0.2460820 0.2467189 0.2512989 0.2444771 0.2434850 0.2469859 0.2513382 0.2457015 0.2503159 0.2460256 0.2462621 0.2481527 0.2478363 0.2391161 0.2337173 0.2256633 0.2291152 0.2296240 0.2300554 0.2316290 0.2284638 0.2352859 0.2341833 0.2321899 0.2334679 0.2331650 0.2289275 0.2313977 0.2319739 0.2347713 0.2313587 0.2293962 0.2311401 0.2289676 0.2309221 0.2321382 0.2324599 0.2313394 0.2322972 3.5360635 3.2050002 3.1695848 3.1322928 3.0948766 3.1319805 3.3765458 3.3063703 3.2340409 3.1689264 5.8791058 2.9869031 3.0087803 2.9885610 2.5892397 2.5866566 2.4520408 2.5352035 2.4990938 2.5569706 2.4787571 2.3699253 2.5256817 2.6057273 2.4558335 2.4244260 2.3739205 2.5029096 2.5521671 2.5832326 2.5029082 2.4741115 2.6550040 2.3530791 
PQ6726171_Temnothorax_4   0.1243907 0.0022713 0.0011061 0.0000010 0.0000010 0.0000010 0.0000010 0.0000000 0.0000010 0.0036190 0.0034084 0.0011284 0.0011284 0.0011702 0.0011846 0.0011311 0.0011817 0.0285270 0.0200336 0.0188543 0.0277000 0.0162434 0.0174910 0.0174910 0.2474497 0.2470980 0.2696977 0.2595489 0.2606336 0.2737001 0.2559597 0.2587042 0.2609963 0.2696417 0.2586443 0.2677857 0.2592842 0.2597516 0.2634684 0.2818640 0.2669731 0.2555693 0.2343121 0.2407284 0.2417283 0.2425787 0.2456486 0.2404397 0.2576034 0.2545442 0.2521614 0.2540745 0.2494139 0.2444681 0.2494139 0.2510193 0.2565374 0.2493490 0.2454240 0.2489023 0.2445624 0.2484575 0.2509353 0.2520166 0.2506167 0.2519318 4.1835096 4.0760439 3.9628373 3.9628373 3.8034343 3.8823513 4.1183587 3.9540066 3.6592610 3.5831712 5.8791058 3.0123115 3.3351885 3.5667810 3.0280023 3.0273926 2.9248757 2.8535547 2.9100013 2.9100013 2.8535547 2.9100013 2.9895827 2.9895827 2.8535547 2.7993918 2.9100013 2.9107637 2.8176665 2.8720450 2.8720450 2.8181219 3.0094069 2.8176665 
PQ6726141_Temnothorax_7   0.1130816 0.0028951 0.0021322 0.0014622 0.0044193 0.0036762 0.0044223 0.0000010 0.0000000 0.0030339 0.0028868 0.0014554 0.0014373 0.0014896 0.0045608 0.0014655 0.0015236 0.0216659 0.0173415 0.0165744 0.0218984 0.0150522 0.0155398 0.0155398 0.2381489 0.2394026 0.2427018 0.2375647 0.2382241 0.2472717 0.2360351 0.2395846 0.2385297 0.2426654 0.2372566 0.2416423 0.2375622 0.2377855 0.2395853 0.2391409 0.2302700 0.2251047 0.2159587 0.2193280 0.2198026 0.2202051 0.2216950 0.2182733 0.2268421 0.2259562 0.2236956 0.2250671 0.2249324 0.2208575 0.2231999 0.2236451 0.2263526 0.2231597 0.2212957 0.2229537 0.2208917 0.2227482 0.2238974 0.2241063 0.2228380 0.2238972 3.5360635 3.2050002 3.1695848 3.1322928 3.0948766 3.1319805 3.3765458 3.3063703 3.2340409 3.1689264 5.8791058 3.0383171 3.0640569 3.0348732 2.5892397 2.5866566 2.4520408 2.5743704 2.4990938 2.5973158 2.4787571 2.3699253 2.5256817 2.6457639 2.4558335 2.4244260 2.3739205 2.5029096 2.5921648 2.6232377 2.5029082 2.4741115 2.6958966 2.3530791 
ON0528161_Temnothorax_89  0.1093090 0.0022740 0.0037928 0.0030483 0.0061453 0.0053670 0.0061497 0.0036190 0.0030339 0.0000000 0.0007537 0.0015123 0.0015111 0.0015123 0.0045952 0.0015208 0.0015375 0.0196064 0.0147786 0.0147786 0.0188887 0.0129525 0.0131502 0.0131502 0.2514404 0.2514404 0.2441758 0.2390311 0.2396845 0.2487398 0.2374942 0.2410419 0.2399824 0.2441398 0.2387119 0.2431205 0.2390196 0.2392443 0.2410530 0.2406319 0.2299748 0.2248229 0.2191071 0.2224844 0.2229673 0.2233768 0.2248851 0.2215635 0.2283348 0.2274146 0.2252089 0.2265589 0.2263953 0.2223067 0.2246630 0.2251296 0.2278428 0.2246231 0.2227486 0.2244157 0.2223418 0.2242088 0.2253655 0.2255934 0.2225624 0.2253932 3.5360635 3.2443552 3.2076880 3.1706232 3.1319805 3.1695848 3.4236539 3.3493353 3.2687270 3.2028198 5.8791058 2.9865718 3.0960983 3.0705435 2.6195215 2.6170685 2.4131952 2.5367079 2.4616635 2.5584186 2.4424939 2.3318630 2.4885739 2.6069448 2.4198737 2.3886516 2.3368981 2.5321711 2.6223451 2.6534788 2.5319881 2.5029096 2.7269416 2.3819221 
PQ6726161_Temnothorax_5   0.1110379 0.0028965 0.0036088 0.0029341 0.0059130 0.0051637 0.0059171 0.0034084 0.0028868 0.0007537 0.0000000 0.0014561 0.0014380 0.0007438 0.0037945 0.0007308 0.0007608 0.0201534 0.0157626 0.0142248 0.0195097 0.0132665 0.0139982 0.0139982 0.2399724 0.2414648 0.2419285 0.2368155 0.2374755 0.2464834 0.2352956 0.2388321 0.2377838 0.2418920 0.2365142 0.2408710 0.2368177 0.2370394 0.2388275 0.2383730 0.2276711 0.2225713 0.2169943 0.2203569 0.2208329 0.2212365 0.2227282 0.2193487 0.2261222 0.2252564 0.2229786 0.2243548 0.2242343 0.2201818 0.2225085 0.2229419 0.2256359 0.2224683 0.2206165 0.2222638 0.2202154 0.2220598 0.2232009 0.2234000 0.2203359 0.2231876 3.4964688 3.2050002 3.1695848 3.1322928 3.0948766 3.1319805 3.3765458 3.3063703 3.2340409 3.1689264 5.8791058 3.0383171 3.0640569 3.0348732 2.5892397 2.5866566 2.4520408 2.5743704 2.4990938 2.5973158 2.4787571 2.3699253 2.5256817 2.6457639 2.4558335 2.4244260 2.3739205 2.5029096 2.5921648 2.6232377 2.5029082 2.4741115 2.6958966 2.3530791 
ON0528061_Temnothorax_99  0.1091905 0.0014603 0.0021833 0.0014609 0.0044152 0.0036728 0.0044181 0.0011284 0.0014554 0.0015123 0.0014561 0.0000000 0.0000010 0.0000010 0.0030281 0.0000010 0.0000010 0.0196509 0.0157846 0.0150327 0.0205741 0.0132760 0.0141860 0.0141860 0.2419531 0.2419531 0.2419285 0.2368155 0.2374755 0.2464834 0.2352956 0.2388321 0.2377838 0.2418920 0.2365142 0.2408710 0.2368177 0.2370394 0.2388275 0.2383730 0.2276711 0.2225713 0.2169943 0.2203569 0.2208329 0.2212365 0.2227282 0.2193487 0.2261222 0.2252564 0.2229786 0.2243548 0.2242343 0.2201818 0.2225085 0.2229419 0.2256359 0.2224683 0.2206165 0.2222638 0.2202154 0.2220598 0.2232009 0.2234000 0.2203359 0.2231876 3.5360635 3.2050002 3.1695848 3.1322928 3.0948766 3.1319805 3.3765458 3.3063703 3.2340409 3.1689264 5.8791058 3.0383171 3.0640569 3.0348732 2.5892397 2.5866566 2.4520408 2.5743704 2.4990938 2.5973158 2.4787571 2.3699253 2.5256817 2.6457639 2.4558335 2.4244260 2.3739205 2.5029096 2.5921648 2.6232377 2.5029082 2.4741115 2.6958966 2.3530791 
ON0528081_Temnothorax_97  0.1100843 0.0014379 0.0021563 0.0014609 0.0044152 0.0036728 0.0044181 0.0011284 0.0014373 0.0015111 0.0014380 0.0000010 0.0000000 0.0000010 0.0030281 0.0000010 0.0000010 0.0201051 0.0157724 0.0150095 0.0202472 0.0132760 0.0139647 0.0139647 0.2403496 0.2418461 0.2419285 0.2368155 0.2374755 0.2464834 0.2352956 0.2388321 0.2377838 0.2418920 0.2365142 0.2408710 0.2368177 0.2370394 0.2388275 0.2383730 0.2276711 0.2225713 0.2169943 0.2203569 0.2208329 0.2212365 0.2227282 0.2193487 0.2261222 0.2252564 0.2229786 0.2243548 0.2242343 0.2201818 0.2225085 0.2229419 0.2256359 0.2224683 0.2206165 0.2222638 0.2202154 0.2220598 0.2232009 0.2234000 0.2203359 0.2231876 3.5360635 3.2050002 3.1695848 3.1322928 3.0948766 3.1319805 3.3765458 3.3063703 3.2340409 3.1689264 5.8791058 3.0383171 3.0640569 3.0348732 2.5892397 2.5866566 2.4520408 2.5743704 2.4990938 2.5973158 2.4787571 2.3699253 2.5256817 2.6457639 2.4558335 2.4244260 2.3739205 2.5029096 2.5921648 2.6232377 2.5029082 2.4741115 2.6958966 2.3530791 
ON0528151_Temnothorax_90  0.1078384 0.0014948 0.0022347 0.0014954 0.0045203 0.0037601 0.0045234 0.0011702 0.0014896 0.0015123 0.0007438 0.0000010 0.0000010 0.0000000 0.0030281 0.0000010 0.0000010 0.0193392 0.0145784 0.0145784 0.0202417 0.0127322 0.0137506 0.0137506 0.2483231 0.2483231 0.2419285 0.2368155 0.2374755 0.2464834 0.2352956 0.2388321 0.2377838 0.2418920 0.2365142 0.2408710 0.2368177 0.2370394 0.2388275 0.2383730 0.2276711 0.2225713 0.2169943 0.2203569 0.2208329 0.2212365 0.2227282 0.2193487 0.2261222 0.2252564 0.2229786 0.2243548 0.2242343 0.2201818 0.2225085 0.2229419 0.2256359 0.2224683 0.2206165 0.2222638 0.2202154 0.2220598 0.2232009 0.2234000 0.2203359 0.2231876 3.5360635 3.2050002 3.1695848 3.1322928 3.0948766 3.1319805 3.3765458 3.3063703 3.2340409 3.1689264 5.8791058 3.0383171 3.0640569 3.0348732 2.5892397 2.5866566 2.4520408 2.5743704 2.4990938 2.5973158 2.4787571 2.3699253 2.5256817 2.6457639 2.4558335 2.4244260 2.3739205 2.5029096 2.5921648 2.6232377 2.5029082 2.4741115 2.6958966 2.3530791 
ON0528091_Temnothorax_96  0.1131801 0.0037974 0.0053215 0.0022668 0.0014991 0.0007482 0.0015001 0.0011846 0.0045608 0.0045952 0.0037945 0.0030281 0.0030281 0.0030281 0.0000000 0.0000010 0.0000010 0.0229115 0.0180214 0.0180214 0.0230199 0.0128519 0.0171606 0.0171606 0.2565409 0.2565409 0.2507865 0.2455124 0.2461500 0.2554078 0.2439145 0.2475191 0.2464193 0.2507517 0.2451372 0.2497306 0.2454597 0.2456950 0.2475771 0.2472524 0.2366543 0.2313135 0.2251534 0.2285959 0.2291022 0.2295313 0.2310982 0.2279237 0.2347347 0.2336479 0.2316395 0.2329219 0.2326305 0.2284091 0.2308678 0.2314347 0.2342224 0.2308287 0.2288752 0.2306113 0.2284488 0.2303944 0.2316044 0.2319183 0.2289635 0.2317528 3.5360635 3.2050002 3.1695848 3.1322928 3.0948766 3.1319805 3.3765458 3.3063703 3.2340409 3.1689264 5.8791058 2.9869031 3.0087803 2.9885610 2.5892397 2.5866566 2.4520408 2.5352035 2.4990938 2.5569706 2.4787571 2.3699253 2.5256817 2.6057273 2.4558335 2.4244260 2.3739205 2.5029096 2.5521671 2.5832326 2.5029082 2.4741115 2.6550040 2.3530791 
ON0528071_Temnothorax_98  0.1090242 0.0014704 0.0021984 0.0014641 0.0014641 0.0007308 0.0014651 0.0011311 0.0014655 0.0015208 0.0007308 0.0000010 0.0000010 0.0000010 0.0000010 0.0000000 0.0000010 0.0197925 0.0158977 0.0151171 0.0206914 0.0133001 0.0142870 0.0142870 0.2407927 0.2407927 0.2423101 0.2371529 0.2378169 0.2469016 0.2356188 0.2391840 0.2381259 0.2422734 0.2368466 0.2412449 0.2371530 0.2373768 0.2391818 0.2387291 0.2279486 0.2228018 0.2171683 0.2205578 0.2210381 0.2214454 0.2229502 0.2195499 0.2263766 0.2254979 0.2232102 0.2245944 0.2244683 0.2203811 0.2227286 0.2231688 0.2258858 0.2226881 0.2208199 0.2224817 0.2204152 0.2222759 0.2234273 0.2236310 0.2205461 0.2234182 3.5360635 3.2050002 3.1695848 3.1322928 3.0948766 3.1319805 3.3765458 3.3063703 3.2340409 3.1689264 5.8791058 2.9455153 2.9602842 2.9512726 2.5892397 2.5866566 2.4520408 2.5015418 2.4990938 2.5224182 2.4787571 2.3699253 2.5256817 2.5716836 2.4558335 2.4244260 2.3739205 2.5029096 2.5178846 2.5491016 2.5029082 2.4741115 2.6204876 2.3530791 
ON0528131_Temnothorax_92  0.1085837 0.0007614 0.0022858 0.0015222 0.0015222 0.0007597 0.0015232 0.0011817 0.0015236 0.0015375 0.0007608 0.0000010 0.0000010 0.0000010 0.0000010 0.0000010 0.0000000 0.0197961 0.0149206 0.0149206 0.0198884 0.0128278 0.0140720 0.0140720 0.2486279 0.2486279 0.2423599 0.2371475 0.2378186 0.2470002 0.2353733 0.2392000 0.2381308 0.2423228 0.2368380 0.2412833 0.2371476 0.2373738 0.2391980 0.2402998 0.2294508 0.2242220 0.2184501 0.2218787 0.2223676 0.2227822 0.2243109 0.2209166 0.2278042 0.2268820 0.2246204 0.2260003 0.2258452 0.2216988 0.2240858 0.2245512 0.2273053 0.2240452 0.2221459 0.2238351 0.2217340 0.2236256 0.2247972 0.2250213 0.2219293 0.2248144 3.5360635 3.2294125 3.1929176 3.1322928 3.1169706 3.1546894 3.3765458 3.2771190 3.2340409 3.1689264 5.8791058 2.9119820 2.9336538 2.9415488 2.6035056 2.6009628 2.4653339 2.4681428 2.4884307 2.4884307 2.4681428 2.3699253 2.5389110 2.5389110 2.4681428 2.4364384 2.3739205 2.5160013 2.4667180 2.4985230 2.4985230 2.4695014 2.5701645 2.3530791 
ON0528191_Temnothorax_86  0.1140931 0.0217555 0.0208601 0.0213255 0.0245654 0.0237550 0.0245850 0.0285270 0.0216659 0.0196064 0.0201534 0.0196509 0.0201051 0.0193392 0.0229115 0.0197925 0.0197961 0.0000000 0.0126589 0.0119049 0.0194051 0.0140932 0.0131685 0.0131685 0.2329225 0.2331474 0.2332749 0.2282526 0.2289420 0.2378211 0.2267882 0.2303030 0.2292917 0.2332364 0.2280182 0.2322026 0.2283073 0.2285187 0.2302388 0.2347292 0.2273401 0.2222530 0.2135415 0.2168876 0.2173535 0.2177486 0.2192166 0.2190388 0.2258058 0.2217481 0.2226629 0.2240413 0.2207195 0.2167166 0.2190004 0.2226322 0.2253208 0.2189595 0.2171406 0.2187594 0.2167479 0.2185596 0.2196780 0.2230890 0.2200234 0.2228751 3.5350927 3.2654653 3.2280373 3.1910194 3.1516435 3.1895883 3.4544745 3.3726850 3.3189981 3.2517960 6.1034959 3.0401499 3.0942621 3.0365144 2.5896570 2.5870695 2.4521189 2.5747423 2.4992848 2.5977550 2.4788940 2.4185465 2.5259345 2.6463156 2.4559148 2.4244314 2.3737972 2.5031086 2.5925877 2.6237353 2.5031059 2.4742384 2.6965807 2.3529047 
ON0528181_Temnothorax_87  0.1080401 0.0174044 0.0165405 0.0174212 0.0206129 0.0198136 0.0190049 0.0200336 0.0173415 0.0147786 0.0157626 0.0157846 0.0157724 0.0145784 0.0180214 0.0158977 0.0149206 0.0126589 0.0000000 0.0007276 0.0150547 0.0087591 0.0088520 0.0088520 0.2318520 0.2318520 0.2376437 0.2325848 0.2332582 0.2376630 0.2310952 0.2301887 0.2335864 0.2376063 0.2323172 0.2365808 0.2326130 0.2328292 0.2345804 0.2391460 0.2319050 0.2267432 0.2177822 0.2211394 0.2216164 0.2220209 0.2235138 0.2234739 0.2301993 0.2260345 0.2271085 0.2284275 0.2250167 0.2209639 0.2232940 0.2269934 0.2297055 0.2232540 0.2213999 0.2230491 0.2209980 0.2228447 0.2239878 0.2274591 0.2244761 0.2272706 3.5378443 3.1881953 3.1533091 3.1159266 3.0790390 3.1159219 3.3613770 3.2880558 3.2700945 3.1845435 6.0418096 3.0214246 3.0788059 3.0196639 2.5767154 2.5740835 2.4395980 2.5621844 2.4870543 2.5847086 2.4671173 2.4060373 2.5137197 2.6331481 2.4443175 2.4130076 2.3621703 2.4909450 2.5796783 2.6106797 2.4910169 2.4623860 2.6829089 2.3415821 
ON0528171_Temnothorax_88  0.1057755 0.0166345 0.0157763 0.0166636 0.0198492 0.0190512 0.0182444 0.0188543 0.0165744 0.0147786 0.0142248 0.0150327 0.0150095 0.0145784 0.0180214 0.0151171 0.0149206 0.0119049 0.0007276 0.0000000 0.0142633 0.0078828 0.0081073 0.0081073 0.2306740 0.2306740 0.2376437 0.2325848 0.2332582 0.2376630 0.2310952 0.2301887 0.2335864 0.2376063 0.2323172 0.2365808 0.2326130 0.2328292 0.2345804 0.2391460 0.2319050 0.2267432 0.2177822 0.2211394 0.2216164 0.2220209 0.2235138 0.2234739 0.2301993 0.2260345 0.2271085 0.2284275 0.2250167 0.2209639 0.2232940 0.2269934 0.2297055 0.2232540 0.2213999 0.2230491 0.2209980 0.2228447 0.2239878 0.2274591 0.2244761 0.2272706 3.5378443 3.1881953 3.1533091 3.1159266 3.0790390 3.1159219 3.3613770 3.2880558 3.2700945 3.1845435 6.0418096 3.0214246 3.0788059 3.0196639 2.5767154 2.5740835 2.4395980 2.5621844 2.4870543 2.5847086 2.4671173 2.4060373 2.5137197 2.6331481 2.4443175 2.4130076 2.3621703 2.4909450 2.5796783 2.6106797 2.4910169 2.4623860 2.6829089 2.3415821 
ON0528201_Temnothorax_85  0.1130055 0.0219112 0.0210830 0.0222705 0.0255468 0.0247275 0.0255675 0.0277000 0.0218984 0.0188887 0.0195097 0.0205741 0.0202472 0.0202417 0.0230199 0.0206914 0.0198884 0.0194051 0.0150547 0.0142633 0.0000000 0.0096967 0.0072678 0.0072678 0.2363068 0.2377843 0.2432350 0.2381048 0.2387608 0.2477944 0.2365755 0.2401176 0.2390630 0.2431988 0.2353154 0.2421791 0.2380990 0.2383224 0.2401221 0.2448061 0.2309095 0.2257833 0.2231124 0.2265005 0.2269940 0.2274124 0.2289444 0.2240646 0.2357858 0.2314636 0.2276872 0.2314840 0.2304549 0.2263185 0.2287191 0.2325229 0.2352784 0.2286801 0.2267720 0.2284681 0.2263563 0.2282567 0.2294370 0.2330022 0.2235328 0.2303328 3.5482870 3.2220375 3.2412090 3.2043576 3.1646443 3.2026738 3.4018800 3.2640123 3.2022953 3.2128224 6.4145806 2.9992542 3.1345466 3.1019821 2.6471422 2.6448190 2.4218742 2.6308541 2.5125305 2.6110097 2.5337950 2.4329044 2.5816728 2.7035150 2.5105786 2.4791305 2.3875983 2.5591943 2.6498643 2.6809431 2.5588428 2.5296260 2.7549035 2.4092607 
ON0528231_Temnothorax_82  0.1155346 0.0142391 0.0132085 0.0141788 0.0141788 0.0141788 0.0141788 0.0162434 0.0150522 0.0129525 0.0132665 0.0132760 0.0132760 0.0127322 0.0128519 0.0133001 0.0128278 0.0140932 0.0087591 0.0078828 0.0096967 0.0000000 0.0025820 0.0025820 0.2458764 0.2458764 0.2550674 0.2484298 0.2492118 0.2578257 0.2461192 0.2479766 0.2495282 0.2550251 0.2479329 0.2537557 0.2483409 0.2486387 0.2510197 0.2641273 0.2558158 0.2486366 0.2356781 0.2400154 0.2406872 0.2412570 0.2433076 0.2440751 0.2524713 0.2464596 0.2488277 0.2501491 0.2452297 0.2397680 0.2430076 0.2481514 0.2517798 0.2429622 0.2403925 0.2426726 0.2398273 0.2423838 0.2439907 0.2488043 0.2454761 0.2487237 3.9293296 3.4609526 3.4084532 3.4084532 3.3118315 3.3597741 3.6928210 3.5725978 3.5706302 3.4866715 6.0418096 2.9981869 3.1935372 3.1772437 2.8165377 2.8147271 2.7231205 2.7016501 2.7347530 2.7347530 2.7016501 2.7347530 2.7927103 2.7927103 2.7016501 2.6636359 2.7347530 2.7670720 2.7040732 2.7421875 2.7421875 2.7053806 2.8346270 2.7040732 
ON0528221_Temnothorax_83  0.1097097 0.0155480 0.0147587 0.0157995 0.0189564 0.0181654 0.0189709 0.0174910 0.0155398 0.0131502 0.0139982 0.0141860 0.0139647 0.0137506 0.0171606 0.0142870 0.0140720 0.0131685 0.0088520 0.0081073 0.0072678 0.0025820 0.0000000 0.0014255 0.2284581 0.2298789 0.2374252 0.2324035 0.2330728 0.2419365 0.2309253 0.2344200 0.2333997 0.2373880 0.2321391 0.2363693 0.2324326 0.2326470 0.2343847 0.2389145 0.2317190 0.2265979 0.2177074 0.2210409 0.2215143 0.2219157 0.2233975 0.2233541 0.2300323 0.2259007 0.2269620 0.2282735 0.2248897 0.2208667 0.2231793 0.2268505 0.2295425 0.2231396 0.2212993 0.2229363 0.2209005 0.2227334 0.2238678 0.2273126 0.2243485 0.2271246 3.4699403 3.2008421 3.1655481 3.1282243 3.0909319 3.1279886 3.3765458 3.3018768 3.2613486 3.1955670 6.0418096 3.0340990 3.0892006 3.0310757 2.5861319 2.5835371 2.4489845 2.5713496 2.4961253 2.5941858 2.4758922 2.4154905 2.5227264 2.6426237 2.4530047 2.4216293 2.3710565 2.4999588 2.5890658 2.6201155 2.4999755 2.4712266 2.6926566 2.3502833 
ON0528211_Temnothorax_84  0.1097097 0.0155480 0.0147587 0.0157995 0.0189564 0.0181654 0.0189709 0.0174910 0.0155398 0.0131502 0.0139982 0.0141860 0.0139647 0.0137506 0.0171606 0.0142870 0.0140720 0.0131685 0.0088520 0.0081073 0.0072678 0.0025820 0.0014255 0.0000000 0.2310810 0.2325155 0.2359258 0.2309168 0.2315916 0.2404382 0.2294473 0.2329403 0.2319258 0.2358883 0.2306638 0.2348668 0.2309550 0.2311678 0.2328947 0.2373987 0.2301532 0.2250579 0.2162531 0.2195825 0.2200520 0.2204502 0.2219234 0.2218331 0.2285250 0.2244302 0.2254371 0.2267688 0.2234155 0.2194098 0.2217065 0.2253544 0.2280381 0.2216664 0.2198384 0.2214648 0.2194427 0.2212635 0.2223894 0.2258134 0.2228214 0.2256167 3.4699403 3.2008421 3.1655481 3.1282243 3.0909319 3.1279886 3.3765458 3.3018768 3.2814629 3.2152534 6.0418096 3.0340990 3.0892006 3.0310757 2.5861319 2.5835371 2.4489845 2.5713496 2.4961253 2.5941858 2.4758922 2.4154905 2.5227264 2.6426237 2.4530047 2.4216293 2.3710565 2.4999588 2.5890658 2.6201155 2.4999755 2.4712266 2.6926566 2.3502833 
PQ6726201_Temnothorax_1   0.2270048 0.2451757 0.2361354 0.2399893 0.2476146 0.2461501 0.2480840 0.2474497 0.2381489 0.2514404 0.2399724 0.2419531 0.2403496 0.2483231 0.2565409 0.2407927 0.2486279 0.2329225 0.2318520 0.2306740 0.2363068 0.2458764 0.2284581 0.2310810 0.0000000 0.0000010 0.1264728 0.1259975 0.1251505 0.1315328 0.1261731 0.1263561 0.1232581 0.1250336 0.1247185 0.1266520 0.1248360 0.1249230 0.1257374 0.1446841 0.1381328 0.1343192 0.1356464 0.1348579 0.1350856 0.1352797 0.1361182 0.1383036 0.1388919 0.1397460 0.1384758 0.1361903 0.1374309 0.1347931 0.1360083 0.1367111 0.1386205 0.1359652 0.1349776 0.1358670 0.1347846 0.1357690 0.1363391 0.1356577 0.1349075 0.1350519 3.2337567 3.2376075 3.1731783 3.1359099 3.0983809 3.1355295 3.1070640 3.0795089 2.7455440 2.7291254 5.1812694 3.0187060 2.8828051 2.8555384 2.5851876 2.5874252 2.3767283 2.4550884 2.4476112 2.5222729 2.3832434 2.3901606 2.3913018 2.5027601 2.3447608 2.3583073 2.3050265 2.4433470 2.5265305 2.5099389 2.3975633 2.4153273 2.5586945 2.2935101 
PQ6726191_Temnothorax_2   0.2259918 0.2467102 0.2373767 0.2399893 0.2476146 0.2461501 0.2480840 0.2470980 0.2394026 0.2514404 0.2414648 0.2419531 0.2418461 0.2483231 0.2565409 0.2407927 0.2486279 0.2331474 0.2318520 0.2306740 0.2377843 0.2458764 0.2298789 0.2325155 0.0000010 0.0000000 0.1264728 0.1259975 0.1251505 0.1315328 0.1261731 0.1263561 0.1232581 0.1250336 0.1247185 0.1266520 0.1248360 0.1249230 0.1257374 0.1446841 0.1381328 0.1343192 0.1356464 0.1348579 0.1350856 0.1352797 0.1361182 0.1383036 0.1388919 0.1397460 0.1384758 0.1361903 0.1374309 0.1347931 0.1360083 0.1367111 0.1386205 0.1359652 0.1349776 0.1358670 0.1347846 0.1357690 0.1363391 0.1356577 0.1349075 0.1350519 3.2337567 3.2376075 3.1731783 3.1359099 3.0983809 3.1355295 3.1070640 3.0795089 2.7455440 2.7291254 5.1812694 3.0187060 2.8828051 2.8555384 2.5851876 2.5874252 2.3767283 2.4550884 2.4476112 2.5222729 2.3832434 2.3901606 2.3913018 2.5027601 2.3447608 2.3583073 2.3050265 2.4433470 2.5265305 2.5099389 2.3975633 2.4153273 2.5586945 2.2935101 
OP2971851_Temnothorax_45  0.2300115 0.2448048 0.2401575 0.2385410 0.2474366 0.2489780 0.2513730 0.2696977 0.2427018 0.2441758 0.2419285 0.2419285 0.2419285 0.2419285 0.2507865 0.2423101 0.2423599 0.2332749 0.2376437 0.2376437 0.2432350 0.2550674 0.2374252 0.2359258 0.1264728 0.1264728 0.0000000 0.0017707 0.0017666 0.0044589 0.0026485 0.0026541 0.0008795 0.0008818 0.0017635 0.0017698 0.0017627 0.0017627 0.0017627 0.0315066 0.0285091 0.0251356 0.0282149 0.0270887 0.0270887 0.0271015 0.0270887 0.0278355 0.0254704 0.0252193 0.0258536 0.0244989 0.0251159 0.0241340 0.0241340 0.0243824 0.0254266 0.0241453 0.0241340 0.0241340 0.0241340 0.0241340 0.0241566 0.0244173 0.0249276 0.0245573 3.4819442 3.1246391 3.0974704 3.0930909 3.0245325 3.0607515 3.3281539 3.1850002 2.9335700 2.9091842 6.4275631 2.7278372 2.8924778 2.6340721 2.4246985 2.4259825 2.1016934 2.2535900 2.2173139 2.2869265 2.1860331 2.1861868 2.2274790 2.3171688 2.1649816 2.1531010 2.1153940 2.2686511 2.3075555 2.3182843 2.2277294 2.2432574 2.3835955 2.1213271 
OP2971811_Temnothorax_49  0.2292518 0.2396383 0.2350630 0.2334309 0.2421943 0.2437228 0.2460820 0.2595489 0.2375647 0.2390311 0.2368155 0.2368155 0.2368155 0.2368155 0.2455124 0.2371529 0.2371475 0.2282526 0.2325848 0.2325848 0.2381048 0.2484298 0.2324035 0.2309168 0.1259975 0.1259975 0.0017707 0.0000000 0.0000010 0.0026578 0.0008778 0.0008793 0.0008771 0.0008827 0.0000010 0.0000010 0.0000010 0.0000010 0.0000010 0.0315371 0.0254141 0.0231444 0.0261424 0.0250617 0.0250617 0.0250617 0.0251445 0.0258646 0.0245326 0.0261563 0.0238909 0.0225919 0.0241759 0.0231312 0.0231963 0.0234610 0.0245020 0.0231744 0.0231094 0.0231744 0.0231094 0.0231636 0.0232216 0.0225166 0.0229754 0.0226454 3.3121253 3.0770157 3.0510975 3.0458904 2.9791982 3.0148970 3.2712240 3.1339681 2.8156864 2.7921380 5.9440363 2.6766607 2.7242686 2.5950675 2.3878298 2.3889113 2.0672628 2.2200396 2.1831928 2.2521962 2.1530670 2.1493016 2.1939763 2.2829057 2.1321959 2.1201007 2.0808351 2.2339757 2.2727080 2.2836867 2.1939047 2.2090382 2.3482678 2.0868757 
OP2971801_Temnothorax_50  0.2274410 0.2402914 0.2357291 0.2341069 0.2428443 0.2443669 0.2467189 0.2606336 0.2382241 0.2396845 0.2374755 0.2374755 0.2374755 0.2374755 0.2461500 0.2378169 0.2378186 0.2289420 0.2332582 0.2332582 0.2387608 0.2492118 0.2330728 0.2315916 0.1251505 0.1251505 0.0017666 0.0000010 0.0000000 0.0035370 0.0008738 0.0008748 0.0008726 0.0008806 0.0000010 0.0000010 0.0000010 0.0000010 0.0000010 0.0314460 0.0253889 0.0231217 0.0260232 0.0249248 0.0249519 0.0249636 0.0250851 0.0258395 0.0244737 0.0260124 0.0238677 0.0225376 0.0241187 0.0230052 0.0231415 0.0234050 0.0244433 0.0231197 0.0230191 0.0231197 0.0229978 0.0231089 0.0231666 0.0224627 0.0229530 0.0226019 3.2599895 3.0839522 3.0578830 3.0528022 2.9859124 3.0216476 3.2792390 3.1413260 2.8177189 2.7532952 5.7729561 2.6766607 2.6975370 2.6012314 2.3938665 2.3949797 2.0732298 2.2256979 2.1889843 2.2580193 2.1586938 2.1555964 2.1996526 2.2886202 2.1378131 2.1257668 2.0868092 2.2398081 2.2785297 2.2894559 2.1996353 2.2148197 2.3540926 2.0928247 
OP2971901_Temnothorax_40  0.2318336 0.2493829 0.2447109 0.2431224 0.2520589 0.2535985 0.2512989 0.2737001 0.2472717 0.2487398 0.2464834 0.2464834 0.2464834 0.2464834 0.2554078 0.2469016 0.2470002 0.2378211 0.2376630 0.2376630 0.2477944 0.2578257 0.2419365 0.2404382 0.1315328 0.1315328 0.0044589 0.0026578 0.0035370 0.0000000 0.0035249 0.0026395 0.0044130 0.0035576 0.0035275 0.0026674 0.0026393 0.0026404 0.0026538 0.0346897 0.0286228 0.0263441 0.0301014 0.0289619 0.0279711 0.0279977 0.0281485 0.0290469 0.0275988 0.0300891 0.0270444 0.0256336 0.0271677 0.0270061 0.0261744 0.0264882 0.0275510 0.0261620 0.0260100 0.0261496 0.0259855 0.0261372 0.0262159 0.0255475 0.0261242 0.0257203 3.4244794 3.0968225 3.1284217 3.1246021 3.0548211 3.0913702 3.2944720 3.1550734 2.9084262 2.9171458 6.4727877 2.7023217 2.8306193 2.6605469 2.4501596 2.4515824 2.0834187 2.2771924 2.1989427 2.2680736 2.2094190 2.1663996 2.2511239 2.3410965 2.1883016 2.1766110 2.0970190 2.2930072 2.3319210 2.3424439 2.2516025 2.2673653 2.4080920 2.1459842 
OP2971821_Temnothorax_48  0.2285140 0.2380928 0.2335545 0.2319234 0.2406175 0.2421368 0.2444771 0.2559597 0.2360351 0.2374942 0.2352956 0.2352956 0.2352956 0.2352956 0.2439145 0.2356188 0.2353733 0.2267882 0.2310952 0.2310952 0.2365755 0.2461192 0.2309253 0.2294473 0.1261731 0.1261731 0.0026485 0.0008778 0.0008738 0.0035249 0.0000000 0.0017488 0.0017443 0.0017611 0.0008715 0.0008806 0.0008715 0.0008718 0.0008758 0.0324069 0.0274777 0.0241270 0.0269382 0.0258342 0.0258463 0.0258705 0.0259964 0.0268166 0.0254218 0.0269271 0.0248411 0.0234830 0.0250294 0.0239128 0.0240510 0.0243361 0.0253782 0.0240396 0.0239126 0.0240284 0.0238904 0.0240172 0.0240885 0.0234050 0.0239274 0.0235613 3.3217894 3.0564332 3.0311077 3.0597093 2.9598204 2.9952146 3.2872472 3.1117852 2.8681555 2.8444066 6.0738306 2.6143353 2.6813265 2.5790998 2.3328524 2.3336360 2.0539780 2.2068487 2.1698367 2.2384958 2.1402054 2.1618933 2.1808433 2.2693406 2.1194361 2.1072771 2.0927855 2.2203254 2.2589296 2.2699891 2.1806468 2.1956046 2.3341826 2.0987759 
OP2971891_Temnothorax_41  0.2243977 0.2416525 0.2370867 0.2354741 0.2442165 0.2457372 0.2434850 0.2587042 0.2395846 0.2410419 0.2388321 0.2388321 0.2388321 0.2388321 0.2475191 0.2391840 0.2392000 0.2303030 0.2301887 0.2301887 0.2401176 0.2479766 0.2344200 0.2329403 0.1263561 0.1263561 0.0026541 0.0008793 0.0008748 0.0026395 0.0017488 0.0000000 0.0017463 0.0017648 0.0008724 0.0008825 0.0008729 0.0008733 0.0008777 0.0324869 0.0275471 0.0241867 0.0269728 0.0258672 0.0258955 0.0259198 0.0260584 0.0268827 0.0254833 0.0269617 0.0249021 0.0235396 0.0250890 0.0239433 0.0241081 0.0243946 0.0254395 0.0240966 0.0239579 0.0240854 0.0239356 0.0240741 0.0241457 0.0234612 0.0239862 0.0236183 3.3279307 3.0623050 3.0368160 3.0313668 2.9653692 3.0008425 3.2532347 3.1181013 2.8590593 2.7937391 6.0513114 2.6766607 2.7556017 2.5837916 2.3775068 2.3785307 2.0581579 2.2109051 2.1739655 2.2426894 2.1441997 2.1393998 2.1848978 2.2734752 2.1234113 2.1112795 2.0716722 2.2245145 2.2631350 2.2741636 2.1847399 2.1997421 2.3384382 2.0777303 
OP2971841_Temnothorax_46  0.2277999 0.2405872 0.2360459 0.2344337 0.2431302 0.2446450 0.2469859 0.2609963 0.2385297 0.2399824 0.2377838 0.2377838 0.2377838 0.2377838 0.2464193 0.2381259 0.2381308 0.2292917 0.2335864 0.2335864 0.2390630 0.2495282 0.2333997 0.2319258 0.1232581 0.1232581 0.0008795 0.0008771 0.0008726 0.0044130 0.0017443 0.0017463 0.0000000 0.0000010 0.0008702 0.0008802 0.0008707 0.0008711 0.0008755 0.0323910 0.0274639 0.0241152 0.0268959 0.0257940 0.0258221 0.0258463 0.0259842 0.0268036 0.0254097 0.0268849 0.0248292 0.0234719 0.0250177 0.0238759 0.0240398 0.0243247 0.0253661 0.0240284 0.0238904 0.0240172 0.0238683 0.0240060 0.0240772 0.0233940 0.0239159 0.0235501 3.3569711 3.0908839 3.0646639 3.0597093 2.9926226 3.0283939 3.2872472 3.1486788 2.8842210 2.8183500 6.0738306 2.6968489 2.7786066 2.6073948 2.3999036 2.4010486 2.0791989 2.2313576 2.1947774 2.2638436 2.1643223 2.1618933 2.2053304 2.2943359 2.1434320 2.1314346 2.0927855 2.2456420 2.2843526 2.2952263 2.2053674 2.2206026 2.3599182 2.0987759 
OP2971831_Temnothorax_47  0.2299721 0.2447688 0.2401206 0.2385035 0.2474009 0.2489427 0.2513382 0.2696417 0.2426654 0.2441398 0.2418920 0.2418920 0.2418920 0.2418920 0.2507517 0.2422734 0.2423228 0.2332364 0.2376063 0.2376063 0.2431988 0.2550251 0.2373880 0.2358883 0.1250336 0.1250336 0.0008818 0.0008827 0.0008806 0.0035576 0.0017611 0.0017648 0.0000010 0.0000000 0.0008794 0.0008802 0.0008791 0.0008791 0.0008791 0.0323910 0.0274639 0.0241152 0.0272029 0.0260863 0.0260863 0.0260986 0.0261110 0.0268036 0.0254097 0.0271916 0.0248292 0.0234719 0.0251277 0.0241453 0.0241453 0.0243247 0.0253661 0.0241225 0.0241225 0.0241225 0.0241225 0.0241225 0.0241225 0.0233940 0.0239159 0.0235501 3.2955679 3.0908839 3.0646639 3.0597093 2.9926226 3.0283939 3.2872472 3.1486788 2.8521519 2.8284952 5.8745800 2.6968489 2.7579958 2.6073948 2.3999036 2.4010486 2.0791989 2.2313576 2.1947774 2.2638436 2.1643223 2.1618933 2.2053304 2.2943359 2.1434320 2.1314346 2.0927855 2.2456420 2.2843526 2.2952263 2.2053674 2.2206026 2.3599182 2.0987759 
OP2971881_Temnothorax_42  0.2240904 0.2393132 0.2347755 0.2331544 0.2418457 0.2433621 0.2457015 0.2586443 0.2372566 0.2387119 0.2365142 0.2365142 0.2365142 0.2365142 0.2451372 0.2368466 0.2368380 0.2280182 0.2323172 0.2323172 0.2353154 0.2479329 0.2321391 0.2306638 0.1247185 0.1247185 0.0017635 0.0000010 0.0000010 0.0035275 0.0008715 0.0008724 0.0008702 0.0008794 0.0000000 0.0000010 0.0000010 0.0000010 0.0000010 0.0314158 0.0264494 0.0231217 0.0259498 0.0248549 0.0248819 0.0249051 0.0250379 0.0258144 0.0244503 0.0259391 0.0238445 0.0225055 0.0240735 0.0229409 0.0230982 0.0233717 0.0244084 0.0230872 0.0229548 0.0230765 0.0229336 0.0230658 0.0231340 0.0224413 0.0229306 0.0225802 3.2996962 3.0692209 3.0435822 3.0382584 2.9720633 3.0075734 3.2612230 3.1254358 2.8352718 2.7705590 5.9323771 2.6766607 2.7339733 2.5899345 2.3835218 2.3845771 2.0641008 2.2165428 2.1797352 2.2484909 2.1498057 2.1456683 2.1905531 2.2791691 2.1290076 2.1169242 2.0776223 2.2303251 2.2689354 2.2799119 2.1904491 2.2055019 2.3442421 2.0836555 
OP2971921_Temnothorax_38  0.2289279 0.2437474 0.2390969 0.2374708 0.2463740 0.2479189 0.2503159 0.2677857 0.2416423 0.2431205 0.2408710 0.2408710 0.2408710 0.2408710 0.2497306 0.2412449 0.2412833 0.2322026 0.2365808 0.2365808 0.2421791 0.2537557 0.2363693 0.2348668 0.1266520 0.1266520 0.0017698 0.0000010 0.0000010 0.0026674 0.0008806 0.0008825 0.0008802 0.0008802 0.0000010 0.0000000 0.0000010 0.0000010 0.0000010 0.0314004 0.0264494 0.0231217 0.0262706 0.0251600 0.0251600 0.0251719 0.0251839 0.0258144 0.0244387 0.0262597 0.0238445 0.0225055 0.0242022 0.0232214 0.0232214 0.0233607 0.0243968 0.0231995 0.0231995 0.0231995 0.0231995 0.0231995 0.0231995 0.0224308 0.0229306 0.0225802 3.2102694 3.0692209 3.0435822 3.0382584 2.9720633 3.0075734 3.2612230 3.1254358 2.8334483 2.8099219 5.6405494 2.6766607 2.6906046 2.5899345 2.3835218 2.3845771 2.0641008 2.2165428 2.1797352 2.2484909 2.1498057 2.1456683 2.1905531 2.2791691 2.1290076 2.1169242 2.0776223 2.2303251 2.2689354 2.2799119 2.1904491 2.2055019 2.3442421 2.0836555 
OP2971911_Temnothorax_39  0.2268071 0.2396229 0.2350760 0.2334541 0.2421626 0.2436814 0.2460256 0.2592842 0.2375622 0.2390196 0.2368177 0.2368177 0.2368177 0.2368177 0.2454597 0.2371530 0.2371476 0.2283073 0.2326130 0.2326130 0.2380990 0.2483409 0.2324326 0.2309550 0.1248360 0.1248360 0.0017627 0.0000010 0.0000010 0.0026393 0.0008715 0.0008729 0.0008707 0.0008791 0.0000010 0.0000010 0.0000000 0.0000010 0.0000010 0.0314004 0.0264494 0.0231217 0.0259660 0.0248703 0.0248703 0.0248935 0.0250262 0.0258144 0.0244387 0.0259553 0.0238445 0.0225055 0.0240623 0.0229551 0.0230875 0.0233607 0.0243968 0.0230765 0.0229442 0.0230658 0.0229336 0.0230551 0.0231233 0.0224308 0.0229306 0.0225802 3.3346780 3.0692209 3.0435822 3.0382584 2.9720633 3.0075734 3.2612230 3.1254358 2.8334483 2.8099219 6.0738306 2.6766607 2.7614367 2.5899345 2.3835218 2.3845771 2.0641008 2.2165428 2.1797352 2.2484909 2.1498057 2.1456683 2.1905531 2.2791691 2.1290076 2.1169242 2.0776223 2.2303251 2.2689354 2.2799119 2.1904491 2.2055019 2.3442421 2.0836555 
OP2971871_Temnothorax_43  0.2270178 0.2398490 0.2352956 0.2336731 0.2423940 0.2439145 0.2462621 0.2597516 0.2377855 0.2392443 0.2370394 0.2370394 0.2370394 0.2370394 0.2456950 0.2373768 0.2373738 0.2285187 0.2328292 0.2328292 0.2383224 0.2486387 0.2326470 0.2311678 0.1249230 0.1249230 0.0017627 0.0000010 0.0000010 0.0026404 0.0008718 0.0008733 0.0008711 0.0008791 0.0000010 0.0000010 0.0000010 0.0000000 0.0000010 0.0314004 0.0264494 0.0231217 0.0259782 0.0248819 0.0248819 0.0248935 0.0250262 0.0258144 0.0244387 0.0259675 0.0238445 0.0225055 0.0240623 0.0229657 0.0230875 0.0233607 0.0243968 0.0230765 0.0229442 0.0230658 0.0229442 0.0230551 0.0231233 0.0224308 0.0229306 0.0225802 3.3346780 3.0692209 3.0435822 3.0382584 2.9720633 3.0075734 3.2612230 3.1254358 2.8334483 2.8099219 6.0738306 2.6766607 2.7614367 2.5899345 2.3835218 2.3845771 2.0641008 2.2165428 2.1797352 2.2484909 2.1498057 2.1456683 2.1905531 2.2791691 2.1290076 2.1169242 2.0776223 2.2303251 2.2689354 2.2799119 2.1904491 2.2055019 2.3442421 2.0836555 
