150
PQ6726171_Temnothorax_4   0.0000000 0.0162216 0.0011101 0.0000010 0.0000010 0.0011857 0.0000010 0.0011352 0.0000010 0.0000010 0.0000010 0.0000010 0.0011885 0.0000010 0.0000010 0.0011335 0.0000010 0.0000010 0.0000010 0.0000010 0.0000010 0.0000010 0.0011314 0.0000010 0.0011340 0.0000010 0.0012296 0.0034174 0.0036257 0.0011326 0.0011326 0.0011746 0.0022796 0.2293328 0.2290191 0.2278535 0.2282500 0.2252510 0.2244817 0.2299939 0.2286481 0.2305468 0.2307246 0.2351933 0.2323352 0.2306372 0.2328185 0.2295258 0.2344764 0.2296691 0.2286986 0.2286986 0.2244469 0.2338507 0.2430334 0.2155035 0.2203639 0.2218919 0.2210550 0.2226511 0.2252777 0.2564126 0.2445586 0.2342039 0.2408392 0.2494625 0.2367703 0.2376453 0.2372306 0.2367235 0.2389099 0.2463151 0.2463592 0.2376637 0.2384772 0.1201170 0.0199769 0.0188110 0.0283858 0.0174657 0.0174657 0.0275258 8.9999981 8.9999980 8.9999982 7.0418919 8.9999984 8.9999985 8.9999983 8.9999987 8.9999984 8.9999985 8.9999985 8.9999983 8.9999983 8.9999983 8.9999987 8.9999982 8.9999989 8.9999986 8.9999981 8.9999984 8.9999989 8.9999989 8.9999986 8.9211158 8.9999984 8.9999986 8.9999989 8.9999986 8.9999989 8.9999988 8.9999982 8.9999989 8.9999985 8.9999988 8.9999982 8.9999983 8.9999982 8.9999984 8.9999987 8.9999981 8.9999988 8.9999984 8.9999987 8.9999985 8.9999986 8.9999984 8.9999984 8.9999989 8.9999984 8.9999984 8.9999984 8.9999988 8.9999987 8.9999989 8.9999985 8.9999982 8.9999986 8.9999988 8.9999984 8.9999983 8.9999985 8.9999985 8.9999988 8.9999988 8.9999988 8.9999981 8.9999986 7.4309537 
ON0528231_Temnothorax_82  0.0162216 0.0000000 0.0131971 0.0150277 0.0141617 0.0128124 0.0150069 0.0132856 0.0141617 0.0141617 0.0145539 0.0141617 0.0128352 0.0141617 0.0141617 0.0150842 0.0160222 0.0141617 0.0141617 0.0141617 0.0141617 0.0141617 0.0150623 0.0152305 0.0150893 0.0136443 0.0151053 0.0132557 0.0129351 0.0132628 0.0132628 0.0127209 0.0142234 0.2295037 0.2295037 0.2249751 0.2252390 0.2232306 0.2227135 0.2263970 0.2255036 0.2306100 0.2307292 0.2337137 0.2318054 0.2306714 0.2283372 0.2277881 0.2332374 0.2300213 0.2255386 0.2275867 0.2226910 0.2306090 0.2365205 0.2189775 0.2263748 0.2233487 0.2227733 0.2238692 0.2256590 0.2438684 0.2347195 0.2279078 0.2323112 0.2381152 0.2296544 0.2302225 0.2299517 0.2296206 0.2311125 0.2359223 0.2359549 0.2301828 0.2307720 0.1116952 0.0087641 0.0078908 0.0140801 0.0025900 0.0025900 0.0096926 8.9999989 8.9999989 8.9999989 6.9215019 8.9999988 8.9999984 8.9999986 8.9999986 8.9999989 8.9999986 8.9999985 8.9999989 8.9999984 8.9999981 8.9999985 8.9999989 8.9999988 8.9999984 8.9999989 8.9999980 8.9999988 8.9999989 8.9999988 8.9999980 8.9999983 8.9999989 8.9999989 8.9999985 8.9999989 8.9999987 8.9999987 8.9999981 8.9999989 8.9999990 8.9999983 8.9999988 8.9999987 8.9999986 8.9999989 8.9999982 8.9999986 8.9999985 8.9999985 8.9999984 8.9999985 8.9999984 8.9999982 8.9999987 8.9999985 8.9999987 8.9999988 8.9999985 8.9999981 8.9999986 8.9999982 8.9999987 8.9999985 8.9999987 8.9999984 8.9999984 8.9999985 8.9999984 8.9999985 8.9999989 8.9999986 8.9999989 8.9999986 7.2902103 
PQ6726151_Temnothorax_6   0.0011101 0.0131971 0.0000000 0.0021376 0.0014658 0.0022906 0.0016758 0.0022036 0.0044235 0.0044202 0.0015821 0.0051673 0.0053285 0.0036803 0.0007311 0.0021633 0.0028917 0.0014392 0.0014392 0.0021893 0.0014557 0.0014534 0.0021598 0.0016289 0.0021886 0.0014899 0.0023056 0.0036165 0.0037976 0.0021623 0.0021886 0.0022401 0.0036276 0.2204557 0.2215615 0.2056008 0.2057877 0.2043372 0.2039694 0.2066122 0.2059751 0.2066133 0.2065526 0.2089297 0.2074602 0.2062410 0.2082640 0.2055927 0.2085968 0.2062002 0.2060063 0.2075995 0.2039605 0.2075994 0.2118423 0.2010548 0.2029470 0.2044229 0.2040145 0.2047926 0.2060933 0.2198285 0.2223509 0.2173694 0.2205493 0.2271054 0.2205088 0.2189787 0.2187766 0.2185300 0.2197210 0.2233210 0.2233494 0.2188852 0.2193967 0.1081862 0.0164958 0.0157398 0.0207938 0.0147376 0.0147376 0.0209898 8.9999981 8.9999980 8.9999982 7.0418919 8.9999984 8.9999985 8.9999983 8.9999987 8.9999984 8.9999985 8.9999985 8.9999983 8.9999983 8.9999983 8.9999987 8.9999982 8.9999989 8.9999986 8.9999981 8.9999984 8.9999989 8.9999989 8.9999986 8.9211158 8.9999984 8.9999986 8.9999989 8.9999986 8.9999989 8.9999988 8.9999982 8.9999989 8.9999985 8.9999988 8.9999982 8.9999983 8.9999982 8.9999984 8.9999987 8.9999981 8.9999988 8.9999984 8.9999987 8.9999985 8.9999986 8.9999984 8.9999984 8.9999989 8.9999984 8.9999984 8.9999984 8.9999988 8.9999987 8.9999989 8.9999985 8.9999982 8.9999986 8.9999988 8.9999984 8.9999983 8.9999985 8.9999985 8.9999988 8.9999988 8.9999988 8.9999981 8.9999986 7.4309537 
PQ6726141_Temnothorax_7   0.0000010 0.0150277 0.0021376 0.0000000 0.0007328 0.0015269 0.0008378 0.0014689 0.0036858 0.0036830 0.0007909 0.0044285 0.0045668 0.0044265 0.0014656 0.0014420 0.0021685 0.0007193 0.0007193 0.0014593 0.0007278 0.0007266 0.0014404 0.0008143 0.0014588 0.0007448 0.0015368 0.0028928 0.0030376 0.0014413 0.0014589 0.0014932 0.0029017 0.2221683 0.2232843 0.2076508 0.2078406 0.2063707 0.2059972 0.2086771 0.2080309 0.2087040 0.2086563 0.2110385 0.2095617 0.2083670 0.2103223 0.2077230 0.2107011 0.2082851 0.2080618 0.2096627 0.2059874 0.2097552 0.2140457 0.2017043 0.2036319 0.2050872 0.2046758 0.2054596 0.2067688 0.2219887 0.2245065 0.2194729 0.2226810 0.2292690 0.2226255 0.2210899 0.2208848 0.2206345 0.2218279 0.2254762 0.2255043 0.2210078 0.2215126 0.1093574 0.0172866 0.0165284 0.0215871 0.0155105 0.0155105 0.0217913 8.9999981 8.9999980 8.9999982 7.0418919 8.9999984 8.9999985 8.9999983 8.9999987 8.9999984 8.9999985 8.9999985 8.9999983 8.9999983 8.9999983 8.9999987 8.9999982 8.9999989 8.9999986 8.9999981 8.9999984 8.9999989 8.9999989 8.9999986 8.9211158 8.9999984 8.9999986 8.9999989 8.9999986 8.9999989 8.9999988 8.9999982 8.9999989 8.9999985 8.9999988 8.9999982 8.9999983 8.9999982 8.9999984 8.9999987 8.9999981 8.9999988 8.9999984 8.9999987 8.9999985 8.9999986 8.9999984 8.9999984 8.9999989 8.9999984 8.9999984 8.9999984 8.9999988 8.9999987 8.9999989 8.9999985 8.9999982 8.9999986 8.9999988 8.9999984 8.9999983 8.9999985 8.9999985 8.9999988 8.9999988 8.9999988 8.9999981 8.9999986 7.4309537 
ON0528041_Temnothorax_101 0.0000010 0.0141617 0.0014658 0.0007328 0.0000000 0.0007616 0.0000010 0.0007333 0.0000010 0.0000010 0.0000010 0.0007326 0.0007551 0.0007323 0.0007323 0.0007326 0.0014689 0.0000010 0.0000010 0.0007330 0.0000010 0.0000010 0.0007308 0.0000010 0.0007328 0.0000010 0.0007715 0.0022046 0.0022892 0.0007323 0.0007323 0.0007496 0.0022115 0.2231893 0.2231893 0.2059186 0.2061074 0.2046428 0.2042713 0.2069402 0.2062967 0.2069454 0.2068863 0.2092829 0.2078007 0.2065758 0.2086036 0.2059230 0.2089467 0.2065281 0.2063281 0.2079348 0.2042622 0.2079498 0.2122352 0.2013323 0.2032529 0.2047293 0.2043168 0.2051028 0.2064160 0.2202764 0.2228173 0.2177869 0.2209968 0.2276099 0.2209528 0.2194099 0.2192057 0.2189565 0.2201570 0.2237947 0.2238233 0.2193181 0.2198321 0.1064746 0.0166133 0.0158638 0.0204848 0.0150147 0.0150147 0.0213909 8.9999981 8.9999980 8.9999982 7.0418919 8.9999984 8.9999985 8.9999983 8.9999987 8.9999984 8.9999985 8.9999985 8.9999983 8.9999983 8.9999983 8.9999987 8.9999982 8.9999989 8.9999986 8.9999981 8.9999984 8.9999989 8.9999989 8.9999986 8.9211158 8.9999984 8.9999986 8.9999989 8.9999986 8.9999989 8.9999988 8.9999982 8.9999989 8.9999985 8.9999988 8.9999982 8.9999983 8.9999982 8.9999984 8.9999987 8.9999981 8.9999988 8.9999984 8.9999987 8.9999985 8.9999986 8.9999984 8.9999984 8.9999989 8.9999984 8.9999984 8.9999984 8.9999988 8.9999987 8.9999989 8.9999985 8.9999982 8.9999986 8.9999988 8.9999984 8.9999983 8.9999985 8.9999985 8.9999988 8.9999988 8.9999988 8.9999981 8.9999985 7.4309537 
ON0528131_Temnothorax_92  0.0011857 0.0128124 0.0022906 0.0015269 0.0007616 0.0000000 0.0008371 0.0000010 0.0007616 0.0007616 0.0007987 0.0015264 0.0000010 0.0015257 0.0015257 0.0015264 0.0022957 0.0007616 0.0007616 0.0015274 0.0007616 0.0007616 0.0015246 0.0008290 0.0007616 0.0007616 0.0015616 0.0007625 0.0015403 0.0000010 0.0000010 0.0000010 0.0007631 0.2318549 0.2318549 0.2086341 0.2088281 0.2073278 0.2069463 0.2096825 0.2090224 0.2097225 0.2096807 0.2121001 0.2105981 0.2093981 0.2113477 0.2070613 0.2117554 0.2092947 0.2090537 0.2106813 0.2069359 0.2091199 0.2134698 0.2039691 0.2060298 0.2074165 0.2069928 0.2078000 0.2091438 0.2232362 0.2243395 0.2190226 0.2224862 0.2291792 0.2224312 0.2208712 0.2206631 0.2204090 0.2216215 0.2253252 0.2253538 0.2207865 0.2213002 0.1051425 0.0148839 0.0148839 0.0197217 0.0140444 0.0140444 0.0197921 8.9999981 8.9999980 8.9999982 7.0418919 8.9999984 8.9999985 8.9999983 8.9999987 8.9999984 8.9999985 8.9999985 8.9999983 8.9999983 8.9999983 8.9999987 8.9999982 8.9999989 8.9999986 8.9999981 8.9999984 8.9999989 8.9999989 8.9999986 8.9211158 8.9999984 8.9999986 8.9999989 8.9999986 8.9999989 8.9999988 8.9999982 8.9999989 8.9999985 8.9999988 8.9999982 8.9999983 8.9999982 8.9999984 8.9999987 8.9999981 8.9999988 8.9999984 8.9999987 8.9999985 8.9999986 8.9999984 8.9999984 8.9999989 8.9999984 8.9999984 8.9999984 8.9999988 8.9999987 8.9999989 8.9999985 8.9999982 8.9999986 8.9999988 8.9999984 8.9999983 8.9999985 8.9999985 8.9999988 8.9999988 8.9999988 8.9999981 8.9999986 7.4309537 
ON0527961_Temnothorax_109 0.0000010 0.0150069 0.0016758 0.0008378 0.0000010 0.0008371 0.0000000 0.0008371 0.0000010 0.0000010 0.0000010 0.0008375 0.0008371 0.0008371 0.0008371 0.0000010 0.0016799 0.0000010 0.0000010 0.0000010 0.0000010 0.0000010 0.0000010 0.0000010 0.0000010 0.0000010 0.0000010 0.0016780 0.0025227 0.0008371 0.0008371 0.0008371 0.0008375 0.2333656 0.2333656 0.2128591 0.2130651 0.2114785 0.2110736 0.2139714 0.2132715 0.2140691 0.2140550 0.2165587 0.2149950 0.2138128 0.2156708 0.2131507 0.2161934 0.2136159 0.2133032 0.2149960 0.2110607 0.2153466 0.2199702 0.2079785 0.2103040 0.2115722 0.2111223 0.2119793 0.2133985 0.2281497 0.2292618 0.2236560 0.2272957 0.2342649 0.2272033 0.2255844 0.2253630 0.2250925 0.2263463 0.2302760 0.2303045 0.2255240 0.2260369 0.1130470 0.0172883 0.0172883 0.0217396 0.0154756 0.0154756 0.0209490 8.9999981 8.9999980 8.9999982 7.0418919 8.9999984 8.9999985 8.9999983 8.9999987 8.9999984 8.9999985 8.9999985 8.9999983 8.9999983 8.9999983 8.9999987 8.9999982 8.9999989 8.9999986 8.9999981 8.9999984 8.9999989 8.9999989 8.9999986 8.9211158 8.9999984 8.9999986 8.9999989 8.9999986 8.9999989 8.9999988 8.9999982 8.9999989 8.9999985 8.9999988 8.9999982 8.9999983 8.9999982 8.9999984 8.9999987 8.9999981 8.9999988 8.9999984 8.9999987 8.9999985 8.9999986 8.9999984 8.9999984 8.9999989 8.9999984 8.9999984 8.9999984 8.9999988 8.9999987 8.9999989 8.9999985 8.9999982 8.9999986 8.9999988 8.9999984 8.9999983 8.9999985 8.9999985 8.9999988 8.9999988 8.9999988 8.9999981 8.9999989 7.4309537 
ON0528071_Temnothorax_98  0.0011352 0.0132856 0.0022036 0.0014689 0.0007333 0.0000010 0.0008371 0.0000000 0.0007328 0.0007328 0.0007903 0.0014685 0.0000010 0.0014678 0.0014678 0.0014685 0.0022083 0.0007328 0.0007328 0.0014694 0.0007328 0.0007328 0.0014668 0.0008193 0.0014689 0.0007490 0.0015444 0.0007336 0.0015236 0.0000010 0.0000010 0.0000010 0.0014740 0.2247204 0.2247204 0.2073002 0.2074905 0.2060162 0.2056417 0.2083294 0.2076813 0.2083520 0.2083019 0.2106962 0.2092126 0.2080072 0.2099845 0.2056945 0.2103577 0.2079319 0.2077125 0.2093206 0.2056320 0.2077175 0.2119954 0.2026999 0.2046809 0.2061033 0.2056875 0.2064797 0.2078009 0.2216978 0.2242297 0.2191766 0.2223977 0.2290165 0.2223439 0.2208010 0.2205952 0.2203441 0.2215434 0.2252047 0.2252330 0.2207169 0.2212253 0.1055910 0.0158556 0.0150839 0.0197234 0.0142617 0.0142617 0.0205934 8.9999981 8.9999980 8.9999982 7.0418919 8.9999984 8.9999985 8.9999983 8.9999987 8.9999984 8.9999985 8.9999985 8.9999983 8.9999983 8.9999983 8.9999987 8.9999982 8.9999989 8.9999986 8.9999981 8.9999984 8.9999989 8.9999989 8.9999986 8.9211158 8.9999984 8.9999986 8.9999989 8.9999986 8.9999989 8.9999988 8.9999982 8.9999989 8.9999985 8.9999988 8.9999982 8.9999983 8.9999982 8.9999984 8.9999987 8.9999981 8.9999988 8.9999984 8.9999987 8.9999985 8.9999986 8.9999984 8.9999984 8.9999989 8.9999984 8.9999984 8.9999984 8.9999988 8.9999987 8.9999989 8.9999985 8.9999982 8.9999986 8.9999988 8.9999984 8.9999983 8.9999985 8.9999985 8.9999988 8.9999988 8.9999988 8.9999981 8.9999985 7.4309537 
ON0528021_Temnothorax_103 0.0000010 0.0141617 0.0044235 0.0036858 0.0000010 0.0007616 0.0000010 0.0007328 0.0000000 0.0000010 0.0000010 0.0007284 0.0007507 0.0007281 0.0014656 0.0036848 0.0044330 0.0029419 0.0029419 0.0036870 0.0029419 0.0029419 0.0036806 0.0032968 0.0036858 0.0030118 0.0038818 0.0051758 0.0053760 0.0036831 0.0036831 0.0037706 0.0051922 0.2284639 0.2284639 0.2128921 0.2130899 0.2115656 0.2111764 0.2139603 0.2132882 0.2140538 0.2140403 0.2164423 0.2149421 0.2138078 0.2155923 0.2131730 0.2160920 0.2136189 0.2133186 0.2149441 0.2111640 0.2152777 0.2197047 0.2082022 0.2104427 0.2116557 0.2112232 0.2120469 0.2134101 0.2275570 0.2300699 0.2248863 0.2281768 0.2348657 0.2280818 0.2265279 0.2263143 0.2260533 0.2272561 0.2310413 0.2310685 0.2264752 0.2269637 0.1108202 0.0197572 0.0190042 0.0236673 0.0181299 0.0181299 0.0246025 8.9999981 8.9999980 8.9999982 7.0418919 8.9999984 8.9999985 8.9999983 8.9999987 8.9999984 8.9999985 8.9999985 8.9999983 8.9999983 8.9999983 8.9999987 8.9999982 8.9999989 8.9999986 8.9999981 8.9999984 8.9999989 8.9999989 8.9999986 8.9211158 8.9999984 8.9999986 8.9999989 8.9999986 8.9999989 8.9999988 8.9999982 8.9999989 8.9999985 8.9999988 8.9999982 8.9999983 8.9999982 8.9999984 8.9999987 8.9999981 8.9999988 8.9999984 8.9999987 8.9999985 8.9999986 8.9999984 8.9999984 8.9999989 8.9999984 8.9999984 8.9999984 8.9999988 8.9999987 8.9999989 8.9999985 8.9999982 8.9999986 8.9999988 8.9999984 8.9999983 8.9999985 8.9999985 8.9999988 8.9999988 8.9999988 8.9999981 8.9999985 7.4309537 
ON0528121_Temnothorax_93  0.0000010 0.0141617 0.0044202 0.0036830 0.0000010 0.0007616 0.0000010 0.0007328 0.0000010 0.0000000 0.0000010 0.0007279 0.0007501 0.0007275 0.0014656 0.0036821 0.0044297 0.0029397 0.0029397 0.0036843 0.0029397 0.0029397 0.0036779 0.0032940 0.0036830 0.0030094 0.0038788 0.0051719 0.0053718 0.0036803 0.0036803 0.0037677 0.0051883 0.2294341 0.2294341 0.2128921 0.2130899 0.2115656 0.2111764 0.2139603 0.2132882 0.2140538 0.2140403 0.2164423 0.2149421 0.2138078 0.2155923 0.2131730 0.2160920 0.2136189 0.2133186 0.2149441 0.2111640 0.2152777 0.2197047 0.2082022 0.2104427 0.2116557 0.2112232 0.2120469 0.2134101 0.2275570 0.2300699 0.2248863 0.2281768 0.2348657 0.2280818 0.2265279 0.2263143 0.2260533 0.2272561 0.2310413 0.2310685 0.2264752 0.2269637 0.1107284 0.0197421 0.0189897 0.0236492 0.0181162 0.0181162 0.0245836 8.9999981 8.9999980 8.9999982 7.0418919 8.9999984 8.9999985 8.9999983 8.9999987 8.9999984 8.9999985 8.9999985 8.9999983 8.9999983 8.9999983 8.9999987 8.9999982 8.9999989 8.9999986 8.9999981 8.9999984 8.9999989 8.9999989 8.9999986 8.9211158 8.9999984 8.9999986 8.9999989 8.9999986 8.9999989 8.9999988 8.9999982 8.9999989 8.9999985 8.9999988 8.9999982 8.9999983 8.9999982 8.9999984 8.9999987 8.9999981 8.9999988 8.9999984 8.9999987 8.9999985 8.9999986 8.9999984 8.9999984 8.9999989 8.9999984 8.9999984 8.9999984 8.9999988 8.9999987 8.9999989 8.9999985 8.9999982 8.9999986 8.9999988 8.9999984 8.9999983 8.9999985 8.9999985 8.9999988 8.9999988 8.9999988 8.9999981 8.9999985 7.4309537 
ON0528011_Temnothorax_104 0.0000010 0.0145539 0.0015821 0.0007909 0.0000010 0.0007987 0.0000010 0.0007903 0.0000010 0.0000010 0.0000000 0.0007907 0.0007903 0.0007903 0.0007903 0.0007907 0.0015857 0.0000010 0.0000010 0.0007912 0.0000010 0.0000010 0.0000010 0.0000010 0.0000010 0.0000010 0.0000010 0.0015840 0.0023810 0.0007903 0.0007903 0.0007903 0.0015853 0.2305298 0.2305298 0.2059186 0.2061074 0.2046428 0.2042713 0.2069402 0.2062967 0.2069454 0.2068863 0.2092829 0.2078007 0.2065758 0.2086036 0.2059230 0.2089467 0.2065281 0.2063281 0.2079348 0.2042622 0.2079498 0.2122352 0.2013323 0.2032529 0.2047293 0.2043168 0.2051028 0.2064160 0.2202764 0.2228173 0.2177869 0.2209968 0.2276099 0.2209528 0.2194099 0.2192057 0.2189565 0.2201570 0.2237947 0.2238233 0.2193181 0.2198321 0.1062817 0.0162895 0.0162895 0.0213300 0.0145865 0.0145865 0.0197262 8.9999981 8.9999980 8.9999982 7.0418919 8.9999984 8.9999985 8.9999983 8.9999987 8.9999984 8.9999985 8.9999985 8.9999983 8.9999983 8.9999983 8.9999987 8.9999982 8.9999989 8.9999986 8.9999981 8.9999984 8.9999989 8.9999989 8.9999986 8.9211158 8.9999984 8.9999986 8.9999989 8.9999986 8.9999989 8.9999988 8.9999982 8.9999989 8.9999985 8.9999988 8.9999982 8.9999983 8.9999982 8.9999984 8.9999987 8.9999981 8.9999988 8.9999984 8.9999987 8.9999985 8.9999986 8.9999984 8.9999984 8.9999989 8.9999984 8.9999984 8.9999984 8.9999988 8.9999987 8.9999989 8.9999985 8.9999982 8.9999986 8.9999988 8.9999984 8.9999983 8.9999985 8.9999985 8.9999988 8.9999988 8.9999988 8.9999981 8.9999982 7.4309537 
ON0528101_Temnothorax_95  0.0000010 0.0141617 0.0051673 0.0044285 0.0007326 0.0015264 0.0008375 0.0014685 0.0007284 0.0007279 0.0007907 0.0000000 0.0015033 0.0014580 0.0022028 0.0044274 0.0051797 0.0036821 0.0036821 0.0044300 0.0036821 0.0036821 0.0044223 0.0041269 0.0044285 0.0037696 0.0046656 0.0059229 0.0061523 0.0044253 0.0044253 0.0045306 0.0059418 0.2310939 0.2310939 0.2148503 0.2150508 0.2135086 0.2131141 0.2159324 0.2152518 0.2160510 0.2160504 0.2184554 0.2169492 0.2158399 0.2175563 0.2152098 0.2181009 0.2156109 0.2152819 0.2169137 0.2131008 0.2173380 0.2218080 0.2101281 0.2124608 0.2135997 0.2131613 0.2139963 0.2153744 0.2296112 0.2321178 0.2268874 0.2302028 0.2328756 0.2261291 0.2285352 0.2283189 0.2280543 0.2292585 0.2330880 0.2331149 0.2284937 0.2289752 0.1095777 0.0189441 0.0181929 0.0244639 0.0189107 0.0189107 0.0254063 8.9999981 8.9999980 8.9999982 7.0418919 8.9999984 8.9999985 8.9999983 8.9999987 8.9999984 8.9999985 8.9999985 8.9999983 8.9999983 8.9999983 8.9999987 8.9999982 8.9999989 8.9999986 8.9999981 8.9999984 8.9999989 8.9999989 8.9999986 8.9211158 8.9999984 8.9999986 8.9999989 8.9999986 8.9999989 8.9999988 8.9999982 8.9999989 8.9999985 8.9999988 8.9999982 8.9999983 8.9999982 8.9999984 8.9999987 8.9999981 8.9999988 8.9999984 8.9999987 8.9999985 8.9999986 8.9999984 8.9999984 8.9999989 8.9999984 8.9999984 8.9999984 8.9999988 8.9999987 8.9999989 8.9999985 8.9999982 8.9999986 8.9999988 8.9999984 8.9999983 8.9999985 8.9999985 8.9999988 8.9999988 8.9999988 8.9999981 8.9999985 7.4309537 
ON0528091_Temnothorax_96  0.0011885 0.0128352 0.0053285 0.0045668 0.0007551 0.0000010 0.0008371 0.0000010 0.0007507 0.0007501 0.0007903 0.0015033 0.0000000 0.0015026 0.0022706 0.0045655 0.0053407 0.0037956 0.0037956 0.0045684 0.0037956 0.0037956 0.0045600 0.0041247 0.0037956 0.0037956 0.0046632 0.0038011 0.0046002 0.0030338 0.0030338 0.0030338 0.0038040 0.2388109 0.2388109 0.2145140 0.2147138 0.2131767 0.2127836 0.2155922 0.2149140 0.2157064 0.2157036 0.2181048 0.2166017 0.2154896 0.2172155 0.2131730 0.2177515 0.2152678 0.2149441 0.2165728 0.2127705 0.2152777 0.2197047 0.2098036 0.2121174 0.2132675 0.2128307 0.2136626 0.2150364 0.2292386 0.2317431 0.2265279 0.2298345 0.2365357 0.2297277 0.2281725 0.2279569 0.2276933 0.2288957 0.2327123 0.2327391 0.2281290 0.2286111 0.1094588 0.0179612 0.0179612 0.0228050 0.0171119 0.0171119 0.0228873 8.9999981 8.9999980 8.9999982 7.0418919 8.9999984 8.9999985 8.9999983 8.9999987 8.9999984 8.9999985 8.9999985 8.9999983 8.9999983 8.9999983 8.9999987 8.9999982 8.9999989 8.9999986 8.9999981 8.9999984 8.9999989 8.9999989 8.9999986 8.9211158 8.9999984 8.9999986 8.9999989 8.9999986 8.9999989 8.9999988 8.9999982 8.9999989 8.9999985 8.9999988 8.9999982 8.9999983 8.9999982 8.9999984 8.9999987 8.9999981 8.9999988 8.9999984 8.9999987 8.9999985 8.9999986 8.9999984 8.9999984 8.9999989 8.9999984 8.9999984 8.9999984 8.9999988 8.9999987 8.9999989 8.9999985 8.9999982 8.9999986 8.9999988 8.9999984 8.9999983 8.9999985 8.9999985 8.9999988 8.9999988 8.9999988 8.9999981 8.9999986 7.4309537 
ON0528111_Temnothorax_94  0.0000010 0.0141617 0.0036803 0.0044265 0.0007323 0.0015257 0.0008371 0.0014678 0.0007281 0.0007275 0.0007903 0.0014580 0.0015026 0.0000000 0.0007322 0.0044253 0.0051772 0.0036803 0.0036803 0.0044279 0.0036803 0.0036803 0.0044202 0.0041247 0.0044265 0.0037677 0.0046632 0.0059200 0.0061492 0.0044232 0.0044232 0.0045284 0.0059388 0.2307913 0.2307913 0.2114834 0.2116796 0.2101654 0.2097793 0.2125434 0.2118763 0.2126192 0.2125963 0.2150006 0.2135020 0.2123477 0.2141841 0.2117083 0.2146526 0.2121873 0.2119070 0.2135308 0.2097676 0.2138002 0.2182046 0.2068083 0.2089865 0.2102549 0.2098259 0.2106430 0.2119979 0.2261056 0.2286274 0.2234678 0.2267464 0.2334288 0.2266616 0.2251078 0.2248958 0.2246369 0.2258408 0.2296012 0.2296288 0.2250472 0.2255415 0.1117915 0.0205336 0.0197803 0.0244500 0.0189004 0.0189004 0.0253917 8.9999981 8.9999980 8.9999982 7.0418919 8.9999984 8.9999985 8.9999983 8.9999987 8.9999984 8.9999985 8.9999985 8.9999983 8.9999983 8.9999983 8.9999987 8.9999982 8.9999989 8.9999986 8.9999981 8.9999984 8.9999989 8.9999989 8.9999986 8.9211158 8.9999984 8.9999986 8.9999989 8.9999986 8.9999989 8.9999988 8.9999982 8.9999989 8.9999985 8.9999988 8.9999982 8.9999983 8.9999982 8.9999984 8.9999987 8.9999981 8.9999988 8.9999984 8.9999987 8.9999985 8.9999986 8.9999984 8.9999984 8.9999989 8.9999984 8.9999984 8.9999984 8.9999988 8.9999987 8.9999989 8.9999985 8.9999982 8.9999986 8.9999988 8.9999984 8.9999983 8.9999985 8.9999985 8.9999988 8.9999988 8.9999988 8.9999981 8.9999985 7.4309537 
ON0528051_Temnothorax_100 0.0000010 0.0141617 0.0007311 0.0014656 0.0007323 0.0015257 0.0008371 0.0014678 0.0014656 0.0014656 0.0007903 0.0022028 0.0022706 0.0007322 0.0000000 0.0014652 0.0022034 0.0007311 0.0007311 0.0014661 0.0007311 0.0007311 0.0014635 0.0008185 0.0014656 0.0007484 0.0015431 0.0029395 0.0030522 0.0014645 0.0014645 0.0014991 0.0029486 0.2239942 0.2239942 0.2039307 0.2041168 0.2026707 0.2023046 0.2049380 0.2043033 0.2049183 0.2048464 0.2072387 0.2057633 0.2045142 0.2066083 0.2038572 0.2069068 0.2045064 0.2043350 0.2059345 0.2022964 0.2058596 0.2100998 0.1993787 0.2012072 0.2027560 0.2023496 0.2031241 0.2044217 0.2181845 0.2207303 0.2157495 0.2189327 0.2255160 0.2189032 0.2173654 0.2171640 0.2169185 0.2181169 0.2217083 0.2217373 0.2172626 0.2177832 0.1073120 0.0173674 0.0166184 0.0212418 0.0157646 0.0157646 0.0221533 8.9999981 8.9999980 8.9999982 7.0418919 8.9999984 8.9999985 8.9999983 8.9999987 8.9999984 8.9999985 8.9999985 8.9999983 8.9999983 8.9999983 8.9999987 8.9999982 8.9999989 8.9999986 8.9999981 8.9999984 8.9999989 8.9999989 8.9999986 8.9211158 8.9999984 8.9999986 8.9999989 8.9999986 8.9999989 8.9999988 8.9999982 8.9999989 8.9999985 8.9999988 8.9999982 8.9999983 8.9999982 8.9999984 8.9999987 8.9999981 8.9999988 8.9999984 8.9999987 8.9999985 8.9999986 8.9999984 8.9999984 8.9999989 8.9999984 8.9999984 8.9999984 8.9999988 8.9999987 8.9999989 8.9999985 8.9999982 8.9999986 8.9999988 8.9999984 8.9999983 8.9999985 8.9999985 8.9999988 8.9999988 8.9999988 8.9999981 8.9999985 7.4309537 
ON0527971_Temnothorax_108 0.0011335 0.0150842 0.0021633 0.0014420 0.0007326 0.0015264 0.0000010 0.0014685 0.0036848 0.0036821 0.0007907 0.0044274 0.0045655 0.0044253 0.0014652 0.0000000 0.0021614 0.0007167 0.0007172 0.0014590 0.0007276 0.0007264 0.0014357 0.0008141 0.0014585 0.0007446 0.0015364 0.0028921 0.0030368 0.0014366 0.0014585 0.0014928 0.0028922 0.2245307 0.2258697 0.2075084 0.2076979 0.2062303 0.2058574 0.2085331 0.2078878 0.2085581 0.2085096 0.2108899 0.2094145 0.2082189 0.2101777 0.2075750 0.2105530 0.2081399 0.2079188 0.2095182 0.2058477 0.2096041 0.2138884 0.2029313 0.2049111 0.2063170 0.2059029 0.2066918 0.2080069 0.2218294 0.2243459 0.2193194 0.2225233 0.2291047 0.2224690 0.2209348 0.2207300 0.2204801 0.2216726 0.2253150 0.2253431 0.2208519 0.2213568 0.1086957 0.0172816 0.0165237 0.0215882 0.0154588 0.0154588 0.0217172 8.9999981 8.9999980 8.9999982 7.0418919 8.9999984 8.9999985 8.9999983 8.9999987 8.9999984 8.9999985 8.9999985 8.9999983 8.9999983 8.9999983 8.9999987 8.9999982 8.9999989 8.9999986 8.9999981 8.9999984 8.9999989 8.9999989 8.9999986 8.9211158 8.9999984 8.9999986 8.9999989 8.9999986 8.9999989 8.9999988 8.9999982 8.9999989 8.9999985 8.9999988 8.9999982 8.9999983 8.9999982 8.9999984 8.9999987 8.9999981 8.9999988 8.9999984 8.9999987 8.9999985 8.9999986 8.9999984 8.9999984 8.9999989 8.9999984 8.9999984 8.9999984 8.9999988 8.9999987 8.9999989 8.9999985 8.9999982 8.9999986 8.9999988 8.9999984 8.9999983 8.9999985 8.9999985 8.9999988 8.9999988 8.9999988 8.9999981 8.9999985 7.4309537 
ON0527891_Temnothorax_114 0.0000010 0.0160222 0.0028917 0.0021685 0.0014689 0.0022957 0.0016799 0.0022083 0.0044330 0.0044297 0.0015857 0.0051797 0.0053407 0.0051772 0.0022034 0.0021614 0.0000000 0.0014381 0.0014391 0.0021940 0.0014588 0.0014565 0.0021589 0.0016327 0.0021932 0.0014932 0.0023107 0.0036242 0.0038060 0.0021604 0.0021933 0.0022450 0.0036244 0.2264182 0.2277714 0.2097157 0.2099085 0.2084190 0.2080397 0.2107572 0.2101016 0.2108101 0.2107758 0.2131630 0.2116788 0.2105090 0.2123954 0.2098693 0.2128209 0.2103854 0.2101323 0.2117410 0.2080289 0.2119275 0.2162660 0.2050965 0.2071807 0.2085070 0.2080858 0.2088881 0.2102217 0.2241647 0.2266778 0.2215916 0.2248281 0.2314480 0.2247574 0.2232164 0.2230082 0.2227540 0.2239497 0.2276471 0.2276748 0.2231457 0.2236437 0.1099294 0.0180812 0.0173208 0.0223917 0.0162372 0.0162372 0.0225262 8.9999981 8.9999980 8.9999982 7.0418919 8.9999984 8.9999985 8.9999983 8.9999987 8.9999984 8.9999985 8.9999985 8.9999983 8.9999983 8.9999983 8.9999987 8.9999982 8.9999989 8.9999986 8.9999981 8.9999984 8.9999989 8.9999989 8.9999986 8.9211158 8.9999984 8.9999986 8.9999989 8.9999986 8.9999989 8.9999988 8.9999982 8.9999989 8.9999985 8.9999988 8.9999982 8.9999983 8.9999982 8.9999984 8.9999987 8.9999981 8.9999988 8.9999984 8.9999987 8.9999985 8.9999986 8.9999984 8.9999984 8.9999989 8.9999984 8.9999984 8.9999984 8.9999988 8.9999987 8.9999989 8.9999985 8.9999982 8.9999986 8.9999988 8.9999984 8.9999983 8.9999985 8.9999985 8.9999988 8.9999988 8.9999988 8.9999981 8.9999985 7.4309537 
ON0527931_Temnothorax_112 0.0000010 0.0141617 0.0014392 0.0007193 0.0000010 0.0007616 0.0000010 0.0007328 0.0029419 0.0029397 0.0000010 0.0036821 0.0037956 0.0036803 0.0007311 0.0007167 0.0014381 0.0000000 0.0000010 0.0007280 0.0000010 0.0000010 0.0007167 0.0000010 0.0007278 0.0000010 0.0007666 0.0021647 0.0022729 0.0007167 0.0007278 0.0007449 0.0021649 0.2229140 0.2242422 0.2056008 0.2057877 0.2043372 0.2039694 0.2066122 0.2059751 0.2066133 0.2065526 0.2089297 0.2074602 0.2062410 0.2082640 0.2055927 0.2085968 0.2062002 0.2060063 0.2075995 0.2039605 0.2075994 0.2118423 0.2010548 0.2029470 0.2044229 0.2040145 0.2047926 0.2060933 0.2198285 0.2223509 0.2173694 0.2205493 0.2271054 0.2205088 0.2189787 0.2187766 0.2185300 0.2197210 0.2233210 0.2233494 0.2188852 0.2193967 0.1075585 0.0164958 0.0157398 0.0208009 0.0146926 0.0146926 0.0209247 8.9999981 8.9999980 8.9999982 7.0418919 8.9999984 8.9999985 8.9999983 8.9999987 8.9999984 8.9999985 8.9999985 8.9999983 8.9999983 8.9999983 8.9999987 8.9999982 8.9999989 8.9999986 8.9999981 8.9999984 8.9999989 8.9999989 8.9999986 8.9211158 8.9999984 8.9999986 8.9999989 8.9999986 8.9999989 8.9999988 8.9999982 8.9999989 8.9999985 8.9999988 8.9999982 8.9999983 8.9999982 8.9999984 8.9999987 8.9999981 8.9999988 8.9999984 8.9999987 8.9999985 8.9999986 8.9999984 8.9999984 8.9999989 8.9999984 8.9999984 8.9999984 8.9999988 8.9999987 8.9999989 8.9999985 8.9999982 8.9999986 8.9999988 8.9999984 8.9999983 8.9999985 8.9999985 8.9999988 8.9999988 8.9999988 8.9999981 8.9999985 7.4309537 
ON0527921_Temnothorax_113 0.0000010 0.0141617 0.0014392 0.0007193 0.0000010 0.0007616 0.0000010 0.0007328 0.0029419 0.0029397 0.0000010 0.0036821 0.0037956 0.0036803 0.0007311 0.0007172 0.0014391 0.0000010 0.0000000 0.0007280 0.0000010 0.0000010 0.0007172 0.0000010 0.0007278 0.0000010 0.0007666 0.0021647 0.0022729 0.0007172 0.0007278 0.0007449 0.0021664 0.2229140 0.2242422 0.2056008 0.2057877 0.2043372 0.2039694 0.2066122 0.2059751 0.2066133 0.2065526 0.2089297 0.2074602 0.2062410 0.2082640 0.2055927 0.2085968 0.2062002 0.2060063 0.2075995 0.2039605 0.2075994 0.2118423 0.2010548 0.2029470 0.2044229 0.2040145 0.2047926 0.2060933 0.2198285 0.2223509 0.2173694 0.2205493 0.2271054 0.2205088 0.2189787 0.2187766 0.2185300 0.2197210 0.2233210 0.2233494 0.2188852 0.2193967 0.1075585 0.0164958 0.0157398 0.0208164 0.0147035 0.0147035 0.0209404 8.9999981 8.9999980 8.9999982 7.0418919 8.9999984 8.9999985 8.9999983 8.9999987 8.9999984 8.9999985 8.9999985 8.9999983 8.9999983 8.9999983 8.9999987 8.9999982 8.9999989 8.9999986 8.9999981 8.9999984 8.9999989 8.9999989 8.9999986 8.9211158 8.9999984 8.9999986 8.9999989 8.9999986 8.9999989 8.9999988 8.9999982 8.9999989 8.9999985 8.9999988 8.9999982 8.9999983 8.9999982 8.9999984 8.9999987 8.9999981 8.9999988 8.9999984 8.9999987 8.9999985 8.9999986 8.9999984 8.9999984 8.9999989 8.9999984 8.9999984 8.9999984 8.9999988 8.9999987 8.9999989 8.9999985 8.9999982 8.9999986 8.9999988 8.9999984 8.9999983 8.9999985 8.9999985 8.9999988 8.9999988 8.9999988 8.9999981 8.9999985 7.4309537 
ON0528001_Temnothorax_105 0.0000010 0.0141617 0.0021893 0.0014593 0.0007330 0.0015274 0.0000010 0.0014694 0.0036870 0.0036843 0.0007912 0.0044300 0.0045684 0.0044279 0.0014661 0.0014590 0.0021940 0.0007280 0.0007280 0.0000000 0.0007280 0.0007280 0.0014573 0.0008146 0.0014593 0.0007451 0.0015374 0.0029269 0.0030387 0.0014583 0.0014594 0.0014937 0.0029360 0.2259876 0.2259876 0.2076818 0.2078716 0.2064018 0.2060283 0.2087081 0.2080618 0.2087353 0.2086879 0.2110696 0.2095930 0.2083990 0.2103528 0.2077552 0.2107322 0.2083165 0.2080928 0.2096935 0.2060184 0.2097873 0.2140774 0.2030998 0.2050884 0.2064886 0.2060738 0.2068640 0.2081810 0.2220177 0.2245348 0.2195019 0.2227095 0.2292962 0.2226538 0.2211186 0.2209135 0.2206631 0.2218562 0.2255043 0.2255324 0.2210366 0.2215412 0.1078546 0.0172923 0.0165465 0.0211499 0.0156967 0.0156967 0.0220568 8.9999981 8.9999980 8.9999982 7.0418919 8.9999984 8.9999985 8.9999983 8.9999987 8.9999984 8.9999985 8.9999985 8.9999983 8.9999983 8.9999983 8.9999987 8.9999982 8.9999989 8.9999986 8.9999981 8.9999984 8.9999989 8.9999989 8.9999986 8.9211158 8.9999984 8.9999986 8.9999989 8.9999986 8.9999989 8.9999988 8.9999982 8.9999989 8.9999985 8.9999988 8.9999982 8.9999983 8.9999982 8.9999984 8.9999987 8.9999981 8.9999988 8.9999984 8.9999987 8.9999985 8.9999986 8.9999984 8.9999984 8.9999989 8.9999984 8.9999984 8.9999984 8.9999988 8.9999987 8.9999989 8.9999985 8.9999982 8.9999986 8.9999988 8.9999984 8.9999983 8.9999985 8.9999985 8.9999988 8.9999988 8.9999988 8.9999981 8.9999985 7.4309537 
ON0527851_Temnothorax_116 0.0000010 0.0141617 0.0014557 0.0007278 0.0000010 0.0007616 0.0000010 0.0007328 0.0029419 0.0029397 0.0000010 0.0036821 0.0037956 0.0036803 0.0007311 0.0007276 0.0014588 0.0000010 0.0000010 0.0007280 0.0000000 0.0000010 0.0007267 0.0000010 0.0007278 0.0000010 0.0007666 0.0021895 0.0022729 0.0007272 0.0007278 0.0007449 0.0021962 0.2241974 0.2241974 0.2056008 0.2057877 0.2043372 0.2039694 0.2066122 0.2059751 0.2066133 0.2065526 0.2089297 0.2074602 0.2062410 0.2082640 0.2055927 0.2085968 0.2062002 0.2060063 0.2075995 0.2039605 0.2075994 0.2118423 0.2010548 0.2029470 0.2044229 0.2040145 0.2047926 0.2060933 0.2198285 0.2223509 0.2173694 0.2205493 0.2271054 0.2205088 0.2189787 0.2187766 0.2185300 0.2197210 0.2233210 0.2233494 0.2188852 0.2193967 0.1066402 0.0164958 0.0157517 0.0203394 0.0149092 0.0149092 0.0212380 8.9999981 8.9999980 8.9999982 7.0418919 8.9999984 8.9999985 8.9999983 8.9999987 8.9999984 8.9999985 8.9999985 8.9999983 8.9999983 8.9999983 8.9999987 8.9999982 8.9999989 8.9999986 8.9999981 8.9999984 8.9999989 8.9999989 8.9999986 8.9211158 8.9999984 8.9999986 8.9999989 8.9999986 8.9999989 8.9999988 8.9999982 8.9999989 8.9999985 8.9999988 8.9999982 8.9999983 8.9999982 8.9999984 8.9999987 8.9999981 8.9999988 8.9999984 8.9999987 8.9999985 8.9999986 8.9999984 8.9999984 8.9999989 8.9999984 8.9999984 8.9999984 8.9999988 8.9999987 8.9999989 8.9999985 8.9999982 8.9999986 8.9999988 8.9999984 8.9999983 8.9999985 8.9999985 8.9999988 8.9999988 8.9999988 8.9999981 8.9999985 7.4309537 
ON0527861_Temnothorax_115 0.0000010 0.0141617 0.0014534 0.0007266 0.0000010 0.0007616 0.0000010 0.0007328 0.0029419 0.0029397 0.0000010 0.0036821 0.0037956 0.0036803 0.0007311 0.0007264 0.0014565 0.0000010 0.0000010 0.0007280 0.0000010 0.0000000 0.0007256 0.0000010 0.0007278 0.0000010 0.0007666 0.0021859 0.0022729 0.0007261 0.0007278 0.0007449 0.0021927 0.2236191 0.2236191 0.2056008 0.2057877 0.2043372 0.2039694 0.2066122 0.2059751 0.2066133 0.2065526 0.2089297 0.2074602 0.2062410 0.2082640 0.2055927 0.2085968 0.2062002 0.2060063 0.2075995 0.2039605 0.2075994 0.2118423 0.2010548 0.2029470 0.2044229 0.2040145 0.2047926 0.2060933 0.2198285 0.2223509 0.2173694 0.2205493 0.2271054 0.2205088 0.2189787 0.2187766 0.2185300 0.2197210 0.2233210 0.2233494 0.2188852 0.2193967 0.1064178 0.0164958 0.0157398 0.0203052 0.0148845 0.0148845 0.0212020 8.9999981 8.9999980 8.9999982 7.0418919 8.9999984 8.9999985 8.9999983 8.9999987 8.9999984 8.9999985 8.9999985 8.9999983 8.9999983 8.9999983 8.9999987 8.9999982 8.9999989 8.9999986 8.9999981 8.9999984 8.9999989 8.9999989 8.9999986 8.9211158 8.9999984 8.9999986 8.9999989 8.9999986 8.9999989 8.9999988 8.9999982 8.9999989 8.9999985 8.9999988 8.9999982 8.9999983 8.9999982 8.9999984 8.9999987 8.9999981 8.9999988 8.9999984 8.9999987 8.9999985 8.9999986 8.9999984 8.9999984 8.9999989 8.9999984 8.9999984 8.9999984 8.9999988 8.9999987 8.9999989 8.9999985 8.9999982 8.9999986 8.9999988 8.9999984 8.9999983 8.9999985 8.9999985 8.9999988 8.9999988 8.9999988 8.9999981 8.9999985 7.4309537 
ON0527991_Temnothorax_106 0.0011314 0.0150623 0.0021598 0.0014404 0.0007308 0.0015246 0.0000010 0.0014668 0.0036806 0.0036779 0.0000010 0.0044223 0.0045600 0.0044202 0.0014635 0.0014357 0.0021589 0.0007167 0.0007172 0.0014573 0.0007267 0.0007256 0.0000000 0.0000010 0.0014568 0.0007438 0.0007666 0.0028888 0.0030332 0.0014340 0.0014568 0.0014910 0.0028890 0.2215872 0.2229080 0.2056008 0.2057877 0.2043372 0.2039694 0.2066122 0.2059751 0.2066133 0.2065526 0.2089297 0.2074602 0.2062410 0.2082640 0.2055927 0.2085968 0.2062002 0.2060063 0.2075995 0.2039605 0.2075994 0.2118423 0.2010548 0.2029470 0.2044229 0.2040145 0.2047926 0.2060933 0.2198285 0.2223509 0.2173694 0.2205493 0.2271054 0.2205088 0.2189787 0.2187766 0.2185300 0.2197210 0.2233210 0.2233494 0.2188852 0.2193967 0.1085123 0.0172603 0.0165033 0.0215616 0.0154402 0.0154402 0.0216903 8.9999981 8.9999980 8.9999982 7.0418919 8.9999984 8.9999985 8.9999983 8.9999987 8.9999984 8.9999985 8.9999985 8.9999983 8.9999983 8.9999983 8.9999987 8.9999982 8.9999989 8.9999986 8.9999981 8.9999984 8.9999989 8.9999989 8.9999986 8.9211158 8.9999984 8.9999986 8.9999989 8.9999986 8.9999989 8.9999988 8.9999982 8.9999989 8.9999985 8.9999988 8.9999982 8.9999983 8.9999982 8.9999984 8.9999987 8.9999981 8.9999988 8.9999984 8.9999987 8.9999985 8.9999986 8.9999984 8.9999984 8.9999989 8.9999984 8.9999984 8.9999984 8.9999988 8.9999987 8.9999989 8.9999985 8.9999982 8.9999986 8.9999988 8.9999984 8.9999983 8.9999985 8.9999985 8.9999988 8.9999988 8.9999988 8.9999981 8.9999985 7.4309537 
ON0527941_Temnothorax_111 0.0000010 0.0152305 0.0016289 0.0008143 0.0000010 0.0008290 0.0000010 0.0008193 0.0032968 0.0032940 0.0000010 0.0041269 0.0041247 0.0041247 0.0008185 0.0008141 0.0016327 0.0000010 0.0000010 0.0008146 0.0000010 0.0000010 0.0000010 0.0000000 0.0000010 0.0000010 0.0000010 0.0016309 0.0024517 0.0008137 0.0008143 0.0008143 0.0016323 0.2306675 0.2306675 0.2056008 0.2057877 0.2043372 0.2039694 0.2066122 0.2059751 0.2066133 0.2065526 0.2089297 0.2074602 0.2062410 0.2082640 0.2055927 0.2085968 0.2062002 0.2060063 0.2075995 0.2039605 0.2075994 0.2118423 0.2010548 0.2029470 0.2044229 0.2040145 0.2047926 0.2060933 0.2198285 0.2223509 0.2173694 0.2205493 0.2271054 0.2205088 0.2189787 0.2187766 0.2185300 0.2197210 0.2233210 0.2233494 0.2188852 0.2193967 0.1084684 0.0167862 0.0167862 0.0202398 0.0150290 0.0150290 0.0203333 8.9999981 8.9999980 8.9999982 7.0418919 8.9999984 8.9999985 8.9999983 8.9999987 8.9999984 8.9999985 8.9999985 8.9999983 8.9999983 8.9999983 8.9999987 8.9999982 8.9999989 8.9999986 8.9999981 8.9999984 8.9999989 8.9999989 8.9999986 8.9211158 8.9999984 8.9999986 8.9999989 8.9999986 8.9999989 8.9999988 8.9999982 8.9999989 8.9999985 8.9999988 8.9999982 8.9999983 8.9999982 8.9999984 8.9999987 8.9999981 8.9999988 8.9999984 8.9999987 8.9999985 8.9999986 8.9999984 8.9999984 8.9999989 8.9999984 8.9999984 8.9999984 8.9999988 8.9999987 8.9999989 8.9999985 8.9999982 8.9999986 8.9999988 8.9999984 8.9999983 8.9999985 8.9999985 8.9999988 8.9999988 8.9999988 8.9999981 8.9999989 7.4309537 
ON0528031_Temnothorax_102 0.0011340 0.0150893 0.0021886 0.0014588 0.0007328 0.0007616 0.0000010 0.0014689 0.0036858 0.0036830 0.0000010 0.0044285 0.0037956 0.0044265 0.0014656 0.0014585 0.0021932 0.0007278 0.0007278 0.0014593 0.0007278 0.0007278 0.0014568 0.0000010 0.0000000 0.0000010 0.0007666 0.0029259 0.0022729 0.0014578 0.0014589 0.0007449 0.0029350 0.2259647 0.2259647 0.2056008 0.2057877 0.2043372 0.2039694 0.2066122 0.2059751 0.2066133 0.2065526 0.2089297 0.2074602 0.2062410 0.2082640 0.2055927 0.2085968 0.2062002 0.2060063 0.2075995 0.2039605 0.2075994 0.2118423 0.2010548 0.2029470 0.2044229 0.2040145 0.2047926 0.2060933 0.2198285 0.2223509 0.2173694 0.2205493 0.2271054 0.2205088 0.2189787 0.2187766 0.2185300 0.2197210 0.2233210 0.2233494 0.2188852 0.2193967 0.1078288 0.0172866 0.0165409 0.0211429 0.0156915 0.0156915 0.0220495 8.9999981 8.9999980 8.9999982 7.0418919 8.9999984 8.9999985 8.9999983 8.9999987 8.9999984 8.9999985 8.9999985 8.9999983 8.9999983 8.9999983 8.9999987 8.9999982 8.9999989 8.9999986 8.9999981 8.9999984 8.9999989 8.9999989 8.9999986 8.9211158 8.9999984 8.9999986 8.9999989 8.9999986 8.9999989 8.9999988 8.9999982 8.9999989 8.9999985 8.9999988 8.9999982 8.9999983 8.9999982 8.9999984 8.9999987 8.9999981 8.9999988 8.9999984 8.9999987 8.9999985 8.9999986 8.9999984 8.9999984 8.9999989 8.9999984 8.9999984 8.9999984 8.9999988 8.9999987 8.9999989 8.9999985 8.9999982 8.9999986 8.9999988 8.9999984 8.9999983 8.9999985 8.9999985 8.9999988 8.9999988 8.9999988 8.9999981 8.9999986 7.4309537 
ON0527981_Temnothorax_107 0.0000010 0.0136443 0.0014899 0.0007448 0.0000010 0.0007616 0.0000010 0.0007490 0.0030118 0.0030094 0.0000010 0.0037696 0.0037956 0.0037677 0.0007484 0.0007446 0.0014932 0.0000010 0.0000010 0.0007451 0.0000010 0.0000010 0.0007438 0.0000010 0.0000010 0.0000000 0.0007666 0.0014916 0.0022729 0.0007443 0.0007449 0.0007449 0.0022481 0.2298931 0.2298931 0.2056008 0.2057877 0.2043372 0.2039694 0.2066122 0.2059751 0.2066133 0.2065526 0.2089297 0.2074602 0.2062410 0.2082640 0.2055927 0.2085968 0.2062002 0.2060063 0.2075995 0.2039605 0.2075994 0.2118423 0.2010548 0.2029470 0.2044229 0.2040145 0.2047926 0.2060933 0.2198285 0.2223509 0.2173694 0.2205493 0.2271054 0.2205088 0.2189787 0.2187766 0.2185300 0.2197210 0.2233210 0.2233494 0.2188852 0.2193967 0.1053791 0.0153154 0.0153154 0.0200471 0.0144929 0.0144929 0.0209243 8.9999981 8.9999980 8.9999982 7.0418919 8.9999984 8.9999985 8.9999983 8.9999987 8.9999984 8.9999985 8.9999985 8.9999983 8.9999983 8.9999983 8.9999987 8.9999982 8.9999989 8.9999986 8.9999981 8.9999984 8.9999989 8.9999989 8.9999986 8.9211158 8.9999984 8.9999986 8.9999989 8.9999986 8.9999989 8.9999988 8.9999982 8.9999989 8.9999985 8.9999988 8.9999982 8.9999983 8.9999982 8.9999984 8.9999987 8.9999981 8.9999988 8.9999984 8.9999987 8.9999985 8.9999986 8.9999984 8.9999984 8.9999989 8.9999984 8.9999984 8.9999984 8.9999988 8.9999987 8.9999989 8.9999985 8.9999982 8.9999986 8.9999988 8.9999984 8.9999983 8.9999985 8.9999985 8.9999988 8.9999988 8.9999988 8.9999981 8.9999986 7.4309537 
