150
PQ6726171_Temnothorax_4   0.0000000 0.0162587 0.0011101 0.0000010 0.0000010 0.0011857 0.0000010 0.0011352 0.0000010 0.0000010 0.0000010 0.0000010 0.0011885 0.0000010 0.0000010 0.0011336 0.0000010 0.0000010 0.0000010 0.0000010 0.0000010 0.0000010 0.0011313 0.0000010 0.0011341 0.0000010 0.0012296 0.0034188 0.0036280 0.0011326 0.0011326 0.0011745 0.0022809 0.2400290 0.2396990 0.2408663 0.2413261 0.2380091 0.2371184 0.2433228 0.2417881 0.2443085 0.2443446 0.2496805 0.2462493 0.2446210 0.2466323 0.2431494 0.2491641 0.2433257 0.2418079 0.2418079 0.2370313 0.2478221 0.2589035 0.2273671 0.2334935 0.2345044 0.2335247 0.2353848 0.2382401 0.2727376 0.2594759 0.2481848 0.2553183 0.2656266 0.2507009 0.2517731 0.2512896 0.2506876 0.2528712 0.2611854 0.2611913 0.2516063 0.2526475 0.1226579 0.0200365 0.0188621 0.0284984 0.0175056 0.0175056 0.0276566 8.9999990 8.9999990 8.9999990 7.3443687 8.9999990 8.9999985 8.9999988 8.9999988 8.9999981 8.9999980 8.9999984 8.9999987 8.9999986 8.9999986 8.9999982 8.9999984 8.9999989 8.9999990 8.9999989 8.9999990 8.9999990 8.9999987 8.9999987 8.4895246 8.9999980 8.9999981 8.9999982 8.9999990 8.9999990 8.9999980 8.9999980 8.9999982 8.9999981 8.9999986 8.9999984 8.9999981 8.9999981 8.9999987 8.9999986 8.9999984 8.9999985 8.9999989 8.9999986 8.9999988 8.9999984 8.9999986 8.9999988 8.9999984 8.9999987 8.9999986 8.9999986 8.9999982 8.9999984 8.9999983 8.9999988 8.9999990 8.9999982 8.9999986 8.9999987 8.9999986 8.9999980 8.9999988 8.9999983 8.9999987 8.9999981 8.9999988 8.9999989 7.1881246 
ON0528231_Temnothorax_82  0.0162587 0.0000000 0.0132248 0.0150641 0.0141925 0.0128392 0.0150446 0.0133134 0.0141925 0.0141925 0.0145893 0.0141925 0.0128624 0.0141925 0.0141925 0.0151208 0.0160661 0.0141925 0.0141925 0.0141925 0.0141925 0.0141925 0.0150967 0.0152702 0.0151263 0.0136733 0.0151414 0.0132816 0.0129626 0.0132903 0.0132903 0.0127466 0.0142606 0.2385495 0.2385495 0.2351086 0.2354057 0.2332423 0.2326608 0.2366933 0.2357037 0.2411760 0.2411756 0.2446755 0.2424355 0.2413076 0.2389472 0.2381732 0.2443428 0.2405371 0.2357197 0.2377888 0.2326065 0.2411361 0.2480517 0.2287740 0.2368892 0.2335709 0.2329158 0.2341578 0.2360555 0.2557375 0.2461044 0.2388407 0.2434806 0.2502794 0.2405435 0.2412186 0.2409117 0.2405298 0.2420101 0.2472758 0.2472866 0.2410401 0.2417847 0.1138727 0.0087764 0.0079001 0.0141103 0.0025906 0.0025906 0.0097109 8.9999987 8.9999986 8.9999990 7.2115883 8.9999987 8.9999989 8.9999985 8.9999982 8.9999987 8.9999980 8.9999990 8.9999985 8.9999985 8.9999983 8.9999980 8.9999982 8.9999985 8.9999986 8.9999986 8.9999987 8.9999984 8.9999987 8.9999987 8.4963289 8.9999990 8.9999982 8.9999980 8.9999987 8.9999990 8.9999982 8.9999984 8.9999989 8.9999986 8.9999982 8.9999980 8.9999980 8.9999984 8.9999984 8.9999982 8.9999980 8.9999982 8.9999985 8.9999989 8.9999985 8.9999981 8.9999983 8.9999984 8.9999981 8.9999983 8.9999982 8.9999982 8.9999985 8.9999980 8.9999990 8.9999984 8.9886442 8.9999988 8.9999984 8.9999986 8.9999985 8.9999985 8.9999985 8.7687118 8.9999986 8.9999986 8.9999986 8.9999986 7.0354096 
PQ6726151_Temnothorax_6   0.0011101 0.0132248 0.0000000 0.0021385 0.0014662 0.0022916 0.0016762 0.0022044 0.0044296 0.0044263 0.0015827 0.0051766 0.0053372 0.0036851 0.0007313 0.0021641 0.0028934 0.0014392 0.0014392 0.0021903 0.0014561 0.0014538 0.0021614 0.0016297 0.0021896 0.0014903 0.0023065 0.0036185 0.0038006 0.0021629 0.0021894 0.0022409 0.0036309 0.2293397 0.2304723 0.2141561 0.2143644 0.2128098 0.2124001 0.2152731 0.2145732 0.2154105 0.2152578 0.2180001 0.2163028 0.2150551 0.2171653 0.2142458 0.2177651 0.2149645 0.2145930 0.2162091 0.2123711 0.2163506 0.2212564 0.2093717 0.2116586 0.2130413 0.2125812 0.2134540 0.2148288 0.2296038 0.2320760 0.2268206 0.2301329 0.2376363 0.2301195 0.2284478 0.2282217 0.2279408 0.2291242 0.2330260 0.2330398 0.2282443 0.2288760 0.1102480 0.0165415 0.0157801 0.0208578 0.0147707 0.0147707 0.0210683 8.9999990 8.9999990 8.9999990 7.3443687 8.9999990 8.9999985 8.9999988 8.9999988 8.9999981 8.9999980 8.9999984 8.9999987 8.9999986 8.9999986 8.9999982 8.9999984 8.9999989 8.9999990 8.9999989 8.9999990 8.9999990 8.9999987 8.9999987 8.4895246 8.9999980 8.9999981 8.9999982 8.9999990 8.9999990 8.9999980 8.9999980 8.9999982 8.9999981 8.9999986 8.9999984 8.9999981 8.9999981 8.9999987 8.9999986 8.9999984 8.9999985 8.9999989 8.9999986 8.9999988 8.9999984 8.9999986 8.9999988 8.9999984 8.9999987 8.9999986 8.9999986 8.9999982 8.9999984 8.9999983 8.9999988 8.9999990 8.9999982 8.9999986 8.9999987 8.9999986 8.9999980 8.9999988 8.9999983 8.9999987 8.9999981 8.9999988 8.9999989 7.1881246 
PQ6726141_Temnothorax_7   0.0000010 0.0150641 0.0021385 0.0000000 0.0007330 0.0015275 0.0008380 0.0014694 0.0036909 0.0036882 0.0007913 0.0044366 0.0045743 0.0044341 0.0014662 0.0014426 0.0021698 0.0007193 0.0007193 0.0014601 0.0007280 0.0007268 0.0014408 0.0008147 0.0014595 0.0007450 0.0015375 0.0028945 0.0030401 0.0014418 0.0014594 0.0014937 0.0029044 0.2312645 0.2324083 0.2164588 0.2166708 0.2150931 0.2146763 0.2175946 0.2168833 0.2177634 0.2176238 0.2203777 0.2186681 0.2174484 0.2194823 0.2166408 0.2201395 0.2173105 0.2169024 0.2185266 0.2146457 0.2187749 0.2237461 0.2102285 0.2125662 0.2139199 0.2134553 0.2143366 0.2157229 0.2320459 0.2345114 0.2291947 0.2325394 0.2400919 0.2325091 0.2308300 0.2306000 0.2303142 0.2314994 0.2354600 0.2354729 0.2306373 0.2312632 0.1114895 0.0173386 0.0165747 0.0216587 0.0155489 0.0155489 0.0218782 8.9999990 8.9999990 8.9999990 7.3443687 8.9999990 8.9999985 8.9999988 8.9999988 8.9999981 8.9999980 8.9999984 8.9999987 8.9999986 8.9999986 8.9999982 8.9999984 8.9999989 8.9999990 8.9999989 8.9999990 8.9999990 8.9999987 8.9999987 8.4895246 8.9999980 8.9999981 8.9999982 8.9999990 8.9999990 8.9999980 8.9999980 8.9999982 8.9999981 8.9999986 8.9999984 8.9999981 8.9999981 8.9999987 8.9999986 8.9999984 8.9999985 8.9999989 8.9999986 8.9999988 8.9999984 8.9999986 8.9999988 8.9999984 8.9999987 8.9999986 8.9999986 8.9999982 8.9999984 8.9999983 8.9999988 8.9999990 8.9999982 8.9999986 8.9999987 8.9999986 8.9999980 8.9999988 8.9999983 8.9999987 8.9999981 8.9999988 8.9999989 7.1881246 
ON0528041_Temnothorax_101 0.0000010 0.0141925 0.0014662 0.0007330 0.0000000 0.0007618 0.0000010 0.0007334 0.0000010 0.0000010 0.0000010 0.0007328 0.0007553 0.0007324 0.0007324 0.0007328 0.0014697 0.0000010 0.0000010 0.0007333 0.0000010 0.0000010 0.0007319 0.0000010 0.0007330 0.0000010 0.0007717 0.0022056 0.0022906 0.0007324 0.0007324 0.0007497 0.0022132 0.2321546 0.2321546 0.2145964 0.2148072 0.2132354 0.2128210 0.2157263 0.2150184 0.2158710 0.2157196 0.2184872 0.2167732 0.2155205 0.2176331 0.2147046 0.2182496 0.2154199 0.2150382 0.2166692 0.2127915 0.2168332 0.2217950 0.2097648 0.2120913 0.2134696 0.2130042 0.2138870 0.2152767 0.2302021 0.2326930 0.2273797 0.2307268 0.2383039 0.2307091 0.2290221 0.2287932 0.2285089 0.2297023 0.2336505 0.2336641 0.2288195 0.2294550 0.1084590 0.0166595 0.0159049 0.0205491 0.0150500 0.0150500 0.0214738 8.9999990 8.9999990 8.9999990 7.3443687 8.9999990 8.9999985 8.9999988 8.9999988 8.9999981 8.9999980 8.9999984 8.9999987 8.9999986 8.9999986 8.9999982 8.9999984 8.9999989 8.9999990 8.9999989 8.9999990 8.9999990 8.9999987 8.9999987 8.4895246 8.9999980 8.9999981 8.9999982 8.9999990 8.9999990 8.9999980 8.9999980 8.9999982 8.9999981 8.9999986 8.9999984 8.9999981 8.9999981 8.9999987 8.9999986 8.9999984 8.9999985 8.9999989 8.9999986 8.9999988 8.9999984 8.9999986 8.9999988 8.9999984 8.9999987 8.9999986 8.9999986 8.9999982 8.9999984 8.9999983 8.9999988 8.9999990 8.9999982 8.9999986 8.9999987 8.9999986 8.9999980 8.9999988 8.9999983 8.9999987 8.9999981 8.9999988 8.9999985 7.1881246 
ON0528131_Temnothorax_92  0.0011857 0.0128392 0.0022916 0.0015275 0.0007618 0.0000000 0.0008372 0.0000010 0.0007618 0.0007618 0.0007989 0.0015271 0.0000010 0.0015262 0.0015262 0.0015271 0.0022972 0.0007618 0.0007618 0.0015281 0.0007618 0.0007618 0.0015251 0.0008293 0.0007618 0.0007618 0.0015621 0.0007628 0.0015412 0.0000010 0.0000010 0.0000010 0.0007634 0.2410193 0.2410193 0.2172610 0.2174769 0.2158712 0.2154466 0.2184178 0.2176934 0.2186002 0.2184636 0.2212572 0.2195211 0.2182957 0.2203276 0.2157686 0.2210147 0.2181389 0.2177125 0.2193601 0.2154151 0.2179266 0.2229564 0.2123572 0.2148283 0.2161113 0.2156343 0.2165390 0.2179570 0.2331003 0.2341319 0.2285133 0.2321343 0.2397954 0.2321064 0.2304029 0.2301701 0.2298808 0.2310838 0.2350954 0.2351087 0.2302053 0.2308418 0.1071147 0.0149219 0.0149219 0.0197836 0.0140770 0.0140770 0.0198668 8.9999990 8.9999990 8.9999990 7.3443687 8.9999990 8.9999985 8.9999988 8.9999988 8.9999981 8.9999980 8.9999984 8.9999987 8.9999986 8.9999986 8.9999982 8.9999984 8.9999989 8.9999990 8.9999989 8.9999990 8.9999990 8.9999987 8.9999987 8.4895246 8.9999980 8.9999981 8.9999982 8.9999990 8.9999990 8.9999980 8.9999980 8.9999982 8.9999981 8.9999986 8.9999984 8.9999981 8.9999981 8.9999987 8.9999986 8.9999984 8.9999985 8.9999989 8.9999986 8.9999988 8.9999984 8.9999986 8.9999988 8.9999984 8.9999987 8.9999986 8.9999986 8.9999982 8.9999984 8.9999983 8.9999988 8.9999990 8.9999982 8.9999986 8.9999987 8.9999986 8.9999980 8.9999988 8.9999983 8.9999987 8.9999981 8.9999988 8.9999982 7.1881246 
ON0527961_Temnothorax_109 0.0000010 0.0150446 0.0016762 0.0008380 0.0000010 0.0008372 0.0000000 0.0008372 0.0000010 0.0000010 0.0000010 0.0008377 0.0008372 0.0008372 0.0008372 0.0000010 0.0016808 0.0000010 0.0000010 0.0000010 0.0000010 0.0000010 0.0000010 0.0000010 0.0000010 0.0000010 0.0000010 0.0016786 0.0025242 0.0008372 0.0008372 0.0008372 0.0008376 0.2432953 0.2432953 0.2219897 0.2222202 0.2205157 0.2200629 0.2232229 0.2224513 0.2234799 0.2233681 0.2262741 0.2244567 0.2232548 0.2251804 0.2224152 0.2260168 0.2229892 0.2224694 0.2241849 0.2200268 0.2247215 0.2300938 0.2168442 0.2196361 0.2207719 0.2202628 0.2212283 0.2227305 0.2386336 0.2396668 0.2337225 0.2375389 0.2455528 0.2374697 0.2356970 0.2354481 0.2351385 0.2363820 0.2406565 0.2406681 0.2355192 0.2361612 0.1153224 0.0173375 0.0173375 0.0218130 0.0155140 0.0155140 0.0210330 8.9999990 8.9999990 8.9999990 7.3443687 8.9999990 8.9999985 8.9999988 8.9999988 8.9999981 8.9999980 8.9999984 8.9999987 8.9999986 8.9999986 8.9999982 8.9999984 8.9999989 8.9999990 8.9999989 8.9999990 8.9999990 8.9999987 8.9999987 8.4895246 8.9999980 8.9999981 8.9999982 8.9999990 8.9999990 8.9999980 8.9999980 8.9999982 8.9999981 8.9999986 8.9999984 8.9999981 8.9999981 8.9999987 8.9999986 8.9999984 8.9999985 8.9999989 8.9999986 8.9999988 8.9999984 8.9999986 8.9999988 8.9999984 8.9999987 8.9999986 8.9999986 8.9999982 8.9999984 8.9999983 8.9999988 8.9999990 8.9999982 8.9999986 8.9999987 8.9999986 8.9999980 8.9999988 8.9999983 8.9999987 8.9999981 8.9999988 8.9999989 7.1881246 
ON0528071_Temnothorax_98  0.0011352 0.0133134 0.0022044 0.0014694 0.0007334 0.0000010 0.0008372 0.0000000 0.0007329 0.0007329 0.0007905 0.0014690 0.0000010 0.0014682 0.0014682 0.0014690 0.0022097 0.0007329 0.0007329 0.0014700 0.0007329 0.0007329 0.0014672 0.0008196 0.0014694 0.0007491 0.0015449 0.0007338 0.0015244 0.0000010 0.0000010 0.0000010 0.0014751 0.2336904 0.2336904 0.2159923 0.2162046 0.2146237 0.2142063 0.2171299 0.2164174 0.2172933 0.2171503 0.2199160 0.2182001 0.2169685 0.2190280 0.2144651 0.2196772 0.2168394 0.2164367 0.2180674 0.2141759 0.2165899 0.2215429 0.2111494 0.2135389 0.2148597 0.2143908 0.2152802 0.2166770 0.2316316 0.2341107 0.2287780 0.2321337 0.2397158 0.2321061 0.2304200 0.2301895 0.2299032 0.2310939 0.2350643 0.2350774 0.2302245 0.2308545 0.1075582 0.0158986 0.0151216 0.0197839 0.0142943 0.0142943 0.0206713 8.9999990 8.9999990 8.9999990 7.3443687 8.9999990 8.9999985 8.9999988 8.9999988 8.9999981 8.9999980 8.9999984 8.9999987 8.9999986 8.9999986 8.9999982 8.9999984 8.9999989 8.9999990 8.9999989 8.9999990 8.9999990 8.9999987 8.9999987 8.4895246 8.9999980 8.9999981 8.9999982 8.9999990 8.9999990 8.9999980 8.9999980 8.9999982 8.9999981 8.9999986 8.9999984 8.9999981 8.9999981 8.9999987 8.9999986 8.9999984 8.9999985 8.9999989 8.9999986 8.9999988 8.9999984 8.9999986 8.9999988 8.9999984 8.9999987 8.9999986 8.9999986 8.9999982 8.9999984 8.9999983 8.9999988 8.9999990 8.9999982 8.9999986 8.9999987 8.9999986 8.9999980 8.9999988 8.9999983 8.9999987 8.9999981 8.9999988 8.9999987 7.1881246 
ON0528021_Temnothorax_103 0.0000010 0.0141925 0.0044296 0.0036909 0.0000010 0.0007618 0.0000010 0.0007329 0.0000000 0.0000010 0.0000010 0.0007286 0.0007508 0.0007282 0.0014662 0.0036899 0.0044413 0.0029454 0.0029454 0.0036922 0.0029454 0.0029454 0.0036853 0.0033019 0.0036909 0.0030154 0.0038872 0.0051842 0.0053859 0.0036878 0.0036878 0.0037756 0.0052025 0.2380652 0.2380652 0.2225609 0.2227835 0.2211381 0.2207004 0.2237514 0.2230067 0.2240057 0.2239014 0.2266960 0.2249472 0.2237989 0.2256328 0.2229931 0.2264482 0.2235326 0.2230240 0.2246756 0.2206653 0.2252140 0.2303804 0.2175989 0.2203189 0.2213856 0.2208936 0.2218265 0.2232761 0.2385790 0.2410345 0.2355332 0.2389773 0.2466881 0.2389004 0.2371956 0.2369543 0.2366541 0.2378481 0.2419825 0.2419932 0.2370322 0.2376440 0.1131058 0.0198376 0.0190776 0.0237724 0.0181954 0.0181954 0.0247309 8.9999990 8.9999990 8.9999990 7.3443687 8.9999990 8.9999985 8.9999988 8.9999988 8.9999981 8.9999980 8.9999984 8.9999987 8.9999986 8.9999986 8.9999982 8.9999984 8.9999989 8.9999990 8.9999989 8.9999990 8.9999990 8.9999987 8.9999987 8.4895246 8.9999980 8.9999981 8.9999982 8.9999990 8.9999990 8.9999980 8.9999980 8.9999982 8.9999981 8.9999986 8.9999984 8.9999981 8.9999981 8.9999987 8.9999986 8.9999984 8.9999985 8.9999989 8.9999986 8.9999988 8.9999984 8.9999986 8.9999988 8.9999984 8.9999987 8.9999986 8.9999986 8.9999982 8.9999984 8.9999983 8.9999988 8.9999990 8.9999982 8.9999986 8.9999987 8.9999986 8.9999980 8.9999988 8.9999983 8.9999987 8.9999981 8.9999988 8.9999985 7.1881246 
ON0528121_Temnothorax_93  0.0000010 0.0141925 0.0044263 0.0036882 0.0000010 0.0007618 0.0000010 0.0007329 0.0000010 0.0000000 0.0000010 0.0007280 0.0007503 0.0007276 0.0014662 0.0036871 0.0044379 0.0029432 0.0029432 0.0036895 0.0029432 0.0029432 0.0036826 0.0032991 0.0036882 0.0030131 0.0038841 0.0051802 0.0053816 0.0036851 0.0036851 0.0037727 0.0051985 0.2390358 0.2390358 0.2225609 0.2227835 0.2211381 0.2207004 0.2237514 0.2230067 0.2240057 0.2239014 0.2266960 0.2249472 0.2237989 0.2256328 0.2229931 0.2264482 0.2235326 0.2230240 0.2246756 0.2206653 0.2252140 0.2303804 0.2175989 0.2203189 0.2213856 0.2208936 0.2218265 0.2232761 0.2385790 0.2410345 0.2355332 0.2389773 0.2466881 0.2389004 0.2371956 0.2369543 0.2366541 0.2378481 0.2419825 0.2419932 0.2370322 0.2376440 0.1130112 0.0198224 0.0190630 0.0237541 0.0181815 0.0181815 0.0247118 8.9999990 8.9999990 8.9999990 7.3443687 8.9999990 8.9999985 8.9999988 8.9999988 8.9999981 8.9999980 8.9999984 8.9999987 8.9999986 8.9999986 8.9999982 8.9999984 8.9999989 8.9999990 8.9999989 8.9999990 8.9999990 8.9999987 8.9999987 8.4895246 8.9999980 8.9999981 8.9999982 8.9999990 8.9999990 8.9999980 8.9999980 8.9999982 8.9999981 8.9999986 8.9999984 8.9999981 8.9999981 8.9999987 8.9999986 8.9999984 8.9999985 8.9999989 8.9999986 8.9999988 8.9999984 8.9999986 8.9999988 8.9999984 8.9999987 8.9999986 8.9999986 8.9999982 8.9999984 8.9999983 8.9999988 8.9999990 8.9999982 8.9999986 8.9999987 8.9999986 8.9999980 8.9999988 8.9999983 8.9999987 8.9999981 8.9999988 8.9999985 7.1881246 
ON0528011_Temnothorax_104 0.0000010 0.0145893 0.0015827 0.0007913 0.0000010 0.0007989 0.0000010 0.0007905 0.0000010 0.0000010 0.0000000 0.0007910 0.0007905 0.0007905 0.0007905 0.0007910 0.0015867 0.0000010 0.0000010 0.0007916 0.0000010 0.0000010 0.0000010 0.0000010 0.0000010 0.0000010 0.0000010 0.0015848 0.0023827 0.0007905 0.0007905 0.0007905 0.0015861 0.2396172 0.2396172 0.2145964 0.2148072 0.2132354 0.2128210 0.2157263 0.2150184 0.2158710 0.2157196 0.2184872 0.2167732 0.2155205 0.2176331 0.2147046 0.2182496 0.2154199 0.2150382 0.2166692 0.2127915 0.2168332 0.2217950 0.2097648 0.2120913 0.2134696 0.2130042 0.2138870 0.2152767 0.2302021 0.2326930 0.2273797 0.2307268 0.2383039 0.2307091 0.2290221 0.2287932 0.2285089 0.2297023 0.2336505 0.2336641 0.2288195 0.2294550 0.1082885 0.0163355 0.0163355 0.0214031 0.0146227 0.0146227 0.0198032 8.9999990 8.9999990 8.9999990 7.3443687 8.9999990 8.9999985 8.9999988 8.9999988 8.9999981 8.9999980 8.9999984 8.9999987 8.9999986 8.9999986 8.9999982 8.9999984 8.9999989 8.9999990 8.9999989 8.9999990 8.9999990 8.9999987 8.9999987 8.4895246 8.9999980 8.9999981 8.9999982 8.9999990 8.9999990 8.9999980 8.9999980 8.9999982 8.9999981 8.9999986 8.9999984 8.9999981 8.9999981 8.9999987 8.9999986 8.9999984 8.9999985 8.9999989 8.9999986 8.9999988 8.9999984 8.9999986 8.9999988 8.9999984 8.9999987 8.9999986 8.9999986 8.9999982 8.9999984 8.9999983 8.9999988 8.9999990 8.9999982 8.9999986 8.9999987 8.9999986 8.9999980 8.9999988 8.9999983 8.9999987 8.9999981 8.9999988 8.9999986 7.1881246 
ON0528101_Temnothorax_95  0.0000010 0.0141925 0.0051766 0.0044366 0.0007328 0.0015271 0.0008377 0.0014690 0.0007286 0.0007280 0.0007910 0.0000000 0.0015039 0.0014585 0.0022041 0.0044354 0.0051893 0.0036871 0.0036871 0.0044382 0.0036871 0.0036871 0.0044288 0.0041342 0.0044366 0.0037748 0.0046732 0.0059337 0.0061649 0.0044318 0.0044318 0.0045385 0.0059547 0.2408762 0.2408762 0.2247426 0.2249686 0.2233023 0.2228581 0.2259502 0.2251951 0.2262351 0.2261439 0.2289464 0.2271876 0.2260681 0.2278248 0.2252649 0.2286957 0.2257556 0.2252117 0.2268694 0.2228213 0.2275119 0.2327364 0.2197433 0.2225732 0.2235536 0.2230540 0.2240011 0.2254676 0.2408783 0.2433246 0.2377700 0.2412416 0.2444629 0.2367260 0.2394382 0.2391934 0.2388887 0.2400831 0.2442701 0.2442799 0.2392857 0.2398910 0.1117962 0.0190170 0.0182592 0.0245781 0.0189831 0.0189831 0.0255450 8.9999990 8.9999990 8.9999990 7.3443687 8.9999990 8.9999985 8.9999988 8.9999988 8.9999981 8.9999980 8.9999984 8.9999987 8.9999986 8.9999986 8.9999982 8.9999984 8.9999989 8.9999990 8.9999989 8.9999990 8.9999990 8.9999987 8.9999987 8.4895246 8.9999980 8.9999981 8.9999982 8.9999990 8.9999990 8.9999980 8.9999980 8.9999982 8.9999981 8.9999986 8.9999984 8.9999981 8.9999981 8.9999987 8.9999986 8.9999984 8.9999985 8.9999989 8.9999986 8.9999988 8.9999984 8.9999986 8.9999988 8.9999984 8.9999987 8.9999986 8.9999986 8.9999982 8.9999984 8.9999983 8.9999988 8.9999990 8.9999982 8.9999986 8.9999987 8.9999986 8.9999980 8.9999988 8.9999983 8.9999987 8.9999981 8.9999988 8.9999985 7.1881246 
ON0528091_Temnothorax_96  0.0011885 0.0128624 0.0053372 0.0045743 0.0007553 0.0000010 0.0008372 0.0000010 0.0007508 0.0007503 0.0007905 0.0015039 0.0000000 0.0015030 0.0022719 0.0045729 0.0053507 0.0038019 0.0038019 0.0045760 0.0038019 0.0038019 0.0045669 0.0041316 0.0038019 0.0038019 0.0046704 0.0038069 0.0046082 0.0030377 0.0030377 0.0030377 0.0038099 0.2487328 0.2487328 0.2242090 0.2244337 0.2227759 0.2223343 0.2254098 0.2246589 0.2256866 0.2255923 0.2283869 0.2266344 0.2255101 0.2272822 0.2229931 0.2281374 0.2252097 0.2246756 0.2263283 0.2222980 0.2252140 0.2303804 0.2192292 0.2220265 0.2230258 0.2225291 0.2234708 0.2249300 0.2402814 0.2427250 0.2371956 0.2406530 0.2483765 0.2405640 0.2388588 0.2386155 0.2383125 0.2395044 0.2436693 0.2436793 0.2387038 0.2393096 0.1117237 0.0180303 0.0180303 0.0229067 0.0171735 0.0171735 0.0230046 8.9999990 8.9999990 8.9999990 7.3443687 8.9999990 8.9999985 8.9999988 8.9999988 8.9999981 8.9999980 8.9999984 8.9999987 8.9999986 8.9999986 8.9999982 8.9999984 8.9999989 8.9999990 8.9999989 8.9999990 8.9999990 8.9999987 8.9999987 8.4895246 8.9999980 8.9999981 8.9999982 8.9999990 8.9999990 8.9999980 8.9999980 8.9999982 8.9999981 8.9999986 8.9999984 8.9999981 8.9999981 8.9999987 8.9999986 8.9999984 8.9999985 8.9999989 8.9999986 8.9999988 8.9999984 8.9999986 8.9999988 8.9999984 8.9999987 8.9999986 8.9999986 8.9999982 8.9999984 8.9999983 8.9999988 8.9999990 8.9999982 8.9999986 8.9999987 8.9999986 8.9999980 8.9999988 8.9999983 8.9999987 8.9999981 8.9999988 8.9999980 7.1881246 
ON0528111_Temnothorax_94  0.0000010 0.0141925 0.0036851 0.0044341 0.0007324 0.0015262 0.0008372 0.0014682 0.0007282 0.0007276 0.0007905 0.0014585 0.0015030 0.0000000 0.0007324 0.0044318 0.0051863 0.0036851 0.0036851 0.0044357 0.0036851 0.0036851 0.0044263 0.0041316 0.0044341 0.0037727 0.0046704 0.0059302 0.0061612 0.0044293 0.0044293 0.0045358 0.0059512 0.2403984 0.2403984 0.2211263 0.2213472 0.2197115 0.2192772 0.2223083 0.2215687 0.2225434 0.2224302 0.2252263 0.2234798 0.2223099 0.2241986 0.2215004 0.2249797 0.2220731 0.2215865 0.2232380 0.2192430 0.2237097 0.2288511 0.2161772 0.2188312 0.2199573 0.2194690 0.2203948 0.2218367 0.2371056 0.2395726 0.2340929 0.2375271 0.2452309 0.2374606 0.2357553 0.2355157 0.2352177 0.2364141 0.2405243 0.2405355 0.2355845 0.2362019 0.1140988 0.0206193 0.0198587 0.0245610 0.0189706 0.0189706 0.0255269 8.9999990 8.9999990 8.9999990 7.3443687 8.9999990 8.9999985 8.9999988 8.9999988 8.9999981 8.9999980 8.9999984 8.9999987 8.9999986 8.9999986 8.9999982 8.9999984 8.9999989 8.9999990 8.9999989 8.9999990 8.9999990 8.9999987 8.9999987 8.4895246 8.9999980 8.9999981 8.9999982 8.9999990 8.9999990 8.9999980 8.9999980 8.9999982 8.9999981 8.9999986 8.9999984 8.9999981 8.9999981 8.9999987 8.9999986 8.9999984 8.9999985 8.9999989 8.9999986 8.9999988 8.9999984 8.9999986 8.9999988 8.9999984 8.9999987 8.9999986 8.9999986 8.9999982 8.9999984 8.9999983 8.9999988 8.9999990 8.9999982 8.9999986 8.9999987 8.9999986 8.9999980 8.9999988 8.9999983 8.9999987 8.9999981 8.9999988 8.9999985 7.1881246 
ON0528051_Temnothorax_100 0.0000010 0.0141925 0.0007313 0.0014662 0.0007324 0.0015262 0.0008372 0.0014682 0.0014662 0.0014662 0.0007905 0.0022041 0.0022719 0.0007324 0.0000000 0.0014657 0.0022047 0.0007313 0.0007313 0.0014667 0.0007313 0.0007313 0.0014639 0.0008189 0.0014662 0.0007485 0.0015436 0.0029411 0.0030545 0.0014649 0.0014649 0.0014995 0.0029513 0.2329203 0.2329203 0.2125306 0.2127383 0.2111857 0.2107774 0.2136448 0.2129465 0.2137614 0.2135980 0.2163580 0.2146533 0.2133742 0.2155575 0.2125559 0.2161231 0.2133160 0.2129668 0.2145922 0.2107493 0.2146603 0.2195686 0.2077333 0.2099589 0.2114164 0.2109579 0.2118277 0.2132018 0.2280264 0.2305257 0.2252622 0.2285835 0.2361235 0.2285808 0.2268990 0.2266733 0.2263931 0.2275860 0.2314853 0.2314997 0.2266865 0.2273277 0.1093112 0.0174178 0.0166633 0.0213109 0.0158035 0.0158035 0.0222418 8.9999990 8.9999990 8.9999990 7.3443687 8.9999990 8.9999985 8.9999988 8.9999988 8.9999981 8.9999980 8.9999984 8.9999987 8.9999986 8.9999986 8.9999982 8.9999984 8.9999989 8.9999990 8.9999989 8.9999990 8.9999990 8.9999987 8.9999987 8.4895246 8.9999980 8.9999981 8.9999982 8.9999990 8.9999990 8.9999980 8.9999980 8.9999982 8.9999981 8.9999986 8.9999984 8.9999981 8.9999981 8.9999987 8.9999986 8.9999984 8.9999985 8.9999989 8.9999986 8.9999988 8.9999984 8.9999986 8.9999988 8.9999984 8.9999987 8.9999986 8.9999986 8.9999982 8.9999984 8.9999983 8.9999988 8.9999990 8.9999982 8.9999986 8.9999987 8.9999986 8.9999980 8.9999988 8.9999983 8.9999987 8.9999981 8.9999988 8.9999985 7.1881246 
ON0527971_Temnothorax_108 0.0011336 0.0151208 0.0021641 0.0014426 0.0007328 0.0015271 0.0000010 0.0014690 0.0036899 0.0036871 0.0007910 0.0044354 0.0045729 0.0044318 0.0014657 0.0000000 0.0021627 0.0007167 0.0007172 0.0014596 0.0007278 0.0007266 0.0014361 0.0008145 0.0014591 0.0007448 0.0015370 0.0028937 0.0030392 0.0014371 0.0014590 0.0014933 0.0028948 0.2338133 0.2351880 0.2162677 0.2164792 0.2149048 0.2144889 0.2174009 0.2166912 0.2175670 0.2174264 0.2201769 0.2184699 0.2172489 0.2192873 0.2164418 0.2199392 0.2171150 0.2167103 0.2183324 0.2144584 0.2185716 0.2235326 0.2114475 0.2138377 0.2151399 0.2146727 0.2155588 0.2169498 0.2318290 0.2342928 0.2289864 0.2323252 0.2398664 0.2322964 0.2306195 0.2303900 0.2301049 0.2312889 0.2352407 0.2352537 0.2304260 0.2310519 0.1107818 0.0173332 0.0165696 0.0216599 0.0154968 0.0154968 0.0218034 8.9999990 8.9999990 8.9999990 7.3443687 8.9999990 8.9999985 8.9999988 8.9999988 8.9999981 8.9999980 8.9999984 8.9999987 8.9999986 8.9999986 8.9999982 8.9999984 8.9999989 8.9999990 8.9999989 8.9999990 8.9999990 8.9999987 8.9999987 8.4895246 8.9999980 8.9999981 8.9999982 8.9999990 8.9999990 8.9999980 8.9999980 8.9999982 8.9999981 8.9999986 8.9999984 8.9999981 8.9999981 8.9999987 8.9999986 8.9999984 8.9999985 8.9999989 8.9999986 8.9999988 8.9999984 8.9999986 8.9999988 8.9999984 8.9999987 8.9999986 8.9999986 8.9999982 8.9999984 8.9999983 8.9999988 8.9999990 8.9999982 8.9999986 8.9999987 8.9999986 8.9999980 8.9999988 8.9999983 8.9999987 8.9999981 8.9999988 8.9999985 7.1881246 
ON0527891_Temnothorax_114 0.0000010 0.0160661 0.0028934 0.0021698 0.0014697 0.0022972 0.0016808 0.0022097 0.0044413 0.0044379 0.0015867 0.0051893 0.0053507 0.0051863 0.0022047 0.0021627 0.0000000 0.0014387 0.0014397 0.0021955 0.0014595 0.0014572 0.0021600 0.0016339 0.0021947 0.0014939 0.0023122 0.0036271 0.0038099 0.0021615 0.0021945 0.0022463 0.0036284 0.2359697 0.2373604 0.2187823 0.2189980 0.2173969 0.2169728 0.2199371 0.2192142 0.2201379 0.2200118 0.2227772 0.2210552 0.2198640 0.2218200 0.2190582 0.2225357 0.2196780 0.2192326 0.2208649 0.2169405 0.2212220 0.2262595 0.2139104 0.2164288 0.2176367 0.2171602 0.2180640 0.2194769 0.2345102 0.2369686 0.2315900 0.2349675 0.2425692 0.2349198 0.2332333 0.2329994 0.2327086 0.2338955 0.2379158 0.2379278 0.2330518 0.2336716 0.1120964 0.0181399 0.0173735 0.0224722 0.0162813 0.0162813 0.0226218 8.9999990 8.9999990 8.9999990 7.3443687 8.9999990 8.9999985 8.9999988 8.9999988 8.9999981 8.9999980 8.9999984 8.9999987 8.9999986 8.9999986 8.9999982 8.9999984 8.9999989 8.9999990 8.9999989 8.9999990 8.9999990 8.9999987 8.9999987 8.4895246 8.9999980 8.9999981 8.9999982 8.9999990 8.9999990 8.9999980 8.9999980 8.9999982 8.9999981 8.9999986 8.9999984 8.9999981 8.9999981 8.9999987 8.9999986 8.9999984 8.9999985 8.9999989 8.9999986 8.9999988 8.9999984 8.9999986 8.9999988 8.9999984 8.9999987 8.9999986 8.9999986 8.9999982 8.9999984 8.9999983 8.9999988 8.9999990 8.9999982 8.9999986 8.9999987 8.9999986 8.9999980 8.9999988 8.9999983 8.9999987 8.9999981 8.9999988 8.9999985 7.1881246 
ON0527931_Temnothorax_112 0.0000010 0.0141925 0.0014392 0.0007193 0.0000010 0.0007618 0.0000010 0.0007329 0.0029454 0.0029432 0.0000010 0.0036871 0.0038019 0.0036851 0.0007313 0.0007167 0.0014387 0.0000000 0.0000010 0.0007282 0.0000010 0.0000010 0.0007167 0.0000010 0.0007280 0.0000010 0.0007667 0.0021656 0.0022743 0.0007167 0.0007279 0.0007450 0.0021664 0.2320232 0.2333866 0.2141561 0.2143644 0.2128098 0.2124001 0.2152731 0.2145732 0.2154105 0.2152578 0.2180001 0.2163028 0.2150551 0.2171653 0.2142458 0.2177651 0.2149645 0.2145930 0.2162091 0.2123711 0.2163506 0.2212564 0.2093717 0.2116586 0.2130413 0.2125812 0.2134540 0.2148288 0.2296038 0.2320760 0.2268206 0.2301329 0.2376363 0.2301195 0.2284478 0.2282217 0.2279408 0.2291242 0.2330260 0.2330398 0.2282443 0.2288760 0.1095831 0.0165415 0.0157801 0.0208655 0.0147257 0.0147257 0.0210029 8.9999990 8.9999990 8.9999990 7.3443687 8.9999990 8.9999985 8.9999988 8.9999988 8.9999981 8.9999980 8.9999984 8.9999987 8.9999986 8.9999986 8.9999982 8.9999984 8.9999989 8.9999990 8.9999989 8.9999990 8.9999990 8.9999987 8.9999987 8.4895246 8.9999980 8.9999981 8.9999982 8.9999990 8.9999990 8.9999980 8.9999980 8.9999982 8.9999981 8.9999986 8.9999984 8.9999981 8.9999981 8.9999987 8.9999986 8.9999984 8.9999985 8.9999989 8.9999986 8.9999988 8.9999984 8.9999986 8.9999988 8.9999984 8.9999987 8.9999986 8.9999986 8.9999982 8.9999984 8.9999983 8.9999988 8.9999990 8.9999982 8.9999986 8.9999987 8.9999986 8.9999980 8.9999988 8.9999983 8.9999987 8.9999981 8.9999988 8.9999985 7.1881246 
ON0527921_Temnothorax_113 0.0000010 0.0141925 0.0014392 0.0007193 0.0000010 0.0007618 0.0000010 0.0007329 0.0029454 0.0029432 0.0000010 0.0036871 0.0038019 0.0036851 0.0007313 0.0007172 0.0014397 0.0000010 0.0000000 0.0007282 0.0000010 0.0000010 0.0007172 0.0000010 0.0007280 0.0000010 0.0007667 0.0021656 0.0022743 0.0007172 0.0007279 0.0007450 0.0021680 0.2320232 0.2333866 0.2141561 0.2143644 0.2128098 0.2124001 0.2152731 0.2145732 0.2154105 0.2152578 0.2180001 0.2163028 0.2150551 0.2171653 0.2142458 0.2177651 0.2149645 0.2145930 0.2162091 0.2123711 0.2163506 0.2212564 0.2093717 0.2116586 0.2130413 0.2125812 0.2134540 0.2148288 0.2296038 0.2320760 0.2268206 0.2301329 0.2376363 0.2301195 0.2284478 0.2282217 0.2279408 0.2291242 0.2330260 0.2330398 0.2282443 0.2288760 0.1095831 0.0165415 0.0157801 0.0208811 0.0147367 0.0147367 0.0210188 8.9999990 8.9999990 8.9999990 7.3443687 8.9999990 8.9999985 8.9999988 8.9999988 8.9999981 8.9999980 8.9999984 8.9999987 8.9999986 8.9999986 8.9999982 8.9999984 8.9999989 8.9999990 8.9999989 8.9999990 8.9999990 8.9999987 8.9999987 8.4895246 8.9999980 8.9999981 8.9999982 8.9999990 8.9999990 8.9999980 8.9999980 8.9999982 8.9999981 8.9999986 8.9999984 8.9999981 8.9999981 8.9999987 8.9999986 8.9999984 8.9999985 8.9999989 8.9999986 8.9999988 8.9999984 8.9999986 8.9999988 8.9999984 8.9999987 8.9999986 8.9999986 8.9999982 8.9999984 8.9999983 8.9999988 8.9999990 8.9999982 8.9999986 8.9999987 8.9999986 8.9999980 8.9999988 8.9999983 8.9999987 8.9999981 8.9999988 8.9999985 7.1881246 
ON0528001_Temnothorax_105 0.0000010 0.0141925 0.0021903 0.0014601 0.0007333 0.0015281 0.0000010 0.0014700 0.0036922 0.0036895 0.0007916 0.0044382 0.0045760 0.0044357 0.0014667 0.0014596 0.0021955 0.0007282 0.0007282 0.0000000 0.0007282 0.0007282 0.0014578 0.0008150 0.0014601 0.0007453 0.0015381 0.0029289 0.0030412 0.0014588 0.0014599 0.0014943 0.0029389 0.2352356 0.2352356 0.2164780 0.2166899 0.2151126 0.2146958 0.2176135 0.2169024 0.2177825 0.2176431 0.2203960 0.2186870 0.2174679 0.2195004 0.2166606 0.2201579 0.2173297 0.2169214 0.2185451 0.2146652 0.2187942 0.2237639 0.2116514 0.2140533 0.2153482 0.2148800 0.2157680 0.2171614 0.2320602 0.2345246 0.2292097 0.2325533 0.2401031 0.2325229 0.2308443 0.2306144 0.2303287 0.2315135 0.2354729 0.2354858 0.2306519 0.2312774 0.1099003 0.0173445 0.0165931 0.0212213 0.0157373 0.0157373 0.0221476 8.9999990 8.9999990 8.9999990 7.3443687 8.9999990 8.9999985 8.9999988 8.9999988 8.9999981 8.9999980 8.9999984 8.9999987 8.9999986 8.9999986 8.9999982 8.9999984 8.9999989 8.9999990 8.9999989 8.9999990 8.9999990 8.9999987 8.9999987 8.4895246 8.9999980 8.9999981 8.9999982 8.9999990 8.9999990 8.9999980 8.9999980 8.9999982 8.9999981 8.9999986 8.9999984 8.9999981 8.9999981 8.9999987 8.9999986 8.9999984 8.9999985 8.9999989 8.9999986 8.9999988 8.9999984 8.9999986 8.9999988 8.9999984 8.9999987 8.9999986 8.9999986 8.9999982 8.9999984 8.9999983 8.9999988 8.9999990 8.9999982 8.9999986 8.9999987 8.9999986 8.9999980 8.9999988 8.9999983 8.9999987 8.9999981 8.9999988 8.9999985 7.1881246 
ON0527851_Temnothorax_116 0.0000010 0.0141925 0.0014561 0.0007280 0.0000010 0.0007618 0.0000010 0.0007329 0.0029454 0.0029432 0.0000010 0.0036871 0.0038019 0.0036851 0.0007313 0.0007278 0.0014595 0.0000010 0.0000010 0.0007282 0.0000000 0.0000010 0.0007269 0.0000010 0.0007280 0.0000010 0.0007667 0.0021905 0.0022743 0.0007274 0.0007279 0.0007450 0.0021979 0.2332382 0.2332382 0.2141561 0.2143644 0.2128098 0.2124001 0.2152731 0.2145732 0.2154105 0.2152578 0.2180001 0.2163028 0.2150551 0.2171653 0.2142458 0.2177651 0.2149645 0.2145930 0.2162091 0.2123711 0.2163506 0.2212564 0.2093717 0.2116586 0.2130413 0.2125812 0.2134540 0.2148288 0.2296038 0.2320760 0.2268206 0.2301329 0.2376363 0.2301195 0.2284478 0.2282217 0.2279408 0.2291242 0.2330260 0.2330398 0.2282443 0.2288760 0.1086164 0.0165415 0.0157921 0.0204028 0.0149440 0.0149440 0.0213197 8.9999990 8.9999990 8.9999990 7.3443687 8.9999990 8.9999985 8.9999988 8.9999988 8.9999981 8.9999980 8.9999984 8.9999987 8.9999986 8.9999986 8.9999982 8.9999984 8.9999989 8.9999990 8.9999989 8.9999990 8.9999990 8.9999987 8.9999987 8.4895246 8.9999980 8.9999981 8.9999982 8.9999990 8.9999990 8.9999980 8.9999980 8.9999982 8.9999981 8.9999986 8.9999984 8.9999981 8.9999981 8.9999987 8.9999986 8.9999984 8.9999985 8.9999989 8.9999986 8.9999988 8.9999984 8.9999986 8.9999988 8.9999984 8.9999987 8.9999986 8.9999986 8.9999982 8.9999984 8.9999983 8.9999988 8.9999990 8.9999982 8.9999986 8.9999987 8.9999986 8.9999980 8.9999988 8.9999983 8.9999987 8.9999981 8.9999988 8.9999985 7.1881246 
ON0527861_Temnothorax_115 0.0000010 0.0141925 0.0014538 0.0007268 0.0000010 0.0007618 0.0000010 0.0007329 0.0029454 0.0029432 0.0000010 0.0036871 0.0038019 0.0036851 0.0007313 0.0007266 0.0014572 0.0000010 0.0000010 0.0007282 0.0000010 0.0000000 0.0007257 0.0000010 0.0007280 0.0000010 0.0007667 0.0021869 0.0022743 0.0007262 0.0007279 0.0007450 0.0021944 0.2326054 0.2326054 0.2141561 0.2143644 0.2128098 0.2124001 0.2152731 0.2145732 0.2154105 0.2152578 0.2180001 0.2163028 0.2150551 0.2171653 0.2142458 0.2177651 0.2149645 0.2145930 0.2162091 0.2123711 0.2163506 0.2212564 0.2093717 0.2116586 0.2130413 0.2125812 0.2134540 0.2148288 0.2296038 0.2320760 0.2268206 0.2301329 0.2376363 0.2301195 0.2284478 0.2282217 0.2279408 0.2291242 0.2330260 0.2330398 0.2282443 0.2288760 0.1083849 0.0165415 0.0157801 0.0203686 0.0149194 0.0149194 0.0212837 8.9999990 8.9999990 8.9999990 7.3443687 8.9999990 8.9999985 8.9999988 8.9999988 8.9999981 8.9999980 8.9999984 8.9999987 8.9999986 8.9999986 8.9999982 8.9999984 8.9999989 8.9999990 8.9999989 8.9999990 8.9999990 8.9999987 8.9999987 8.4895246 8.9999980 8.9999981 8.9999982 8.9999990 8.9999990 8.9999980 8.9999980 8.9999982 8.9999981 8.9999986 8.9999984 8.9999981 8.9999981 8.9999987 8.9999986 8.9999984 8.9999985 8.9999989 8.9999986 8.9999988 8.9999984 8.9999986 8.9999988 8.9999984 8.9999987 8.9999986 8.9999986 8.9999982 8.9999984 8.9999983 8.9999988 8.9999990 8.9999982 8.9999986 8.9999987 8.9999986 8.9999980 8.9999988 8.9999983 8.9999987 8.9999981 8.9999988 8.9999985 7.1881246 
ON0527991_Temnothorax_106 0.0011313 0.0150967 0.0021614 0.0014408 0.0007319 0.0015251 0.0000010 0.0014672 0.0036853 0.0036826 0.0000010 0.0044288 0.0045669 0.0044263 0.0014639 0.0014361 0.0021600 0.0007167 0.0007172 0.0014578 0.0007269 0.0007257 0.0000000 0.0000010 0.0014573 0.0007439 0.0007667 0.0028901 0.0030353 0.0014353 0.0014572 0.0014914 0.0028913 0.2306871 0.2320442 0.2141561 0.2143644 0.2128098 0.2124001 0.2152731 0.2145732 0.2154105 0.2152578 0.2180001 0.2163028 0.2150551 0.2171653 0.2142458 0.2177651 0.2149645 0.2145930 0.2162091 0.2123711 0.2163506 0.2212564 0.2093717 0.2116586 0.2130413 0.2125812 0.2134540 0.2148288 0.2296038 0.2320760 0.2268206 0.2301329 0.2376363 0.2301195 0.2284478 0.2282217 0.2279408 0.2291242 0.2330260 0.2330398 0.2282443 0.2288760 0.1105563 0.0173096 0.0165471 0.0216303 0.0154762 0.0154762 0.0217733 8.9999990 8.9999990 8.9999990 7.3443687 8.9999990 8.9999985 8.9999988 8.9999988 8.9999981 8.9999980 8.9999984 8.9999987 8.9999986 8.9999986 8.9999982 8.9999984 8.9999989 8.9999990 8.9999989 8.9999990 8.9999990 8.9999987 8.9999987 8.4895246 8.9999980 8.9999981 8.9999982 8.9999990 8.9999990 8.9999980 8.9999980 8.9999982 8.9999981 8.9999986 8.9999984 8.9999981 8.9999981 8.9999987 8.9999986 8.9999984 8.9999985 8.9999989 8.9999986 8.9999988 8.9999984 8.9999986 8.9999988 8.9999984 8.9999987 8.9999986 8.9999986 8.9999982 8.9999984 8.9999983 8.9999988 8.9999990 8.9999982 8.9999986 8.9999987 8.9999986 8.9999980 8.9999988 8.9999983 8.9999987 8.9999981 8.9999988 8.9999987 7.1881246 
ON0527941_Temnothorax_111 0.0000010 0.0152702 0.0016297 0.0008147 0.0000010 0.0008293 0.0000010 0.0008196 0.0033019 0.0032991 0.0000010 0.0041342 0.0041316 0.0041316 0.0008189 0.0008145 0.0016339 0.0000010 0.0000010 0.0008150 0.0000010 0.0000010 0.0000010 0.0000000 0.0000010 0.0000010 0.0000010 0.0016319 0.0024536 0.0008140 0.0008147 0.0008147 0.0016332 0.2404258 0.2404258 0.2141561 0.2143644 0.2128098 0.2124001 0.2152731 0.2145732 0.2154105 0.2152578 0.2180001 0.2163028 0.2150551 0.2171653 0.2142458 0.2177651 0.2149645 0.2145930 0.2162091 0.2123711 0.2163506 0.2212564 0.2093717 0.2116586 0.2130413 0.2125812 0.2134540 0.2148288 0.2296038 0.2320760 0.2268206 0.2301329 0.2376363 0.2301195 0.2284478 0.2282217 0.2279408 0.2291242 0.2330260 0.2330398 0.2282443 0.2288760 0.1104744 0.0168358 0.0168358 0.0203081 0.0150682 0.0150682 0.0204161 8.9999990 8.9999990 8.9999990 7.3443687 8.9999990 8.9999985 8.9999988 8.9999988 8.9999981 8.9999980 8.9999984 8.9999987 8.9999986 8.9999986 8.9999982 8.9999984 8.9999989 8.9999990 8.9999989 8.9999990 8.9999990 8.9999987 8.9999987 8.4895246 8.9999980 8.9999981 8.9999982 8.9999990 8.9999990 8.9999980 8.9999980 8.9999982 8.9999981 8.9999986 8.9999984 8.9999981 8.9999981 8.9999987 8.9999986 8.9999984 8.9999985 8.9999989 8.9999986 8.9999988 8.9999984 8.9999986 8.9999988 8.9999984 8.9999987 8.9999986 8.9999986 8.9999982 8.9999984 8.9999983 8.9999988 8.9999990 8.9999982 8.9999986 8.9999987 8.9999986 8.9999980 8.9999988 8.9999983 8.9999987 8.9999981 8.9999988 8.9999987 7.1881246 
ON0528031_Temnothorax_102 0.0011341 0.0151263 0.0021896 0.0014595 0.0007330 0.0007618 0.0000010 0.0014694 0.0036909 0.0036882 0.0000010 0.0044366 0.0038019 0.0044341 0.0014662 0.0014591 0.0021947 0.0007280 0.0007280 0.0014601 0.0007280 0.0007280 0.0014573 0.0000010 0.0000000 0.0000010 0.0007667 0.0029278 0.0022743 0.0014583 0.0014594 0.0007450 0.0029379 0.2352250 0.2352250 0.2141561 0.2143644 0.2128098 0.2124001 0.2152731 0.2145732 0.2154105 0.2152578 0.2180001 0.2163028 0.2150551 0.2171653 0.2142458 0.2177651 0.2149645 0.2145930 0.2162091 0.2123711 0.2163506 0.2212564 0.2093717 0.2116586 0.2130413 0.2125812 0.2134540 0.2148288 0.2296038 0.2320760 0.2268206 0.2301329 0.2376363 0.2301195 0.2284478 0.2282217 0.2279408 0.2291242 0.2330260 0.2330398 0.2282443 0.2288760 0.1098746 0.0173386 0.0165873 0.0212140 0.0157318 0.0157318 0.0221400 8.9999990 8.9999990 8.9999990 7.3443687 8.9999990 8.9999985 8.9999988 8.9999988 8.9999981 8.9999980 8.9999984 8.9999987 8.9999986 8.9999986 8.9999982 8.9999984 8.9999989 8.9999990 8.9999989 8.9999990 8.9999990 8.9999987 8.9999987 8.4895246 8.9999980 8.9999981 8.9999982 8.9999990 8.9999990 8.9999980 8.9999980 8.9999982 8.9999981 8.9999986 8.9999984 8.9999981 8.9999981 8.9999987 8.9999986 8.9999984 8.9999985 8.9999989 8.9999986 8.9999988 8.9999984 8.9999986 8.9999988 8.9999984 8.9999987 8.9999986 8.9999986 8.9999982 8.9999984 8.9999983 8.9999988 8.9999990 8.9999982 8.9999986 8.9999987 8.9999986 8.9999980 8.9999988 8.9999983 8.9999987 8.9999981 8.9999988 8.9999988 7.1881246 
ON0527981_Temnothorax_107 0.0000010 0.0136733 0.0014903 0.0007450 0.0000010 0.0007618 0.0000010 0.0007491 0.0030154 0.0030131 0.0000010 0.0037748 0.0038019 0.0037727 0.0007485 0.0007448 0.0014939 0.0000010 0.0000010 0.0007453 0.0000010 0.0000010 0.0007439 0.0000010 0.0000010 0.0000000 0.0007667 0.0014922 0.0022743 0.0007444 0.0007450 0.0007450 0.0022499 0.2391951 0.2391951 0.2141561 0.2143644 0.2128098 0.2124001 0.2152731 0.2145732 0.2154105 0.2152578 0.2180001 0.2163028 0.2150551 0.2171653 0.2142458 0.2177651 0.2149645 0.2145930 0.2162091 0.2123711 0.2163506 0.2212564 0.2093717 0.2116586 0.2130413 0.2125812 0.2134540 0.2148288 0.2296038 0.2320760 0.2268206 0.2301329 0.2376363 0.2301195 0.2284478 0.2282217 0.2279408 0.2291242 0.2330260 0.2330398 0.2282443 0.2288760 0.1073267 0.0153542 0.0153542 0.0201094 0.0145263 0.0145263 0.0210047 8.9999990 8.9999990 8.9999990 7.3443687 8.9999990 8.9999985 8.9999988 8.9999988 8.9999981 8.9999980 8.9999984 8.9999987 8.9999986 8.9999986 8.9999982 8.9999984 8.9999989 8.9999990 8.9999989 8.9999990 8.9999990 8.9999987 8.9999987 8.4895246 8.9999980 8.9999981 8.9999982 8.9999990 8.9999990 8.9999980 8.9999980 8.9999982 8.9999981 8.9999986 8.9999984 8.9999981 8.9999981 8.9999987 8.9999986 8.9999984 8.9999985 8.9999989 8.9999986 8.9999988 8.9999984 8.9999986 8.9999988 8.9999984 8.9999987 8.9999986 8.9999986 8.9999982 8.9999984 8.9999983 8.9999988 8.9999990 8.9999982 8.9999986 8.9999987 8.9999986 8.9999980 8.9999988 8.9999983 8.9999987 8.9999981 8.9999988 8.9999981 7.1881246 
