150
PQ6726201_Temnothorax_1   0.0000000 0.0000010 0.2359953 0.2582821 0.2492798 0.2452763 0.2474898 6.0952044 0.1382973 0.1384207 0.1485562 0.1390823 0.1386872 0.1384677 0.1418115 0.1382145 0.1395425 0.1424542 0.1376241 0.1423178 0.1420101 0.1390654 0.1396098 0.1417866 0.1432953 0.1401346 0.1397583 0.1393886 0.1391341 0.1380983 0.1392449 0.1393559 0.1408351 0.1380965 4.8708466 4.5898114 0.1383165 0.1300042 0.1280849 0.1352931 0.1296650 0.1279555 0.1281836 0.1290373 0.1298007 0.1264545 0.1283408 0.1294676 0.1293107 0.1284164 5.1513127 5.4898011 5.4866309 5.4722925 5.4890897 5.1514790 4.9692422 5.4499932 5.4921846 5.3825305 5.6287157 4.9052174 5.6604423 5.5895459 5.7311084 5.6255569 5.6962045 6.0292625 5.5553416 4.8419141 5.5968510 5.5786793 5.6194948 5.4576228 5.6421288 5.3873712 5.7483403 4.9641178 5.5552992 5.5669063 5.8675752 0.2554974 0.2371064 0.2397849 0.2456089 0.2420362 0.2411090 0.2398582 0.2612017 0.2579825 0.2552924 0.2581299 0.2498054 0.2512767 0.2518318 0.2602401 0.2497526 0.2500494 0.2512852 0.2491947 0.2483755 0.2518767 0.2500302 0.2565569 0.2518850 0.2468412 0.2562266 0.2502994 0.2610206 0.2647891 0.2578242 0.2482961 0.2482961 0.2528384 0.2488643 0.2495898 5.6613266 4.9010820 5.6613266 5.9657801 5.5491225 5.6390322 5.7368629 4.8826038 5.8290570 5.6632479 4.8478843 4.9767189 4.8886795 5.1618032 5.4181889 4.7859130 4.5777935 4.6457922 4.9997169 4.9506950 4.8943461 5.5886331 5.7610763 5.8361938 5.5406323 4.6792064 5.5861579 5.4076799 5.7153956 5.5859727 5.7823556 5.6213946 5.7925955 7.0949396 
PQ6726191_Temnothorax_2   0.0000010 0.0000000 0.2348226 0.2579153 0.2507829 0.2465207 0.2487475 6.0952044 0.1382973 0.1384207 0.1485562 0.1390823 0.1386872 0.1384677 0.1418115 0.1382145 0.1395425 0.1424542 0.1376241 0.1423178 0.1420101 0.1390654 0.1396098 0.1417866 0.1432953 0.1401346 0.1397583 0.1393886 0.1391341 0.1380983 0.1392449 0.1393559 0.1408351 0.1380965 4.8708466 4.5898114 0.1383165 0.1300042 0.1280849 0.1352931 0.1296650 0.1279555 0.1281836 0.1290373 0.1298007 0.1264545 0.1283408 0.1294676 0.1293107 0.1284164 5.1513127 5.4898011 5.4866309 5.4722925 5.4890897 5.1514790 4.9692422 5.4499932 5.4921846 5.3825305 5.6287157 4.9052174 5.6604423 5.5895459 5.7311084 5.6255569 5.6962045 6.0292625 5.5553416 4.8419141 5.5968510 5.5786793 5.6194948 5.4576228 5.6421288 5.3873712 5.7483403 4.9641178 5.5552992 5.5669063 5.8675752 0.2554974 0.2385364 0.2412282 0.2470989 0.2422378 0.2411090 0.2398582 0.2612017 0.2579825 0.2568433 0.2581299 0.2498054 0.2512767 0.2518318 0.2602401 0.2512603 0.2500494 0.2512852 0.2491947 0.2483755 0.2518767 0.2500302 0.2565569 0.2518850 0.2483339 0.2562266 0.2518126 0.2610206 0.2647891 0.2578242 0.2497963 0.2497963 0.2543714 0.2488643 0.2495898 5.6613266 4.9010820 5.6613266 5.9657801 5.5491225 5.6390322 5.7368629 4.8826038 5.8290570 5.6632479 4.8478843 4.9767189 4.8886795 5.1618032 5.4181889 4.7859130 4.5777935 4.6457922 4.9997169 4.9506950 4.8943461 5.5886331 5.7610763 5.8448875 5.5406323 4.6792064 5.5861579 5.4076799 5.7153956 5.5859727 5.7823556 5.6213946 5.7925955 7.0949396 
PQ6726181_Temnothorax_3   0.2359953 0.2348226 0.0000000 0.1275277 0.1132835 0.1141660 0.1155239 7.9613068 0.2153674 0.2127178 0.2297990 0.2109402 0.2139320 0.2135023 0.2144466 0.2130040 0.2136410 0.2185654 0.2159721 0.2183349 0.2181986 0.2156813 0.2139899 0.2214288 0.2196375 0.2152160 0.2140789 0.2133580 0.2129054 0.2127950 0.2131203 0.2133357 0.2151049 0.2127469 5.4701618 5.1169866 0.2132216 0.2377751 0.2353959 0.2411069 0.2327925 0.2324152 0.2356384 0.2356879 0.2388331 0.2363610 0.2388186 0.2371738 0.2380198 0.2360740 5.3425457 4.9372429 4.9860891 5.2190715 5.0657856 5.2294868 5.0917546 4.9776133 5.0152386 4.9146999 4.9998233 5.0264259 5.4827982 5.3537198 5.3665438 4.9607612 5.0762891 6.7513071 4.9350173 4.9618633 5.0872775 5.0861305 5.5061189 4.8698941 5.1635853 4.8679299 4.9210551 5.2967378 5.4106787 4.8929523 5.8729887 0.1180943 0.1119310 0.1119310 0.1152989 0.1164787 0.1103116 0.1079351 0.1114540 0.1100777 0.1155149 0.1108405 0.1124523 0.1135712 0.1111785 0.1109916 0.1124118 0.1112946 0.1114524 0.1131298 0.1122373 0.1137586 0.1125469 0.1120852 0.1137853 0.1144509 0.1110317 0.1147268 0.1196208 0.1137844 0.1143593 0.1134309 0.1134309 0.1161796 0.1121338 0.1123844 4.9922837 5.4967488 4.9922837 6.0103778 5.7435591 5.0618450 5.0462090 4.2149747 4.8995575 4.8353500 5.1004953 4.9981486 4.9981486 5.7191204 6.0710380 4.9595706 4.6928893 4.7626575 5.8876466 5.8296235 5.7625789 5.3234392 5.5703513 6.4251342 5.6280656 4.8925781 4.7327613 4.9301618 5.1560700 5.0863007 4.9540036 5.0100313 6.5170035 7.5715946 
PQ6726171_Temnothorax_4   0.2582821 0.2579153 0.1275277 0.0000000 0.0034250 0.0011110 0.0000010 7.9612972 0.2636817 0.2650308 0.2971388 0.2456854 0.2548314 0.2538299 0.2530359 0.2526703 0.2580706 0.2713442 0.2689105 0.2707813 0.2655058 0.2651334 0.2673088 0.2819721 0.2676010 0.2640235 0.2637680 0.2619948 0.2609330 0.2566669 0.2614565 0.2619823 0.2619948 0.2565119 5.6432478 5.2524963 0.2576802 0.2821346 0.2727803 0.2891822 0.2720505 0.2720447 0.2733315 0.2773816 0.2839818 0.2744213 0.2839839 0.2693722 0.2730461 0.2742595 6.1591884 5.5055052 5.5055052 5.6660382 5.7437201 6.3540548 6.0968912 5.4567440 5.7437201 5.4567440 5.5365402 5.9597852 6.9303992 5.9888495 6.0199688 5.6660382 5.6660382 6.7057335 5.4147602 5.8266657 5.7970158 5.4297467 5.9247772 5.3813646 5.6660382 5.4567440 5.9434895 6.0968912 6.4586166 5.4297467 6.4965848 0.0163562 0.0176113 0.0176113 0.0279662 0.0287666 0.0201837 0.0189895 0.0036369 0.0011755 0.0022846 0.0011869 0.0000010 0.0000010 0.0000010 0.0011897 0.0011335 0.0011361 0.0011335 0.0000010 0.0000010 0.0011355 0.0000010 0.0000010 0.0000010 0.0011322 0.0000010 0.0011349 0.0000010 0.0012309 0.0000010 0.0000010 0.0000010 0.0000010 0.0000010 0.0000010 5.6411844 7.6892520 5.6411844 6.1493035 5.9700648 5.5551074 5.8594332 4.0707535 5.7282465 5.1240915 5.9570171 5.7423519 5.6760596 5.4085509 5.7057566 5.9407972 5.4350386 5.5694887 6.1057903 6.0076301 5.8946913 5.9795310 6.0170065 6.5614610 7.4970986 5.1453618 5.3908860 5.4567440 6.1098640 5.3358622 5.7469624 5.5382008 8.4486246 8.9999988 
PQ6726161_Temnothorax_5   0.2492798 0.2507829 0.1132835 0.0034250 0.0000000 0.0036235 0.0028987 7.9612972 0.2290004 0.2319462 0.2480478 0.2252526 0.2298741 0.2294079 0.2280290 0.2288667 0.2314196 0.2351653 0.2313153 0.2349184 0.2318055 0.2321916 0.2331822 0.2370387 0.2340908 0.2316926 0.2319108 0.2311197 0.2306314 0.2286494 0.2308669 0.2311029 0.2328729 0.2285897 5.3967153 5.0998725 0.2291122 0.2506019 0.2462360 0.2569279 0.2483333 0.2458947 0.2464921 0.2484002 0.2516314 0.2471718 0.2516212 0.2447209 0.2462068 0.2469425 5.4040416 5.1450694 5.1990973 5.4424254 5.2799137 5.1720996 5.0375988 5.1884476 5.2241239 5.1241013 5.2144591 4.9730913 5.6668994 5.4685062 5.4821320 5.1728280 5.2952802 6.5273077 5.1475199 4.9093226 5.2997481 5.2966429 5.7790055 5.0798523 5.3781942 5.0723355 5.3240278 5.2182136 5.4116961 5.1013271 6.0924756 0.0133466 0.0140769 0.0140769 0.0196502 0.0202813 0.0158551 0.0143046 0.0007563 0.0007465 0.0029107 0.0007634 0.0021937 0.0029303 0.0029326 0.0007518 0.0014435 0.0007344 0.0014614 0.0029452 0.0022082 0.0029325 0.0021954 0.0015867 0.0029335 0.0028935 0.0014936 0.0028978 0.0016806 0.0023125 0.0016340 0.0021677 0.0021677 0.0036341 0.0021894 0.0021929 4.9269458 5.8983289 4.9269458 6.2572324 5.6221813 4.9960592 5.0213603 4.0707535 4.9428832 4.8128882 5.2558733 5.0770307 5.0770307 5.6340642 6.1747526 5.0741462 4.8004207 4.8720067 5.9129207 5.8547251 5.7874383 5.3231416 5.4699360 6.0892198 5.5724438 4.9024754 5.1102486 5.1365190 5.4565502 5.2560128 5.3487407 5.2268043 6.6052185 8.0961644 
PQ6726151_Temnothorax_6   0.2452763 0.2465207 0.1141660 0.0011110 0.0036235 0.0000000 0.0021408 7.9612972 0.2290004 0.2301540 0.2462344 0.2235280 0.2281322 0.2276705 0.2262229 0.2271345 0.2296668 0.2333709 0.2313153 0.2331260 0.2299925 0.2304095 0.2313929 0.2370387 0.2323404 0.2299145 0.2301521 0.2293686 0.2288843 0.2269182 0.2291175 0.2293513 0.2311197 0.2268598 5.3967153 5.0998725 0.2273766 0.2487997 0.2444672 0.2551259 0.2465614 0.2441290 0.2447209 0.2466148 0.2498328 0.2454074 0.2498220 0.2429520 0.2444270 0.2451688 5.4040416 5.1450694 5.1990973 5.4424254 5.2799137 5.1720996 5.0375988 5.1884476 5.2241239 5.1241013 5.2144591 4.9730913 5.6668994 5.4685062 5.4821320 5.1728280 5.2952802 6.5273077 5.1475199 4.9093226 5.2997481 5.2966429 5.7790055 5.0798523 5.3781942 5.0723355 5.3240278 5.2182136 5.4116961 5.1013271 6.0924756 0.0132914 0.0148452 0.0148452 0.0212415 0.0209980 0.0166414 0.0158695 0.0038076 0.0022430 0.0036372 0.0022939 0.0014576 0.0007280 0.0021922 0.0022590 0.0021645 0.0022065 0.0021913 0.0007317 0.0014672 0.0021921 0.0014587 0.0015842 0.0021929 0.0021630 0.0014913 0.0021662 0.0016777 0.0023089 0.0016314 0.0014404 0.0014404 0.0028977 0.0014548 0.0014571 4.9269458 5.8983289 4.9269458 6.2572324 5.6221813 4.9960592 5.0213603 4.0707535 4.9428832 4.8128882 5.2558733 5.0770307 5.0770307 5.6340642 6.1747526 5.0741462 4.8004207 4.8720067 5.9129207 5.8547251 5.7874383 5.3231416 5.4699360 5.9034727 5.5724438 4.9024754 5.1102486 5.1365190 5.4565502 5.2560128 5.3487407 5.2268043 6.6052185 8.0961644 
PQ6726141_Temnothorax_7   0.2474898 0.2487475 0.1155239 0.0000010 0.0028987 0.0021408 0.0000000 7.9612972 0.2317472 0.2328691 0.2490453 0.2245788 0.2292161 0.2287493 0.2273373 0.2282075 0.2307651 0.2361021 0.2340968 0.2358531 0.2327386 0.2331103 0.2341085 0.2399002 0.2350004 0.2326071 0.2328162 0.2320180 0.2315258 0.2295279 0.2317634 0.2320015 0.2337793 0.2294673 5.4935784 5.1907572 0.2299948 0.2516030 0.2472020 0.2579526 0.2493089 0.2468576 0.2474603 0.2493836 0.2526343 0.2481390 0.2526244 0.2456813 0.2471787 0.2479139 5.4990322 5.2445301 5.3014545 5.5627552 5.3833252 5.2766040 5.1364992 5.2896553 5.3245813 5.2242097 5.3177229 5.0706206 5.7796078 5.5772035 5.5917200 5.2745276 5.4011926 6.6892102 5.2492908 5.0055235 5.4024506 5.4087126 5.9058159 5.1799560 5.4931335 5.1696739 5.4383586 5.3235741 5.5304659 5.2007867 6.2120255 0.0151530 0.0156352 0.0156352 0.0220696 0.0218154 0.0174523 0.0166771 0.0030460 0.0014952 0.0029096 0.0015292 0.0007288 0.0014603 0.0014614 0.0015059 0.0014430 0.0014709 0.0014608 0.0014677 0.0007336 0.0014613 0.0007293 0.0007921 0.0014619 0.0014420 0.0007456 0.0014441 0.0008388 0.0015392 0.0008156 0.0007193 0.0007193 0.0021732 0.0007274 0.0007285 5.0130553 6.0021618 5.0130553 6.2572324 5.7284719 5.0835633 5.1090966 4.0707535 5.0330398 4.9092992 5.3476334 5.1653720 5.1653720 5.7412788 6.3039161 5.1626240 4.8836724 4.9566135 6.0194252 5.9600125 5.8911722 5.4177965 5.5678749 5.9862763 5.6715606 5.0068832 5.2163551 5.2352177 5.5588770 5.3701302 5.4607677 5.3311544 6.7296455 8.2626641 
OX3951501_Temnothorax_8   6.0952044 6.0952044 7.9613068 7.9612972 7.9612972 7.9612972 7.9612972 0.0000000 5.8964129 6.0642795 6.0504256 7.1562672 7.0556340 7.2534765 5.5995895 7.2534765 7.3582891 6.4621292 5.5075201 6.8701061 5.8490015 6.4042560 6.4682163 5.9534122 6.9273743 6.6175932 7.3829588 7.5767198 7.4664580 7.4664580 7.4664580 7.4664580 7.5767198 7.5767198 0.2705435 0.2600496 7.4664580 6.6537562 7.2534765 7.8187139 7.2233378 7.0556340 7.2534765 7.2534765 7.7001177 7.2534765 6.9774947 7.2534765 7.0663647 6.8349386 0.1972326 0.2305892 0.2305892 0.2349318 0.2330941 0.2814747 0.2697776 0.2383824 0.2330941 0.2383824 0.2388175 0.2582134 0.2208205 0.2738093 0.2803842 0.2349318 0.2349318 0.2658478 0.2359409 0.2469180 0.2254689 0.2271107 0.2779326 0.2350406 0.2349318 0.2383824 0.2667472 0.2697776 0.3155391 0.2271107 0.2867236 8.2053033 8.3675592 8.2053033 8.8148428 8.0483356 8.2053033 8.2053033 7.9612972 7.9612972 7.9612972 7.9612972 7.9612972 7.9612972 7.9612972 7.9612972 7.9612972 7.9612972 7.9612972 7.9612972 7.9612972 7.9612972 7.9612972 7.9612972 7.9612972 7.9612972 7.9612972 7.9612972 7.9612972 7.9612972 7.9612972 7.9612972 7.9612972 7.9612972 7.9612972 7.9612972 0.2248940 0.3654583 0.2248940 0.2795873 0.2795873 0.2438136 0.2596716 0.3015435 0.2294868 0.2528177 0.1844215 0.1687808 0.1687808 0.2352414 0.2617364 0.1609237 0.1716146 0.1800229 0.0419399 0.0294520 0.0294520 0.2395892 0.2395283 0.3673044 0.2866187 0.1892863 0.2618089 0.2383824 0.2199274 0.2397303 0.2515963 0.2349318 0.2814777 0.2278030 
OP3229671_Temnothorax_9   0.1382973 0.1382973 0.2153674 0.2636817 0.2290004 0.2290004 0.2317472 5.8964129 0.0000000 0.0000010 0.0093984 0.0037049 0.0027645 0.0027645 0.0027645 0.0027645 0.0027645 0.0009189 0.0000010 0.0000010 0.0009185 0.0000010 0.0000010 0.0028143 0.0009168 0.0000010 0.0000010 0.0000010 0.0000010 0.0000010 0.0000010 0.0000010 0.0009168 0.0000010 4.9477572 4.5153593 0.0000010 0.0230649 0.0230649 0.0263232 0.0241324 0.0230649 0.0230649 0.0230649 0.0250779 0.0240585 0.0240585 0.0240710 0.0231095 0.0230872 4.6142545 5.0718966 5.0205323 5.0018452 5.0392050 5.0264641 4.9116544 4.9909582 5.0900586 4.8868778 5.1480507 4.8483899 5.2360627 5.1781312 5.3072146 5.0851127 5.1420023 6.4083321 5.0804315 4.7858219 5.2274508 5.0512998 5.4096786 4.8886083 5.0608982 4.9390341 4.9520606 4.9462521 5.5702256 5.0759643 5.2295430 0.2560445 0.2325888 0.2310212 0.2319423 0.2286159 0.2334246 0.2334246 0.2313730 0.2290004 0.2320773 0.2306614 0.2292430 0.2276569 0.2317018 0.2292430 0.2290004 0.2293312 0.2290004 0.2272488 0.2295944 0.2290004 0.2292430 0.2295944 0.2317644 0.2290004 0.2290004 0.2314553 0.2381814 0.2290004 0.2290004 0.2290004 0.2290004 0.2345218 0.2290004 0.2290004 5.1341856 5.2496031 5.1341856 5.2609863 5.1100583 5.2872764 5.2420406 4.4219759 5.0368060 5.1273584 4.7014979 4.7235567 4.7235567 5.0832519 5.1426951 4.5432309 4.4629279 4.5369016 4.9746686 5.0199912 4.9561654 5.1431355 5.4130896 6.1224538 5.3086323 4.3787448 4.8544021 4.9575163 5.0527702 4.8871230 5.3060666 5.0739429 5.6811047 7.3710300 
OP3229661_Temnothorax_10  0.1384207 0.1384207 0.2127178 0.2650308 0.2319462 0.2301540 0.2328691 6.0642795 0.0000010 0.0000000 0.0102218 0.0036534 0.0027237 0.0027237 0.0027490 0.0027237 0.0027237 0.0009054 0.0000010 0.0000010 0.0009134 0.0000010 0.0000010 0.0028143 0.0027327 0.0000010 0.0000010 0.0000010 0.0000010 0.0000010 0.0000010 0.0000010 0.0009034 0.0000010 5.1080680 4.6736718 0.0000010 0.0227123 0.0227123 0.0259154 0.0237620 0.0227123 0.0227123 0.0227123 0.0247061 0.0236904 0.0236904 0.0237025 0.0227772 0.0227339 4.7314672 5.0718966 5.0205323 5.0018452 5.0392050 5.0264641 4.9116544 4.9909582 5.0900586 4.8868778 5.1480507 4.8483899 5.2360627 5.1781312 5.3072146 5.0851127 5.1420023 6.4083321 5.0804315 4.7858219 5.2274508 5.0512998 5.4096786 4.8886083 5.0608982 4.9390341 4.9520606 4.9462521 5.5702256 5.0759643 5.3102816 0.2593930 0.2354584 0.2339106 0.2391182 0.2315613 0.2363110 0.2363110 0.2342962 0.2319462 0.2350028 0.2336416 0.2303947 0.2288301 0.2328237 0.2321893 0.2319462 0.2322980 0.2319462 0.2284333 0.2307508 0.2301540 0.2303947 0.2307508 0.2328857 0.2301540 0.2301540 0.2325792 0.2392754 0.2301540 0.2301540 0.2301540 0.2301540 0.2356113 0.2301540 0.2301540 5.2095719 5.2137977 5.2095719 5.3840089 5.1898083 5.3614353 5.3159512 4.4219759 5.1128867 5.2080001 4.7798431 4.8015209 4.8015209 5.1648400 5.2259202 4.6227197 4.5433901 4.6168301 5.0519595 5.0967915 5.0335521 5.1712638 5.4354111 6.2920840 5.4652342 4.3787448 4.8544021 4.9575163 5.1692796 4.8871230 5.3060666 5.0739429 5.6418592 7.4827150 
OP3229651_Temnothorax_11  0.1485562 0.1485562 0.2297990 0.2971388 0.2480478 0.2462344 0.2490453 6.0504256 0.0093984 0.0102218 0.0000000 0.0101514 0.0091686 0.0091643 0.0093759 0.0091643 0.0091728 0.0120803 0.0084831 0.0120690 0.0113057 0.0101592 0.0101924 0.0115076 0.0120375 0.0110825 0.0110279 0.0110382 0.0110279 0.0110279 0.0110279 0.0110279 0.0119854 0.0110382 5.6050901 5.1360774 0.0110279 0.0316332 0.0316332 0.0350084 0.0327359 0.0316498 0.0316332 0.0316332 0.0317395 0.0326345 0.0326345 0.0326517 0.0317710 0.0316800 4.9920349 5.0443500 4.9928522 4.9713951 4.9145857 4.9983857 4.8851535 4.9637458 4.9662177 4.8602805 5.1192390 4.8223062 5.1062545 5.1916198 5.3207783 5.0569401 5.1130158 6.4248829 5.0521008 4.7601435 5.0991191 5.0215203 5.4242294 4.8616717 5.0308163 4.9125506 4.9667009 4.9190117 5.5848198 5.0480547 5.5714415 0.2759802 0.2480647 0.2465074 0.2546955 0.2442509 0.2490413 0.2490413 0.2504553 0.2480478 0.2512299 0.2500631 0.2464966 0.2449218 0.2489914 0.2483125 0.2480478 0.2485409 0.2480478 0.2446010 0.2469886 0.2462344 0.2464966 0.2469886 0.2490565 0.2462344 0.2462344 0.2487253 0.2564344 0.2462344 0.2462344 0.2462344 0.2462344 0.2518834 0.2462344 0.2462344 5.3849822 5.2035287 5.3849822 5.7688708 5.4311116 5.4450197 5.5456118 4.5713860 5.2872291 5.3854307 4.8167642 4.8379827 4.8379827 5.1434866 5.3112762 4.7468908 4.5843050 4.6565757 5.2273934 5.2723495 5.2087322 5.2515700 5.5118922 6.4828463 5.6980526 4.3535950 4.8264947 4.9308824 5.2326357 4.8577413 5.2746708 5.0454398 5.8845585 7.5268933 
OP3229641_Temnothorax_12  0.1390823 0.1390823 0.2109402 0.2456854 0.2252526 0.2235280 0.2245788 7.1562672 0.0037049 0.0036534 0.0101514 0.0000000 0.0008845 0.0008837 0.0009140 0.0008827 0.0008890 0.0054829 0.0037349 0.0054778 0.0046247 0.0036332 0.0036450 0.0066485 0.0062817 0.0045416 0.0044971 0.0044903 0.0044841 0.0044592 0.0044862 0.0044882 0.0054005 0.0044606 5.7381007 5.2907170 0.0044632 0.0264401 0.0261298 0.0303500 0.0271476 0.0261128 0.0261431 0.0262840 0.0283995 0.0270666 0.0273805 0.0271119 0.0263097 0.0261881 5.2317955 5.0755898 5.0242594 5.0059546 5.0429175 5.0302429 4.9152637 4.9946323 5.0937383 4.8905118 5.1518954 4.8519721 5.2399096 5.1819813 5.3112045 5.0888865 5.1458716 6.4146620 5.0842279 4.7893821 5.2312536 5.0553007 5.4140716 4.8922880 5.0649368 4.9426293 4.9560627 4.9499475 5.5748240 5.0797053 5.9199297 0.2454667 0.2255071 0.2240153 0.2315547 0.2216672 0.2262362 0.2262362 0.2275010 0.2252526 0.2281569 0.2267635 0.2237523 0.2222433 0.2260739 0.2254791 0.2252526 0.2255363 0.2252526 0.2218297 0.2240426 0.2235280 0.2237523 0.2240426 0.2261327 0.2235280 0.2235280 0.2258461 0.2319052 0.2235280 0.2235280 0.2235280 0.2235280 0.2287262 0.2235280 0.2235280 5.7302354 5.4452700 5.7302354 5.9979149 5.7546850 5.8136127 5.9183038 4.3043814 5.5899568 5.3404972 5.2864326 5.2874694 5.2874694 5.5896494 5.5728139 5.1738998 4.9418784 5.0175868 5.5262553 5.5727704 5.5067015 5.5673829 5.7946623 6.9694399 6.0791751 4.3825627 4.8582327 4.9611245 5.2927932 4.8911393 5.3102356 5.0777642 6.2023077 8.1562387 
OP3229631_Temnothorax_13  0.1386872 0.1386872 0.2139320 0.2548314 0.2298741 0.2281322 0.2292161 7.0556340 0.0027645 0.0027237 0.0091686 0.0008845 0.0000000 0.0000010 0.0000010 0.0000010 0.0000010 0.0045376 0.0027867 0.0045355 0.0036808 0.0027062 0.0027149 0.0056687 0.0062771 0.0036100 0.0035749 0.0035695 0.0035646 0.0035481 0.0035663 0.0035679 0.0044719 0.0035514 5.5783803 5.1441762 0.0035481 0.0253288 0.0250462 0.0282171 0.0260848 0.0250587 0.0250462 0.0251804 0.0272731 0.0260075 0.0262634 0.0260337 0.0252157 0.0251180 5.0908976 5.0755898 5.0242594 5.0059546 5.0429175 5.0302429 4.9152637 4.9946323 5.0937383 4.8905118 5.1518954 4.8519721 5.2399096 5.1819813 5.3112045 5.0888865 5.1458716 6.4146620 5.0842279 4.7893821 5.2312536 5.0553007 5.4140716 4.8922880 5.0649368 4.9426293 4.9560627 4.9499475 5.5748240 5.0797053 5.8609588 0.2515846 0.2300806 0.2285762 0.2362427 0.2262478 0.2308590 0.2308590 0.2321538 0.2298741 0.2328327 0.2314836 0.2283639 0.2268423 0.2307196 0.2301080 0.2298741 0.2301988 0.2298741 0.2264471 0.2286938 0.2281322 0.2283639 0.2286938 0.2307796 0.2281322 0.2281322 0.2304844 0.2368644 0.2281322 0.2281322 0.2281322 0.2281322 0.2334188 0.2281322 0.2281322 5.5751507 5.3956146 5.5751507 5.9447991 5.5896842 5.6560289 5.7580129 4.3043814 5.5600826 5.3752508 5.2376877 5.2387818 5.2387818 5.5341638 5.6529103 5.0358332 4.8958523 4.9709555 5.3762685 5.4214960 5.3573582 5.5147987 5.7400238 6.7661026 5.9137548 4.3825627 4.8582327 4.9611245 5.3251700 4.8911393 5.3102356 5.0777642 6.0300347 7.9143400 
OP3229621_Temnothorax_14  0.1384677 0.1384677 0.2135023 0.2538299 0.2294079 0.2276705 0.2287493 7.2534765 0.0027645 0.0027237 0.0091643 0.0008837 0.0000010 0.0000000 0.0000010 0.0000010 0.0000010 0.0045376 0.0027867 0.0045334 0.0036808 0.0027062 0.0027149 0.0056687 0.0062713 0.0036084 0.0035732 0.0035679 0.0035630 0.0035449 0.0035646 0.0035663 0.0044699 0.0035482 5.7067230 5.2624525 0.0035465 0.0253160 0.0250211 0.0281882 0.0260585 0.0250336 0.0250336 0.0251677 0.0272592 0.0259813 0.0262500 0.0260075 0.0252157 0.0251054 5.2047028 5.0755898 5.0242594 5.0059546 5.0429175 5.0302429 4.9152637 4.9946323 5.0937383 4.8905118 5.1518954 4.8519721 5.2399096 5.1819813 5.3112045 5.0888865 5.1458716 6.4146620 5.0842279 4.7893821 5.2312536 5.0553007 5.4140716 4.8922880 5.0649368 4.9426293 4.9560627 4.9499475 5.5748240 5.0797053 5.8855851 0.2509230 0.2296189 0.2281181 0.2357598 0.2257914 0.2303911 0.2303911 0.2316809 0.2294079 0.2323564 0.2310048 0.2279011 0.2263831 0.2302497 0.2296407 0.2294079 0.2297279 0.2294079 0.2259866 0.2282265 0.2276705 0.2279011 0.2282265 0.2303094 0.2276705 0.2276705 0.2300155 0.2363524 0.2276705 0.2276705 0.2276705 0.2276705 0.2329399 0.2276705 0.2276705 5.6997899 5.4172753 5.6997899 6.0543260 5.7222265 5.7825783 5.8866097 4.3043814 5.6227197 5.3752508 5.2592619 5.2603289 5.2603289 5.5580480 5.6086018 5.1474170 4.9168769 4.9921088 5.4970516 5.5432584 5.4776448 5.5374840 5.7631088 6.9276874 6.0462645 4.3825627 4.8582327 4.9611245 5.3251700 4.8911393 5.3102356 5.0777642 6.1679053 8.1045555 
OP3229611_Temnothorax_15  0.1418115 0.1418115 0.2144466 0.2530359 0.2280290 0.2262229 0.2273373 5.5995895 0.0027645 0.0027490 0.0093759 0.0009140 0.0000010 0.0000010 0.0000000 0.0000010 0.0000010 0.0036826 0.0027867 0.0027490 0.0036808 0.0027490 0.0027516 0.0056687 0.0036739 0.0027490 0.0027490 0.0027490 0.0027490 0.0027490 0.0027490 0.0027490 0.0036739 0.0027490 4.9355577 4.5091260 0.0027490 0.0259768 0.0259768 0.0292812 0.0270584 0.0259768 0.0259768 0.0259768 0.0280165 0.0269751 0.0269751 0.0269892 0.0260269 0.0260018 4.5700288 5.0755898 5.0242594 5.0059546 5.0429175 5.0302429 4.9152637 4.9946323 5.0937383 4.8905118 5.1518954 4.8519721 5.2399096 5.1819813 5.3112045 5.0888865 5.1458716 6.4146620 5.0842279 4.7893821 5.2312536 5.0553007 5.4140716 4.8922880 5.0649368 4.9426293 4.9560627 4.9499475 5.5748240 5.0797053 5.1244346 0.2546471 0.2316135 0.2300522 0.2325337 0.2276479 0.2324366 0.2324366 0.2303896 0.2280290 0.2310872 0.2296647 0.2264610 0.2248821 0.2288993 0.2282695 0.2280290 0.2283501 0.2280290 0.2244623 0.2267875 0.2262229 0.2264610 0.2267875 0.2289613 0.2262229 0.2262229 0.2286575 0.2351826 0.2262229 0.2262229 0.2262229 0.2262229 0.2316909 0.2262229 0.2262229 5.0397532 5.1528450 5.0397532 4.9937669 5.0112266 5.1883556 5.1452542 4.3043814 4.9452394 5.0266895 4.6193721 4.6410715 4.6410715 4.9832282 5.0381640 4.4652098 4.3865738 4.4586618 4.8840059 4.9282180 4.8660832 5.0455727 5.3076644 6.0916992 5.2917652 4.3825627 4.8582327 4.9611245 4.9996794 4.8911393 5.3102356 5.0777642 5.5684635 7.2588598 
OP3229601_Temnothorax_16  0.1382145 0.1382145 0.2130040 0.2526703 0.2288667 0.2271345 0.2282075 7.2534765 0.0027645 0.0027237 0.0091643 0.0008827 0.0000010 0.0000010 0.0000010 0.0000000 0.0000010 0.0045376 0.0027867 0.0045334 0.0036808 0.0027062 0.0027149 0.0056687 0.0062647 0.0036084 0.0035732 0.0035679 0.0035630 0.0035433 0.0035646 0.0035663 0.0044699 0.0035445 5.7720586 5.3225943 0.0035465 0.0253160 0.0250211 0.0291932 0.0260284 0.0250049 0.0250336 0.0251677 0.0272592 0.0259515 0.0262500 0.0259944 0.0252157 0.0250765 5.2625157 5.0755898 5.0242594 5.0059546 5.0429175 5.0302429 4.9152637 4.9946323 5.0937383 4.8905118 5.1518954 4.8519721 5.2399096 5.1819813 5.3112045 5.0888865 5.1458716 6.4146620 5.0842279 4.7893821 5.2312536 5.0553007 5.4140716 4.8922880 5.0649368 4.9426293 4.9560627 4.9499475 5.5748240 5.0797053 5.9565080 0.2501549 0.2290829 0.2275864 0.2351990 0.2252616 0.2298479 0.2298479 0.2311318 0.2288667 0.2318033 0.2304491 0.2273638 0.2258501 0.2297041 0.2290982 0.2288667 0.2291813 0.2288667 0.2254522 0.2276840 0.2271345 0.2273638 0.2276840 0.2297636 0.2271345 0.2271345 0.2294712 0.2357579 0.2271345 0.2271345 0.2271345 0.2271345 0.2323837 0.2271345 0.2271345 5.7632008 5.4763760 5.7632008 6.0543260 5.7897724 5.8469650 5.9520509 4.3043814 5.6227197 5.3752508 5.3170819 5.3180803 5.3180803 5.6243258 5.6086018 5.2040995 4.9710592 5.0470949 5.5584656 5.6051835 5.5388084 5.6002339 5.8286236 7.0100347 6.1137288 4.3825627 4.8582327 4.9611245 5.3251700 4.8911393 5.3102356 5.0777642 6.2380277 8.2014516 
OP3229591_Temnothorax_17  0.1395425 0.1395425 0.2136410 0.2580706 0.2314196 0.2296668 0.2307651 7.3582891 0.0027645 0.0027237 0.0091728 0.0008890 0.0000010 0.0000010 0.0000010 0.0000010 0.0000000 0.0045376 0.0027867 0.0045334 0.0036808 0.0027088 0.0027174 0.0056687 0.0063037 0.0036084 0.0035765 0.0035679 0.0035663 0.0035663 0.0035679 0.0035695 0.0044699 0.0035663 5.6102098 5.1690702 0.0035663 0.0253398 0.0251785 0.0283680 0.0262231 0.0251912 0.0251785 0.0251912 0.0272592 0.0261450 0.0262747 0.0261582 0.0252985 0.0252402 5.1142873 5.0755898 5.0242594 5.0059546 5.0429175 5.0302429 4.9152637 4.9946323 5.0937383 4.8905118 5.1518954 4.8519721 5.2399096 5.1819813 5.3112045 5.0888865 5.1458716 6.4146620 5.0842279 4.7893821 5.2312536 5.0553007 5.4140716 4.8922880 5.0649368 4.9426293 4.9560627 4.9499475 5.5748240 5.0797053 5.8292161 0.2537217 0.2316106 0.2300975 0.2378298 0.2277687 0.2324079 0.2324079 0.2337167 0.2314196 0.2344055 0.2330675 0.2299017 0.2283712 0.2322759 0.2316568 0.2314196 0.2317592 0.2314196 0.2279809 0.2302459 0.2296668 0.2299017 0.2302459 0.2323365 0.2296668 0.2296668 0.2320374 0.2385467 0.2296668 0.2296668 0.2296668 0.2296668 0.2349991 0.2296668 0.2296668 5.6477245 5.3662019 5.6477245 6.1088310 5.7116683 5.7304756 5.8346081 4.3043814 5.6530349 5.4066923 5.1063701 5.2089509 5.2089509 5.5461970 5.6416966 5.0959082 4.8654189 4.9406390 5.4855401 5.5320556 5.4660117 5.4430065 5.7098839 6.8186853 5.9941111 4.3825627 4.8582327 4.9611245 5.3543027 4.8911393 5.3102356 5.0777642 6.0688762 8.0505559 
OP3229581_Temnothorax_18  0.1424542 0.1424542 0.2185654 0.2713442 0.2351653 0.2333709 0.2361021 6.4621292 0.0009189 0.0009054 0.0120803 0.0054829 0.0045376 0.0045376 0.0036826 0.0045376 0.0045376 0.0000000 0.0009263 0.0008996 0.0018363 0.0009004 0.0009024 0.0037704 0.0036370 0.0008996 0.0008996 0.0008996 0.0008996 0.0008996 0.0008996 0.0008996 0.0018043 0.0008996 5.2562036 4.8152970 0.0008996 0.0245890 0.0245890 0.0278166 0.0256461 0.0246016 0.0245890 0.0245890 0.0256294 0.0255687 0.0255687 0.0255818 0.0246825 0.0246249 4.8703117 5.0519179 5.0004365 4.9797263 5.0191615 4.9645111 4.8527336 4.9711910 5.0701334 4.8675180 5.1271835 4.7901483 5.2151392 5.1572143 5.2855098 5.0646846 5.1210060 6.3767415 5.0598866 4.7282413 5.2067692 5.0296898 5.4096786 4.8690018 5.0390725 4.9197775 4.9306054 4.8858295 5.5454329 5.0557235 5.4699985 0.2635372 0.2386449 0.2370968 0.2451083 0.2347744 0.2395279 0.2395279 0.2375242 0.2351653 0.2382434 0.2369223 0.2336156 0.2320507 0.2360551 0.2354124 0.2351653 0.2355448 0.2351653 0.2316696 0.2339983 0.2333709 0.2336156 0.2339983 0.2361177 0.2333709 0.2333709 0.2358066 0.2426952 0.2333709 0.2333709 0.2333709 0.2333709 0.2388603 0.2333709 0.2333709 5.3146233 5.3580767 5.3146233 5.5602408 5.3004691 5.4681368 5.4212730 4.3059219 5.2168478 5.3364914 4.8803093 4.9018899 4.9018899 5.3209194 5.3873335 4.7218312 4.6423519 4.7163822 5.1961867 5.2415607 5.1773863 5.2788595 5.5455041 6.3351811 5.5719451 4.3602399 4.8340739 4.9381573 5.3300255 4.8657329 5.2833922 5.0532704 5.7979109 7.6145412 
OP3229571_Temnothorax_19  0.1376241 0.1376241 0.2159721 0.2689105 0.2313153 0.2313153 0.2340968 5.5075201 0.0000010 0.0000010 0.0084831 0.0037349 0.0027867 0.0027867 0.0027867 0.0027867 0.0027867 0.0009263 0.0000000 0.0000010 0.0009258 0.0000010 0.0000010 0.0018762 0.0009242 0.0000010 0.0000010 0.0000010 0.0000010 0.0000010 0.0000010 0.0000010 0.0009242 0.0000010 4.9926863 4.5512487 0.0000010 0.0232554 0.0232554 0.0265433 0.0243325 0.0232554 0.0232554 0.0232554 0.0252854 0.0242573 0.0242573 0.0242700 0.0232780 0.0232554 4.5621362 5.2266957 5.1761998 5.1737003 5.0365037 5.0806383 4.9624425 5.1439620 5.0879107 5.0365037 5.3100457 4.8981933 5.1326687 5.3405243 5.4760890 5.2434888 5.3049882 6.5015211 5.2397455 4.8346645 5.2266957 5.2191586 5.4096786 5.0401934 5.2304761 5.0879107 5.0447783 4.9985771 5.6781047 5.2328531 5.0236039 0.2593370 0.2349089 0.2333282 0.2342671 0.2309232 0.2357745 0.2357745 0.2337143 0.2313153 0.2344338 0.2330356 0.2315628 0.2299634 0.2340498 0.2315628 0.2313153 0.2316692 0.2313153 0.2295633 0.2319368 0.2313153 0.2315628 0.2319368 0.2341134 0.2313153 0.2313153 0.2337983 0.2407268 0.2313153 0.2313153 0.2313153 0.2313153 0.2369067 0.2313153 0.2313153 5.0341542 5.1084379 5.0341542 5.1069962 5.0142934 5.1852254 5.2414486 4.5841630 4.9381151 5.0204702 4.6957424 4.7180139 4.7180139 5.0808802 5.1409139 4.5360889 4.4550593 4.5296688 4.8363502 4.8810413 4.8183067 5.0492546 5.3167258 6.0048929 5.2070848 4.4252189 4.9815127 5.1072240 5.0502582 5.0529298 5.4043747 5.2342355 5.4722139 7.2410493 
OP3229561_Temnothorax_20  0.1423178 0.1423178 0.2183349 0.2707813 0.2349184 0.2331260 0.2358531 6.8701061 0.0000010 0.0000010 0.0120690 0.0054778 0.0045355 0.0045334 0.0027490 0.0045334 0.0045334 0.0008996 0.0000010 0.0000000 0.0009134 0.0000010 0.0000010 0.0028143 0.0036336 0.0000010 0.0008986 0.0008986 0.0008986 0.0008986 0.0008986 0.0008986 0.0018026 0.0008986 5.3922494 4.9402922 0.0008986 0.0245662 0.0245662 0.0277905 0.0256222 0.0245787 0.0245662 0.0245662 0.0256056 0.0255450 0.0255450 0.0255580 0.0246722 0.0246146 4.9934003 5.0718966 5.0205323 5.0018452 5.0392050 5.0264641 4.9116544 4.9909582 5.0900586 4.8868778 5.1480507 4.8483899 5.2360627 5.1781312 5.3072146 5.0851127 5.1420023 6.4083321 5.0804315 4.7858219 5.2274508 5.0512998 5.4096786 4.8886083 5.0608982 4.9390341 4.9520606 4.9462521 5.5702256 5.0759643 5.6305084 0.2631791 0.2383969 0.2368504 0.2448498 0.2345284 0.2392766 0.2392766 0.2372742 0.2349184 0.2379916 0.2366688 0.2333701 0.2318069 0.2358063 0.2351649 0.2349184 0.2352954 0.2349184 0.2314250 0.2337505 0.2331260 0.2333701 0.2337505 0.2358688 0.2331260 0.2331260 0.2355584 0.2424244 0.2331260 0.2331260 0.2331260 0.2331260 0.2386072 0.2331260 0.2331260 5.4902540 5.3912862 5.4902540 5.8663562 5.4855863 5.6493514 5.5992682 4.4219759 5.3888960 5.4026193 4.9493657 4.9709764 4.9709764 5.3568681 5.4245283 4.8771495 4.7092294 4.7840177 5.3278869 5.3742962 5.3085258 5.3547413 5.6243272 6.4270667 5.7550514 4.3787448 4.8544021 4.9575163 5.3505321 4.8871230 5.3060666 5.0739429 5.9471604 7.8797319 
OP3229551_Temnothorax_21  0.1420101 0.1420101 0.2181986 0.2655058 0.2318055 0.2299925 0.2327386 5.8490015 0.0009185 0.0009134 0.0113057 0.0046247 0.0036808 0.0036808 0.0036808 0.0036808 0.0036808 0.0018363 0.0009258 0.0009134 0.0000000 0.0009134 0.0009142 0.0037686 0.0018320 0.0009134 0.0009134 0.0009134 0.0009134 0.0009134 0.0009134 0.0009134 0.0018320 0.0009134 5.0199256 4.5860170 0.0009134 0.0239916 0.0239916 0.0272591 0.0250618 0.0239916 0.0239916 0.0239916 0.0260187 0.0249851 0.0249851 0.0249981 0.0240379 0.0240147 4.6459647 5.1621549 5.1114717 5.1021575 5.1298483 5.1186901 4.9991446 5.0804691 5.1800187 4.9748053 5.2421668 4.9347581 5.3301834 5.2723765 5.4046985 5.1773848 5.2367145 6.5494849 5.1732564 4.8710986 5.3204974 5.1491232 5.4096786 4.9776657 5.1596759 5.0263435 5.0494346 5.0360666 5.6810725 5.1674105 5.2170843 0.2596193 0.2353596 0.2337940 0.2362983 0.2314164 0.2362211 0.2362211 0.2341826 0.2318055 0.2348969 0.2335183 0.2302358 0.2286530 0.2326927 0.2320513 0.2318055 0.2321602 0.2318055 0.2282507 0.2305948 0.2299925 0.2302358 0.2305948 0.2327554 0.2299925 0.2299925 0.2324455 0.2392163 0.2299925 0.2299925 0.2299925 0.2299925 0.2355123 0.2299925 0.2299925 5.1236724 5.2380062 5.1236724 5.2413207 5.0992267 5.2751490 5.2304931 4.5956012 5.0272959 5.1161931 4.6952606 4.7171313 4.7171313 5.0724939 5.1309757 4.5384452 4.4588426 4.5321496 4.9656953 5.0105786 4.9473829 5.1322060 5.3992315 6.2006285 5.3796160 4.4639356 4.9468743 5.0452429 5.0831537 4.9844130 5.4079990 5.1673599 5.6642913 7.3911340 
OP3229541_Temnothorax_22  0.1390654 0.1390654 0.2156813 0.2651334 0.2321916 0.2304095 0.2331103 6.4042560 0.0000010 0.0000010 0.0101592 0.0036332 0.0027062 0.0027062 0.0027490 0.0027062 0.0027088 0.0009004 0.0000010 0.0000010 0.0009134 0.0000000 0.0000010 0.0028143 0.0027177 0.0000010 0.0000010 0.0000010 0.0000010 0.0000010 0.0000010 0.0000010 0.0008984 0.0000010 5.2354035 4.7954093 0.0000010 0.0225586 0.0225586 0.0257371 0.0236004 0.0225700 0.0225586 0.0225586 0.0245613 0.0235298 0.0235298 0.0235417 0.0226441 0.0225914 4.8508158 5.0718966 5.0205323 5.0018452 5.0392050 5.0264641 4.9116544 4.9909582 5.0900586 4.8868778 5.1480507 4.8483899 5.2360627 5.1781312 5.3072146 5.0851127 5.1420023 6.4083321 5.0804315 4.7858219 5.2274508 5.0512998 5.4096786 4.8886083 5.0608982 4.9390341 4.9520606 4.9462521 5.5702256 5.0759643 5.4475555 0.2595034 0.2356814 0.2341424 0.2420656 0.2318085 0.2365313 0.2365313 0.2345289 0.2321916 0.2352322 0.2338818 0.2306492 0.2290935 0.2330650 0.2324337 0.2321916 0.2325435 0.2321916 0.2287002 0.2310053 0.2304095 0.2306492 0.2310053 0.2331267 0.2304095 0.2304095 0.2328216 0.2394913 0.2304095 0.2304095 0.2304095 0.2304095 0.2358378 0.2304095 0.2304095 5.3348733 5.3378202 5.3348733 5.5955136 5.3217693 5.4891652 5.4418911 4.4219759 5.2365976 5.3712166 4.8984162 4.9200411 4.9200411 5.2989951 5.3646542 4.7392394 4.6595097 4.7338524 5.1759373 5.2212340 5.1571908 5.2994860 5.5674231 6.3107417 5.5932797 4.3787448 4.8544021 4.9575163 5.3214309 4.8871230 5.3060666 5.0739429 5.7759248 7.6453268 
OP3229531_Temnothorax_23  0.1396098 0.1396098 0.2139899 0.2673088 0.2331822 0.2313929 0.2341085 6.4682163 0.0000010 0.0000010 0.0101924 0.0036450 0.0027149 0.0027149 0.0027516 0.0027149 0.0027174 0.0009024 0.0000010 0.0000010 0.0009142 0.0000010 0.0000000 0.0028170 0.0027264 0.0000010 0.0000010 0.0000010 0.0000010 0.0000010 0.0000010 0.0000010 0.0009012 0.0000010 5.2528895 4.8099508 0.0000010 0.0226333 0.0226333 0.0258234 0.0236788 0.0226333 0.0226333 0.0226333 0.0246429 0.0236077 0.0236077 0.0236197 0.0227193 0.0226662 4.8653402 5.1004206 5.0492145 5.0334371 5.0678152 5.0555585 4.9391405 5.0191615 5.1185089 4.9144734 5.1778694 4.8754590 5.2659800 5.2080259 5.3382738 5.1142849 5.1720040 6.4547846 5.1097713 4.8124846 5.2570186 5.0821704 5.4096786 4.9165584 5.0920804 4.9664931 4.9826812 4.9745010 5.6058338 5.1048660 5.4675849 0.2609061 0.2366744 0.2351298 0.2403376 0.2327958 0.2375368 0.2375368 0.2355306 0.2331822 0.2362404 0.2348975 0.2316347 0.2300733 0.2340626 0.2334263 0.2331822 0.2335439 0.2331822 0.2296834 0.2320003 0.2313929 0.2316347 0.2320003 0.2341246 0.2313929 0.2313929 0.2338170 0.2405715 0.2313929 0.2313929 0.2313929 0.2313929 0.2368509 0.2313929 0.2313929 5.3525746 5.3553530 5.3525746 5.6278150 5.3403607 5.5080005 5.4602217 4.4750816 5.2535868 5.4026193 4.9130773 4.9347992 4.9347992 5.3177719 5.3844428 4.7528803 4.6727172 4.7475262 5.1926623 5.2382494 5.1737777 5.3174159 5.5872947 6.4677611 5.6126973 4.4049097 4.8833792 4.9851258 5.3505321 4.9176366 5.3385276 5.1034635 5.7972280 7.6854846 
OP3229521_Temnothorax_24  0.1417866 0.1417866 0.2214288 0.2819721 0.2370387 0.2370387 0.2399002 5.9534122 0.0028143 0.0028143 0.0115076 0.0066485 0.0056687 0.0056687 0.0056687 0.0056687 0.0056687 0.0037704 0.0018762 0.0028143 0.0037686 0.0028143 0.0028170 0.0000000 0.0037613 0.0028143 0.0028143 0.0028143 0.0028143 0.0028143 0.0028143 0.0028143 0.0037613 0.0028143 5.1137031 4.7131873 0.0028143 0.0266323 0.0266323 0.0288379 0.0277447 0.0266323 0.0266323 0.0266323 0.0287115 0.0276570 0.0276570 0.0276718 0.0255811 0.0255559 4.7249392 5.3647624 5.3146787 5.3171394 5.1681604 5.3155285 5.1825776 5.2796629 5.2192951 5.1681604 5.3866209 5.1140918 5.3080717 5.4866300 5.5567579 5.3745507 5.4395111 6.7970767 5.3146787 5.0464324 5.3647624 5.3608839 5.5872553 5.1681604 5.3714123 5.2192951 5.2137430 5.2256260 5.8181719 5.3647624 5.1619963 0.2674532 0.2406363 0.2390268 0.2400079 0.2366286 0.2415742 0.2415742 0.2394975 0.2370387 0.2402536 0.2389046 0.2372981 0.2356695 0.2398494 0.2372981 0.2370387 0.2374503 0.2370387 0.2352910 0.2377282 0.2370387 0.2372981 0.2377282 0.2399151 0.2370387 0.2370387 0.2395859 0.2470075 0.2370387 0.2370387 0.2370387 0.2370387 0.2427909 0.2370387 0.2370387 5.2557379 5.2772382 5.2557379 5.1770392 5.0550302 5.4177203 5.3687081 4.8954415 5.1527346 5.2574322 4.7116510 4.7343482 4.7343482 5.2351909 5.3030627 4.5486819 4.4660789 4.5421955 5.0091041 5.0560410 4.9898955 5.0299790 5.3006312 6.2577939 5.5064627 4.5646031 5.1024917 5.2395303 5.1797020 5.1485390 5.5809839 5.3669969 5.6226258 7.7421070 
OP3229511_Temnothorax_25  0.1432953 0.1432953 0.2196375 0.2676010 0.2340908 0.2323404 0.2350004 6.9273743 0.0009168 0.0027327 0.0120375 0.0062817 0.0062771 0.0062713 0.0036739 0.0062647 0.0063037 0.0036370 0.0009242 0.0036336 0.0018320 0.0027177 0.0027264 0.0037613 0.0000000 0.0027114 0.0026874 0.0026809 0.0026797 0.0026649 0.0026809 0.0026822 0.0035827 0.0026633 5.7271224 5.2825618 0.0026673 0.0264320 0.0261218 0.0303410 0.0271394 0.0261048 0.0261351 0.0262760 0.0253814 0.0270584 0.0273721 0.0271037 0.0263263 0.0261801 5.2242137 5.1339294 5.0830982 5.0708499 5.1015443 5.0899055 4.9719986 5.0525850 5.1518648 4.9475544 5.2126205 4.9080460 5.3005244 5.2427525 5.3738790 5.1485071 5.2069890 6.5036292 5.1442091 4.8448081 5.2911899 5.1185305 5.4826742 4.9500589 5.1287691 4.9992188 5.0191317 5.0081450 5.6456420 5.1388046 5.9071779 0.2570691 0.2342528 0.2327430 0.2404942 0.2304419 0.2350730 0.2350730 0.2363897 0.2340908 0.2370870 0.2357845 0.2325780 0.2310510 0.2349551 0.2343306 0.2340908 0.2344521 0.2340908 0.2306743 0.2329430 0.2323404 0.2325780 0.2329430 0.2350159 0.2323404 0.2323404 0.2347139 0.2413623 0.2323404 0.2323404 0.2323404 0.2323404 0.2376860 0.2323404 0.2323404 5.7196130 5.4365691 5.7196130 6.0961446 5.7432617 5.8024688 5.9065408 4.5424425 5.5800770 5.2656970 5.2786097 5.2796511 5.2796511 5.5791998 5.5621221 5.1667164 4.9359673 5.0112734 5.5168496 5.5630786 5.4974214 5.5575865 5.7834050 6.9513641 6.1109119 4.4381686 4.9182462 5.0179638 5.2233782 4.9542266 5.3757547 5.1381361 6.1885773 8.1384831 
OP3229501_Temnothorax_26  0.1401346 0.1401346 0.2152160 0.2640235 0.2316926 0.2299145 0.2326071 6.6175932 0.0000010 0.0000010 0.0110825 0.0045416 0.0036100 0.0036084 0.0027490 0.0036084 0.0036084 0.0008996 0.0000010 0.0000010 0.0009134 0.0000010 0.0000010 0.0028143 0.0027114 0.0000000 0.0000010 0.0000010 0.0000010 0.0000010 0.0000010 0.0000010 0.0008963 0.0000010 5.3095497 4.8646196 0.0000010 0.0234957 0.0234957 0.0266869 0.0245414 0.0235076 0.0234957 0.0234957 0.0245256 0.0244678 0.0244678 0.0244803 0.0235966 0.0235417 4.9188558 5.0718966 5.0205323 5.0018452 5.0392050 5.0264641 4.9116544 4.9909582 5.0900586 4.8868778 5.1480507 4.8483899 5.2360627 5.1781312 5.3072146 5.0851127 5.1420023 6.4083321 5.0804315 4.7858219 5.2274508 5.0512998 5.4096786 4.8886083 5.0608982 4.9390341 4.9520606 4.9462521 5.5702256 5.0759643 5.5393375 0.2587873 0.2351801 0.2336444 0.2415437 0.2313112 0.2360234 0.2360234 0.2340235 0.2316926 0.2347234 0.2333697 0.2301531 0.2286007 0.2325622 0.2319335 0.2316926 0.2320395 0.2316926 0.2282059 0.2305044 0.2299145 0.2301531 0.2305044 0.2326237 0.2299145 0.2299145 0.2323199 0.2389450 0.2299145 0.2299145 0.2299145 0.2299145 0.2353263 0.2299145 0.2299145 5.4081921 5.3118091 5.4081921 5.7218243 5.3990259 5.5645110 5.5159911 4.4219759 5.3086148 5.4026193 4.8764668 4.8979577 4.8979577 5.2711527 5.3353587 4.8052403 4.6395814 4.7132785 5.2478833 5.2936307 5.2288741 5.2728773 5.5380815 6.5177595 5.6692212 4.3787448 4.8544021 4.9575163 5.3505321 4.8871230 5.3060666 5.0739429 5.8560866 7.7536699 
