150
PQ6726201_Temnothorax_1   0.0000000 0.0000010 0.2374094 0.2597275 0.2507205 0.2467093 0.2489446 6.1795799 0.1389130 0.1390244 0.1492635 0.1397222 0.1393097 0.1390895 0.1424552 0.1388384 0.1401713 0.1430929 0.1382347 0.1429573 0.1426489 0.1396782 0.1402281 0.1424428 0.1439505 0.1407516 0.1403702 0.1400024 0.1397459 0.1387048 0.1398570 0.1399683 0.1414569 0.1387069 4.9407148 4.6566828 0.1389235 0.1305531 0.1286243 0.1359156 0.1302272 0.1284971 0.1287231 0.1295814 0.1303492 0.1269878 0.1288798 0.1300134 0.1298577 0.1289614 5.2215934 5.5643369 5.5617448 5.5450083 5.5645939 5.2256098 5.0422525 5.5246415 5.5671104 5.4559687 5.7062265 4.9762430 5.7426468 5.6691661 5.8117802 5.6998691 5.7724202 6.1158891 5.6306562 4.9109886 5.6734799 5.6550576 5.6994274 5.5309117 5.7184402 5.4602665 5.8255318 5.0375884 5.6345539 5.6413124 5.9558988 0.2568770 0.2384488 0.2411372 0.2470256 0.2434569 0.2425303 0.2412470 0.2627322 0.2594847 0.2568157 0.2596370 0.2512708 0.2527482 0.2533269 0.2617647 0.2512208 0.2515052 0.2527574 0.2506432 0.2498230 0.2533631 0.2514979 0.2580502 0.2533721 0.2482972 0.2577204 0.2517909 0.2625460 0.2663501 0.2593784 0.2497582 0.2497582 0.2543454 0.2503274 0.2510537 5.7382557 4.9689722 5.7382557 6.0445536 5.6287803 5.7171505 5.8154252 4.9434759 5.9102591 5.7393079 4.9174899 5.0487839 4.9598947 5.2342259 5.4968991 4.8529071 4.6411561 4.7114059 5.0756658 5.0267770 4.9686510 5.6713599 5.8483538 5.9213205 5.6198603 4.7420287 5.6611601 5.4814932 5.7912363 5.6622642 5.8599552 5.6953920 5.8705689 7.1969900 
PQ6726191_Temnothorax_2   0.0000010 0.0000000 0.2362250 0.2593572 0.2522392 0.2479669 0.2502157 6.1795799 0.1389130 0.1390244 0.1492635 0.1397222 0.1393097 0.1390895 0.1424552 0.1388384 0.1401713 0.1430929 0.1382347 0.1429573 0.1426489 0.1396782 0.1402281 0.1424428 0.1439505 0.1407516 0.1403702 0.1400024 0.1397459 0.1387048 0.1398570 0.1399683 0.1414569 0.1387069 4.9407148 4.6566828 0.1389235 0.1305531 0.1286243 0.1359156 0.1302272 0.1284971 0.1287231 0.1295814 0.1303492 0.1269878 0.1288798 0.1300134 0.1298577 0.1289614 5.2215934 5.5643369 5.5617448 5.5450083 5.5645939 5.2256098 5.0422525 5.5246415 5.5671104 5.4559687 5.7062265 4.9762430 5.7426468 5.6691661 5.8117802 5.6998691 5.7724202 6.1158891 5.6306562 4.9109886 5.6734799 5.6550576 5.6994274 5.5309117 5.7184402 5.4602665 5.8255318 5.0375884 5.6345539 5.6413124 5.9558988 0.2568770 0.2398938 0.2425954 0.2485310 0.2436700 0.2425303 0.2412470 0.2627322 0.2594847 0.2583828 0.2596370 0.2512708 0.2527482 0.2533269 0.2617647 0.2527443 0.2515052 0.2527574 0.2506432 0.2498230 0.2533631 0.2514979 0.2580502 0.2533721 0.2498057 0.2577204 0.2533200 0.2625460 0.2663501 0.2593784 0.2512742 0.2512742 0.2558944 0.2503274 0.2510537 5.7382557 4.9689722 5.7382557 6.0445536 5.6287803 5.7171505 5.8154252 4.9434759 5.9102591 5.7393079 4.9174899 5.0487839 4.9598947 5.2342259 5.4968991 4.8529071 4.6411561 4.7114059 5.0756658 5.0267770 4.9686510 5.6713599 5.8483538 5.9299146 5.6198603 4.7420287 5.6611601 5.4814932 5.7912363 5.6622642 5.8599552 5.6953920 5.8705689 7.1969900 
PQ6726181_Temnothorax_3   0.2374094 0.2362250 0.0000000 0.1279267 0.1136783 0.1145682 0.1159370 8.0687430 0.2167385 0.2140507 0.2313169 0.2122929 0.2153091 0.2148760 0.2158334 0.2143790 0.2150202 0.2199650 0.2173621 0.2197382 0.2195911 0.2170495 0.2153400 0.2228757 0.2210516 0.2165796 0.2154304 0.2147091 0.2142522 0.2141377 0.2144686 0.2146856 0.2164650 0.2140953 5.5448155 5.1883252 0.2145675 0.2392677 0.2368695 0.2426488 0.2342306 0.2338645 0.2371138 0.2371669 0.2403273 0.2378412 0.2403118 0.2386544 0.2395127 0.2375601 5.4119379 5.0023836 5.0521475 5.2870888 5.1328890 5.3009184 5.1632622 5.0435803 5.0814044 4.9796459 5.0664267 5.0959837 5.5586482 5.4259484 5.4379363 5.0243532 5.1418165 6.8446215 4.9997421 5.0295068 5.1545865 5.1542232 5.5839376 4.9332596 5.2317735 4.9319933 4.9853927 5.3722519 5.4842970 4.9565150 5.9598563 0.1184723 0.1123052 0.1123052 0.1156881 0.1169012 0.1106854 0.1082839 0.1118410 0.1104511 0.1159307 0.1112268 0.1128409 0.1139655 0.1115527 0.1113751 0.1128030 0.1116782 0.1118377 0.1135213 0.1126241 0.1141582 0.1129366 0.1124790 0.1141859 0.1148510 0.1114085 0.1151355 0.1200418 0.1141749 0.1147652 0.1138266 0.1138266 0.1165984 0.1125233 0.1127731 5.0591556 5.5657669 5.0591556 6.0862101 5.8235228 5.1304202 5.1147077 4.2673485 4.9667025 4.9002298 5.1698180 5.0678341 5.0678341 5.7954504 6.1556439 5.0249874 4.7543733 4.8263768 5.9707198 5.9127737 5.8437058 5.3981417 5.6505562 6.5175846 5.7055836 4.9557493 4.7947103 4.9960298 5.2226312 5.1549124 5.0211913 5.0736659 6.6007197 7.6765628 
PQ6726171_Temnothorax_4   0.2597275 0.2593572 0.1279267 0.0000000 0.0034236 0.0011105 0.0000010 8.0701948 0.2652641 0.2665902 0.2989732 0.2471491 0.2563439 0.2553358 0.2545635 0.2541800 0.2596007 0.2729676 0.2705406 0.2724179 0.2671080 0.2667016 0.2688958 0.2837061 0.2692307 0.2655832 0.2653123 0.2635398 0.2624697 0.2581815 0.2629965 0.2635257 0.2635398 0.2580384 5.7169513 5.3228722 0.2592012 0.2837986 0.2743990 0.2910052 0.2736782 0.2736709 0.2749536 0.2790228 0.2856438 0.2760498 0.2856445 0.2709801 0.2746479 0.2759028 6.2368066 5.5706270 5.5706270 5.7294624 5.8122691 6.4333344 6.1764353 5.5213691 5.8122691 5.5213691 5.6026505 6.0353826 7.0187545 6.0636021 6.0932174 5.7294624 5.7294624 6.7877793 5.4775311 5.8984905 5.8661817 5.4918688 5.9950331 5.4430444 5.7294624 5.5213691 6.0116100 6.1764353 6.5402647 5.4918688 6.5875416 0.0163562 0.0176106 0.0176106 0.0279762 0.0287775 0.0201870 0.0189904 0.0036355 0.0011748 0.0022835 0.0011862 0.0000010 0.0000010 0.0000010 0.0011891 0.0011329 0.0011356 0.0011329 0.0000010 0.0000010 0.0011349 0.0000010 0.0000010 0.0000010 0.0011316 0.0000010 0.0011343 0.0000010 0.0012302 0.0000010 0.0000010 0.0000010 0.0000010 0.0000010 0.0000010 5.7173576 7.7901170 5.7173576 6.2317742 6.0489296 5.6304979 5.9394872 4.1234575 5.8075906 5.1892017 6.0354222 5.8204491 5.7536317 5.4742279 5.7781948 6.0181045 5.5051032 5.6439361 6.1880273 6.0900367 5.9738452 6.0608482 6.0987999 6.6505553 7.5978053 5.2049956 5.4532137 5.5213691 6.1812067 5.3962971 5.8157423 5.5982235 8.5592650 8.9999989 
PQ6726161_Temnothorax_5   0.2507205 0.2522392 0.1136783 0.0034236 0.0000000 0.0036237 0.0028989 8.0701948 0.2303568 0.2333041 0.2495598 0.2265983 0.2312478 0.2307784 0.2294030 0.2302388 0.2328036 0.2365595 0.2326958 0.2363174 0.2331816 0.2335561 0.2345564 0.2384729 0.2354915 0.2330527 0.2332648 0.2324739 0.2319814 0.2299875 0.2322185 0.2324561 0.2342348 0.2299338 5.4730600 5.1726335 0.2304534 0.2521238 0.2477314 0.2585704 0.2498687 0.2473934 0.2479892 0.2499087 0.2531542 0.2486735 0.2531430 0.2462106 0.2476926 0.2484505 5.4775538 5.2134031 5.2684359 5.5132762 5.3503496 5.2448923 5.1103669 5.2576635 5.2935282 5.1922271 5.2843872 5.0438990 5.7462968 5.5435103 5.5563165 5.2395970 5.3641552 6.6197994 5.2154848 4.9782049 5.3703984 5.3674387 5.8632147 5.1463414 5.4491279 5.1394988 5.3946954 5.2941409 5.4890443 5.1680290 6.1849258 0.0133473 0.0140819 0.0140819 0.0196618 0.0202932 0.0158634 0.0143106 0.0007563 0.0007465 0.0029108 0.0007634 0.0021938 0.0029305 0.0029328 0.0007518 0.0014435 0.0007344 0.0014614 0.0029454 0.0022082 0.0029327 0.0021955 0.0015868 0.0029338 0.0028936 0.0014936 0.0028980 0.0016804 0.0023125 0.0016341 0.0021677 0.0021677 0.0036344 0.0021895 0.0021930 4.9976377 5.9775411 4.9976377 6.3410953 5.7041239 5.0685196 5.0947321 4.1234575 5.0150087 4.8800551 5.3311129 5.1519280 5.1519280 5.7116646 6.2628392 5.1449296 4.8668939 4.9408582 6.0002623 5.9421063 5.8727449 5.4009305 5.5523881 6.1779160 5.6533473 4.9667749 5.1780099 5.2055626 5.5288822 5.3270783 5.4223398 5.2936942 6.6953466 8.2153395 
PQ6726151_Temnothorax_6   0.2467093 0.2479669 0.1145682 0.0011105 0.0036237 0.0000000 0.0021408 8.0701948 0.2303568 0.2315040 0.2477389 0.2248656 0.2294980 0.2290331 0.2275885 0.2284987 0.2310428 0.2347573 0.2326958 0.2345171 0.2313605 0.2317661 0.2327593 0.2384729 0.2337335 0.2312668 0.2314984 0.2307152 0.2302266 0.2282486 0.2304614 0.2306967 0.2324739 0.2281962 5.4730600 5.1726335 0.2287101 0.2503140 0.2459550 0.2567606 0.2480892 0.2456202 0.2462106 0.2481158 0.2513482 0.2469016 0.2513364 0.2444340 0.2459052 0.2466692 5.4775538 5.2134031 5.2684359 5.5132762 5.3503496 5.2448923 5.1103669 5.2576635 5.2935282 5.1922271 5.2843872 5.0438990 5.7462968 5.5435103 5.5563165 5.2395970 5.3641552 6.6197994 5.2154848 4.9782049 5.3703984 5.3674387 5.8632147 5.1463414 5.4491279 5.1394988 5.3946954 5.2941409 5.4890443 5.1680290 6.1849258 0.0132924 0.0148513 0.0148513 0.0212558 0.0210114 0.0166511 0.0158775 0.0038081 0.0022429 0.0036373 0.0022939 0.0014576 0.0007280 0.0021922 0.0022590 0.0021645 0.0022065 0.0021914 0.0007316 0.0014672 0.0021921 0.0014587 0.0015843 0.0021930 0.0021630 0.0014913 0.0021662 0.0016775 0.0023089 0.0016315 0.0014403 0.0014403 0.0028978 0.0014548 0.0014571 4.9976377 5.9775411 4.9976377 6.3410953 5.7041239 5.0685196 5.0947321 4.1234575 5.0150087 4.8800551 5.3311129 5.1519280 5.1519280 5.7116646 6.2628392 5.1449296 4.8668939 4.9408582 6.0002623 5.9421063 5.8727449 5.4009305 5.5523881 5.9880687 5.6533473 4.9667749 5.1780099 5.2055626 5.5288822 5.3270783 5.4223398 5.2936942 6.6953466 8.2153395 
PQ6726141_Temnothorax_7   0.2489446 0.2502157 0.1159370 0.0000010 0.0028989 0.0021408 0.0000000 8.0701948 0.2331315 0.2342464 0.2505777 0.2259172 0.2305827 0.2301127 0.2287038 0.2295725 0.2321420 0.2375160 0.2355055 0.2372718 0.2341344 0.2344940 0.2355021 0.2413633 0.2364202 0.2339865 0.2341891 0.2333912 0.2328946 0.2308846 0.2331338 0.2333736 0.2351601 0.2308300 5.5714590 5.2649754 0.2313547 0.2531452 0.2487173 0.2596160 0.2508645 0.2483763 0.2489774 0.2509122 0.2541774 0.2496605 0.2541665 0.2471908 0.2486845 0.2494419 5.5739979 5.3143266 5.3723029 5.6353631 5.4552992 5.3510417 5.2108489 5.3603668 5.3954737 5.2937940 5.3891852 5.1429646 5.8608245 5.6539351 5.6676327 5.3427436 5.4716045 6.7844392 5.3187401 5.0758982 5.4746403 5.4811749 5.9921898 5.2478692 5.5657641 5.2382522 5.5107147 5.4012098 5.6097158 5.2689185 6.3065100 0.0151553 0.0156422 0.0156422 0.0220853 0.0218301 0.0174631 0.0166861 0.0030463 0.0014952 0.0029097 0.0015292 0.0007288 0.0014603 0.0014614 0.0015060 0.0014430 0.0014709 0.0014608 0.0014677 0.0007336 0.0014614 0.0007293 0.0007921 0.0014619 0.0014419 0.0007456 0.0014441 0.0008387 0.0015392 0.0008157 0.0007193 0.0007193 0.0021732 0.0007274 0.0007285 5.0851098 6.0830509 5.0851098 6.3410953 5.8121270 5.1574358 5.1838913 4.1234575 5.1066194 4.9779566 5.4243532 5.2417359 5.2417359 5.8205540 6.3942211 5.2347863 4.9514320 5.0268057 6.1085530 6.0491532 5.9781884 5.4971488 5.6520038 6.0721942 5.7540902 5.0726788 5.2856478 5.3057213 5.6327339 5.4429079 5.5360860 5.3995284 6.8217762 8.3849307 
OX3951501_Temnothorax_8   6.1795799 6.1795799 8.0687430 8.0701948 8.0701948 8.0701948 8.0701948 0.0000000 5.9701188 6.1352612 6.1255927 7.2530756 7.1507844 7.3513805 5.6685021 7.3513805 7.4579548 6.5383173 5.5767692 6.9536852 5.9208641 6.4807918 6.5457835 6.0222218 7.0198230 6.6959612 7.4796694 7.6795470 7.5673230 7.5673230 7.5673230 7.5673230 7.6795470 7.6795470 0.2725489 0.2621523 7.5673230 6.7362515 7.3513805 7.9278905 7.3214019 7.1507844 7.3513805 7.3513805 7.8060352 7.3513805 7.0688618 7.3513805 7.1637572 6.9277019 0.1985244 0.2321340 0.2321340 0.2364877 0.2346456 0.2835036 0.2716639 0.2399629 0.2346456 0.2399629 0.2405662 0.2598855 0.2224162 0.2758533 0.2824690 0.2364877 0.2364877 0.2676963 0.2375149 0.2483880 0.2269850 0.2285790 0.2800064 0.2365444 0.2364877 0.2399629 0.2684007 0.2716639 0.3177044 0.2285790 0.2891199 8.3181117 8.4829526 8.3181117 8.9387510 8.1588083 8.3181117 8.3181117 8.0701948 8.0701948 8.0701948 8.0701948 8.0701948 8.0701948 8.0701948 8.0701948 8.0701948 8.0701948 8.0701948 8.0701948 8.0701948 8.0701948 8.0701948 8.0701948 8.0701948 8.0701948 8.0701948 8.0701948 8.0701948 8.0701948 8.0701948 8.0701948 8.0701948 8.0701948 8.0701948 8.0701948 0.2262415 0.3682674 0.2262415 0.2812916 0.2812916 0.2455088 0.2616059 0.3033720 0.2309315 0.2543673 0.1855245 0.1699652 0.1699652 0.2368130 0.2637125 0.1618556 0.1726389 0.1811937 0.0420175 0.0294825 0.0294825 0.2415339 0.2413836 0.3703949 0.2886696 0.1904821 0.2634516 0.2399629 0.2212651 0.2412985 0.2533718 0.2364877 0.2833642 0.2293058 
OP3229671_Temnothorax_9   0.1389130 0.1389130 0.2167385 0.2652641 0.2303568 0.2303568 0.2331315 5.9701188 0.0000000 0.0000010 0.0094031 0.0037061 0.0027651 0.0027651 0.0027651 0.0027651 0.0027651 0.0009191 0.0000010 0.0000010 0.0009186 0.0000010 0.0000010 0.0028150 0.0009170 0.0000010 0.0000010 0.0000010 0.0000010 0.0000010 0.0000010 0.0000010 0.0009170 0.0000010 5.0164096 4.5791767 0.0000010 0.0230849 0.0230849 0.0263508 0.0241551 0.0230849 0.0230849 0.0230849 0.0251009 0.0240799 0.0240799 0.0240922 0.0231298 0.0231073 4.6761900 5.1414067 5.0902148 5.0698511 5.1094219 5.0968522 4.9817398 5.0602483 5.1600996 4.9547778 5.2198685 4.9165506 5.3120165 5.2524130 5.3823658 5.1534551 5.2119582 6.4984922 5.1502315 4.8520908 5.2993363 5.1214752 5.4908540 4.9557872 5.1306227 5.0067889 5.0208788 5.0170710 5.6487327 5.1447417 5.3065900 0.2574800 0.2338946 0.2323221 0.2332622 0.2299838 0.2347819 0.2347819 0.2327701 0.2303568 0.2334581 0.2320297 0.2306010 0.2290094 0.2330954 0.2306010 0.2303568 0.2306870 0.2303568 0.2285958 0.2309530 0.2303568 0.2306010 0.2309530 0.2331498 0.2303568 0.2303568 0.2328472 0.2395535 0.2303568 0.2303568 0.2303568 0.2303568 0.2359342 0.2303568 0.2303568 5.2022786 5.3197762 5.2022786 5.3280828 5.1821423 5.3588214 5.3111221 4.4770947 5.1034714 5.1966554 4.7661349 4.7883845 4.7883845 5.1508920 5.2128179 4.6031368 4.5218178 4.5981649 5.0471737 5.0936399 5.0278400 5.2181289 5.4942442 6.2086073 5.3809717 4.4376525 4.9210343 5.0260749 5.1221242 4.9556502 5.3810861 5.1418908 5.7564475 7.4737079 
OP3229661_Temnothorax_10  0.1390244 0.1390244 0.2140507 0.2665902 0.2333041 0.2315040 0.2342464 6.1352612 0.0000010 0.0000000 0.0102268 0.0036544 0.0027243 0.0027243 0.0027497 0.0027243 0.0027243 0.0009055 0.0000010 0.0000010 0.0009135 0.0000010 0.0000010 0.0028150 0.0027333 0.0000010 0.0000010 0.0000010 0.0000010 0.0000010 0.0000010 0.0000010 0.0009035 0.0000010 5.1766011 4.7375833 0.0000010 0.0227309 0.0227309 0.0259411 0.0237831 0.0227309 0.0227309 0.0227309 0.0247274 0.0237102 0.0237102 0.0237222 0.0227963 0.0227526 4.7931546 5.1414067 5.0902148 5.0698511 5.1094219 5.0968522 4.9817398 5.0602483 5.1600996 4.9547778 5.2198685 4.9165506 5.3120165 5.2524130 5.3823658 5.1534551 5.2119582 6.4984922 5.1502315 4.8520908 5.2993363 5.1214752 5.4908540 4.9557872 5.1306227 5.0067889 5.0208788 5.0170710 5.6487327 5.1447417 5.3863570 0.2608253 0.2367653 0.2352129 0.2404702 0.2329308 0.2376694 0.2376694 0.2356944 0.2333041 0.2363845 0.2350112 0.2317463 0.2301764 0.2342104 0.2335488 0.2333041 0.2336553 0.2333041 0.2297742 0.2321029 0.2315040 0.2317463 0.2321029 0.2342641 0.2315040 0.2315040 0.2339642 0.2406399 0.2315040 0.2315040 0.2315040 0.2315040 0.2370161 0.2315040 0.2315040 5.2768824 5.2817228 5.2768824 5.4496719 5.2610296 5.4321239 5.3842291 4.4770947 5.1788164 5.2764489 4.8438980 4.8657611 4.8657611 5.2316621 5.2951488 4.6821290 4.6018311 4.6776066 5.1237211 5.1696593 5.1044920 5.2444185 5.5144743 6.3777912 5.5373451 4.4376525 4.9210343 5.0260749 5.2381482 4.9556502 5.3810861 5.1418908 5.7145370 7.5844108 
OP3229651_Temnothorax_11  0.1492635 0.1492635 0.2313169 0.2989732 0.2495598 0.2477389 0.2505777 6.1255927 0.0094031 0.0102268 0.0000000 0.0101577 0.0091735 0.0091692 0.0093810 0.0091692 0.0091778 0.0120873 0.0084871 0.0120758 0.0113123 0.0101643 0.0101977 0.0115143 0.0120451 0.0110884 0.0110339 0.0110443 0.0110339 0.0110339 0.0110339 0.0110339 0.0119923 0.0110443 5.6813008 5.2070454 0.0110339 0.0316717 0.0316717 0.0350577 0.0327782 0.0316882 0.0316717 0.0316717 0.0317787 0.0326749 0.0326749 0.0326920 0.0318103 0.0317186 5.0583783 5.1132021 5.0618689 5.0386851 4.9826546 5.0680839 4.9545826 5.0323805 5.0341407 4.9275424 5.1903620 4.8898288 5.1798526 5.2655278 5.3955421 5.1246224 5.1822858 6.5146535 5.1212244 4.8257924 5.1688029 5.0909793 5.5049774 4.9282117 5.0998231 4.9796741 5.0351380 4.9891540 5.6628936 5.1161732 5.6521207 0.2775892 0.2495084 0.2479467 0.2562130 0.2457630 0.2505408 0.2505408 0.2520092 0.2495598 0.2527662 0.2515895 0.2480029 0.2464232 0.2505343 0.2498263 0.2495598 0.2500534 0.2495598 0.2460973 0.2484964 0.2477389 0.2480029 0.2484964 0.2505899 0.2477389 0.2477389 0.2502663 0.2579611 0.2477389 0.2477389 0.2477389 0.2477389 0.2534439 0.2477389 0.2477389 5.4553045 5.2709089 5.4553045 5.8400628 5.5059927 5.5164985 5.6174069 4.6266776 5.3561345 5.4561647 4.8819492 4.9033530 4.9033530 5.2111910 5.3822310 4.8086800 4.6439209 4.7185102 5.3022349 5.3482834 5.2827278 5.3262911 5.5924555 6.5733876 5.7738288 4.4119251 4.8924672 4.9987996 5.3028151 4.9255534 5.3489289 5.1127204 5.9610271 7.6308728 
OP3229641_Temnothorax_12  0.1397222 0.1397222 0.2122929 0.2471491 0.2265983 0.2248656 0.2259172 7.2530756 0.0037061 0.0036544 0.0101577 0.0000000 0.0008847 0.0008839 0.0009142 0.0008830 0.0008892 0.0054849 0.0037362 0.0054798 0.0046263 0.0036343 0.0036461 0.0066515 0.0062845 0.0045430 0.0044985 0.0044918 0.0044857 0.0044608 0.0044877 0.0044897 0.0054025 0.0044623 5.8212328 5.3691827 0.0044648 0.0264674 0.0261575 0.0303905 0.0271790 0.0261409 0.0261705 0.0263115 0.0284306 0.0270965 0.0274093 0.0271409 0.0263373 0.0262163 5.3054262 5.1464864 5.0953405 5.0754998 5.1145286 5.1020518 4.9866997 5.0653002 5.1651611 4.9597664 5.2251563 4.9214657 5.3173073 5.2577115 5.3878458 5.1586438 5.2172782 6.5067934 5.1554531 4.8569664 5.3045624 5.1269784 5.4968779 4.9608378 5.1361771 5.0117284 5.0263789 5.0221522 5.6549998 5.1498860 6.0121788 0.2468736 0.2267936 0.2252968 0.2329109 0.2230096 0.2275700 0.2275700 0.2288852 0.2265983 0.2295260 0.2281205 0.2250914 0.2235770 0.2274468 0.2268263 0.2265983 0.2268814 0.2265983 0.2231581 0.2253823 0.2248656 0.2250914 0.2253823 0.2274981 0.2248656 0.2248656 0.2272174 0.2332581 0.2248656 0.2248656 0.2248656 0.2248656 0.2301174 0.2248656 0.2248656 5.8107008 5.5217801 5.8107008 6.0787969 5.8401955 5.8963549 6.0016132 4.3586257 5.6682432 5.4129733 5.3630126 5.3647907 5.3647907 5.6695035 5.6541814 5.2464323 5.0103897 5.0886265 5.6109984 5.6586442 5.5905222 5.6524456 5.8856445 7.0748766 6.1668830 4.4427693 4.9262878 5.0310344 5.3654251 4.9611653 5.3868096 5.1471449 6.2887833 8.2764718 
OP3229631_Temnothorax_13  0.1393097 0.1393097 0.2153091 0.2563439 0.2312478 0.2294980 0.2305827 7.1507844 0.0027651 0.0027243 0.0091735 0.0008847 0.0000000 0.0000010 0.0000010 0.0000010 0.0000010 0.0045389 0.0027875 0.0045367 0.0036819 0.0027069 0.0027155 0.0056709 0.0062796 0.0036109 0.0035757 0.0035705 0.0035656 0.0035491 0.0035672 0.0035688 0.0044733 0.0035523 5.6591494 5.2204514 0.0035491 0.0253528 0.0250703 0.0282494 0.0261118 0.0250828 0.0250703 0.0252045 0.0273006 0.0260331 0.0262888 0.0260590 0.0252402 0.0251423 5.1625582 5.1464864 5.0953405 5.0754998 5.1145286 5.1020518 4.9866997 5.0653002 5.1651611 4.9597664 5.2251563 4.9214657 5.3173073 5.2577115 5.3878458 5.1586438 5.2172782 6.5067934 5.1554531 4.8569664 5.3045624 5.1269784 5.4968779 4.9608378 5.1361771 5.0117284 5.0263789 5.0221522 5.6549998 5.1498860 5.9525029 0.2530253 0.2313934 0.2298841 0.2376260 0.2276190 0.2322207 0.2322207 0.2335668 0.2312478 0.2342300 0.2328691 0.2297313 0.2282043 0.2321213 0.2314833 0.2312478 0.2315721 0.2312478 0.2278038 0.2300619 0.2294980 0.2297313 0.2300619 0.2321734 0.2294980 0.2294980 0.2318844 0.2382465 0.2294980 0.2294980 0.2294980 0.2294980 0.2348387 0.2294980 0.2294980 5.6534621 5.4715800 5.6534621 6.0249062 5.6727692 5.7365157 5.8389807 4.3586257 5.6379088 5.4481284 5.3137194 5.3155412 5.3155412 5.6134083 5.7355902 5.1064371 4.9638743 5.0414846 5.4587422 5.5050855 5.4389462 5.5992511 5.8303532 6.8683652 5.9989602 4.4427693 4.9262878 5.0310344 5.3981769 4.9611653 5.3868096 5.1471449 6.1141048 8.0306686 
OP3229621_Temnothorax_14  0.1390895 0.1390895 0.2148760 0.2553358 0.2307784 0.2290331 0.2301127 7.3513805 0.0027651 0.0027243 0.0091692 0.0008839 0.0000010 0.0000000 0.0000010 0.0000010 0.0000010 0.0045389 0.0027875 0.0045347 0.0036819 0.0027069 0.0027155 0.0056709 0.0062739 0.0036093 0.0035741 0.0035689 0.0035640 0.0035459 0.0035656 0.0035672 0.0044712 0.0035492 5.7893383 5.3404498 0.0035475 0.0253401 0.0250455 0.0282208 0.0260858 0.0250579 0.0250579 0.0251919 0.0272868 0.0260073 0.0262756 0.0260331 0.0252402 0.0251298 5.2779159 5.1464864 5.0953405 5.0754998 5.1145286 5.1020518 4.9866997 5.0653002 5.1651611 4.9597664 5.2251563 4.9214657 5.3173073 5.2577115 5.3878458 5.1586438 5.2172782 6.5067934 5.1554531 4.8569664 5.3045624 5.1269784 5.4968779 4.9608378 5.1361771 5.0117284 5.0263789 5.0221522 5.6549998 5.1498860 5.9772373 0.2523595 0.2309287 0.2294231 0.2371400 0.2271593 0.2317497 0.2317497 0.2330905 0.2307784 0.2337504 0.2323871 0.2292653 0.2277419 0.2316480 0.2310128 0.2307784 0.2310980 0.2307784 0.2273402 0.2295913 0.2290331 0.2292653 0.2295913 0.2316999 0.2290331 0.2290331 0.2314122 0.2377311 0.2290331 0.2290331 0.2290331 0.2290331 0.2343563 0.2290331 0.2290331 5.7797849 5.4933464 5.7797849 6.1358250 5.8072036 5.8648257 5.9694035 4.3586257 5.7013940 5.4481284 5.3354046 5.3372039 5.3372039 5.6374020 5.6904117 5.2195412 4.9850088 5.0627506 5.5813023 5.6286346 5.5609816 5.6220440 5.8535425 7.0323744 6.1334154 4.4427693 4.9262878 5.0310344 5.3981769 4.9611653 5.3868096 5.1471449 6.2538433 8.2238034 
OP3229611_Temnothorax_15  0.1424552 0.1424552 0.2158334 0.2545635 0.2294030 0.2275885 0.2287038 5.6685021 0.0027651 0.0027497 0.0093810 0.0009142 0.0000010 0.0000010 0.0000000 0.0000010 0.0000010 0.0036836 0.0027875 0.0027497 0.0036819 0.0027497 0.0027523 0.0056709 0.0036748 0.0027497 0.0027497 0.0027497 0.0027497 0.0027497 0.0027497 0.0027497 0.0036748 0.0027497 5.0043666 4.5731474 0.0027497 0.0260022 0.0260022 0.0293152 0.0270869 0.0260022 0.0260022 0.0260022 0.0280451 0.0270020 0.0270020 0.0270160 0.0260527 0.0260274 4.6319043 5.1464864 5.0953405 5.0754998 5.1145286 5.1020518 4.9866997 5.0653002 5.1651611 4.9597664 5.2251563 4.9214657 5.3173073 5.2577115 5.3878458 5.1586438 5.2172782 6.5067934 5.1554531 4.8569664 5.3045624 5.1269784 5.4968779 4.9608378 5.1361771 5.0117284 5.0263789 5.0221522 5.6549998 5.1498860 5.2007706 0.2561089 0.2329376 0.2313711 0.2338768 0.2290331 0.2338120 0.2338120 0.2318043 0.2294030 0.2324859 0.2310511 0.2278282 0.2262436 0.2303022 0.2296451 0.2294030 0.2297237 0.2294030 0.2258183 0.2281555 0.2275885 0.2278282 0.2281555 0.2303561 0.2275885 0.2275885 0.2300586 0.2365660 0.2275885 0.2275885 0.2275885 0.2275885 0.2331130 0.2275885 0.2275885 5.1074435 5.2225328 5.1074435 5.0573549 5.0827718 5.2593994 5.2138983 4.3586257 5.0115315 5.0955206 4.6836288 4.7055171 4.7055171 5.0504399 5.1077845 4.5248403 4.4451841 4.5195916 4.9559262 5.0012694 4.9372013 5.1199254 5.3880294 6.1777761 5.3642148 4.4427693 4.9262878 5.0310344 5.0688832 4.9611653 5.3868096 5.1471449 5.6431889 7.3603979 
OP3229601_Temnothorax_16  0.1388384 0.1388384 0.2143790 0.2541800 0.2302388 0.2284987 0.2295725 7.3513805 0.0027651 0.0027243 0.0091692 0.0008830 0.0000010 0.0000010 0.0000010 0.0000000 0.0000010 0.0045389 0.0027875 0.0045347 0.0036819 0.0027069 0.0027155 0.0056709 0.0062674 0.0036093 0.0035741 0.0035689 0.0035640 0.0035444 0.0035656 0.0035672 0.0044712 0.0035456 5.8556163 5.4014665 0.0035475 0.0253401 0.0250455 0.0292297 0.0260564 0.0250299 0.0250579 0.0251919 0.0272868 0.0259780 0.0262756 0.0260202 0.0252402 0.0251016 5.3365154 5.1464864 5.0953405 5.0754998 5.1145286 5.1020518 4.9866997 5.0653002 5.1651611 4.9597664 5.2251563 4.9214657 5.3173073 5.2577115 5.3878458 5.1586438 5.2172782 6.5067934 5.1554531 4.8569664 5.3045624 5.1269784 5.4968779 4.9608378 5.1361771 5.0117284 5.0263789 5.0221522 5.6549998 5.1498860 6.0492195 0.2515938 0.2303947 0.2288932 0.2365810 0.2266311 0.2312082 0.2312082 0.2325430 0.2302388 0.2331990 0.2318330 0.2287296 0.2272106 0.2311040 0.2304719 0.2302388 0.2305531 0.2302388 0.2268074 0.2290504 0.2284987 0.2287296 0.2290504 0.2311557 0.2284987 0.2284987 0.2308695 0.2371384 0.2284987 0.2284987 0.2284987 0.2284987 0.2338018 0.2284987 0.2284987 5.8440537 5.5532654 5.8440537 6.1358250 5.8757136 5.9301098 6.0357782 4.3586257 5.7013940 5.4481284 5.3940443 5.3957920 5.3957920 5.7045999 5.6904117 5.2769968 5.0399200 5.1184965 5.6436154 5.6914639 5.6230300 5.6857094 5.9200374 7.1159575 6.2018748 4.4427693 4.9262878 5.0310344 5.3981769 4.9611653 5.3868096 5.1471449 6.3249127 8.3221833 
OP3229591_Temnothorax_17  0.1401713 0.1401713 0.2150202 0.2596007 0.2328036 0.2310428 0.2321420 7.4579548 0.0027651 0.0027243 0.0091778 0.0008892 0.0000010 0.0000010 0.0000010 0.0000010 0.0000000 0.0045389 0.0027875 0.0045347 0.0036819 0.0027094 0.0027181 0.0056709 0.0063062 0.0036093 0.0035774 0.0035689 0.0035673 0.0035673 0.0035689 0.0035705 0.0044712 0.0035673 5.6912274 5.2455311 0.0035673 0.0253640 0.0252031 0.0284008 0.0262506 0.0252156 0.0252031 0.0252156 0.0272868 0.0261710 0.0263004 0.0261841 0.0253235 0.0252646 5.1860554 5.1464864 5.0953405 5.0754998 5.1145286 5.1020518 4.9866997 5.0653002 5.1651611 4.9597664 5.2251563 4.9214657 5.3173073 5.2577115 5.3878458 5.1586438 5.2172782 6.5067934 5.1554531 4.8569664 5.3045624 5.1269784 5.4968779 4.9608378 5.1361771 5.0117284 5.0263789 5.0221522 5.6549998 5.1498860 5.9196084 0.2551747 0.2329328 0.2314149 0.2392230 0.2291504 0.2337798 0.2337798 0.2351403 0.2328036 0.2358132 0.2344635 0.2312793 0.2297436 0.2336882 0.2330423 0.2328036 0.2331428 0.2328036 0.2293480 0.2316243 0.2310428 0.2312793 0.2316243 0.2337407 0.2310428 0.2310428 0.2334480 0.2399394 0.2310428 0.2310428 0.2310428 0.2310428 0.2364295 0.2310428 0.2310428 5.7265570 5.4411271 5.7265570 6.1911299 5.7958043 5.8115453 5.9161988 4.3586257 5.7321772 5.4800339 5.1793412 5.2846764 5.2846764 5.6246648 5.7240447 5.1668996 4.9324348 5.0101551 5.5689984 5.6166462 5.5485522 5.5260254 5.7991357 6.9214587 6.0800440 4.4427693 4.9262878 5.0310344 5.4277414 4.9611653 5.3868096 5.1471449 6.1532121 8.1684799 
OP3229581_Temnothorax_18  0.1430929 0.1430929 0.2199650 0.2729676 0.2365595 0.2347573 0.2375160 6.5383173 0.0009191 0.0009055 0.0120873 0.0054849 0.0045389 0.0045389 0.0036836 0.0045389 0.0045389 0.0000000 0.0009265 0.0008997 0.0018366 0.0009005 0.0009026 0.0037716 0.0036380 0.0008997 0.0008997 0.0008997 0.0008997 0.0008997 0.0008997 0.0008997 0.0018046 0.0008997 5.3268076 4.8812026 0.0008997 0.0246112 0.0246112 0.0278467 0.0256711 0.0246236 0.0246112 0.0246112 0.0256533 0.0255923 0.0255923 0.0256052 0.0247054 0.0246471 4.9339037 5.1209319 5.0696165 5.0471902 5.0888755 5.0340474 4.9220011 5.0399859 5.1396779 4.9349339 5.1984797 4.8575118 5.2905521 5.2309550 5.3601073 5.1325286 5.1904458 6.4661869 5.1291768 4.7937333 5.2781408 5.0993250 5.4908540 4.9356955 5.1082556 4.9870538 4.9988870 4.9558073 5.6233237 5.1240037 5.5483539 0.2650143 0.2399869 0.2384342 0.2465221 0.2361805 0.2409223 0.2409223 0.2389590 0.2365595 0.2396615 0.2383288 0.2350037 0.2334337 0.2374786 0.2368083 0.2365595 0.2369387 0.2365595 0.2330472 0.2353872 0.2347573 0.2350037 0.2353872 0.2375326 0.2347573 0.2347573 0.2372283 0.2440978 0.2347573 0.2347573 0.2347573 0.2347573 0.2403018 0.2347573 0.2347573 5.3836161 5.4280142 5.3836161 5.6285762 5.3734895 5.5405704 5.4912684 4.3597890 5.2844363 5.4074817 4.9459891 4.9677584 4.9677584 5.3898492 5.4587585 4.7828019 4.7023634 4.7787635 5.2700262 5.3165026 5.2503776 5.3538132 5.6264290 6.4213728 5.6458282 4.4186991 4.9002042 5.0062305 5.4015698 4.9337179 5.3578441 5.1207140 5.8727503 7.7185920 
OP3229571_Temnothorax_19  0.1382347 0.1382347 0.2173621 0.2705406 0.2326958 0.2326958 0.2355055 5.5767692 0.0000010 0.0000010 0.0084871 0.0037362 0.0027875 0.0027875 0.0027875 0.0027875 0.0027875 0.0009265 0.0000000 0.0000010 0.0009260 0.0000010 0.0000010 0.0018766 0.0009243 0.0000010 0.0000010 0.0000010 0.0000010 0.0000010 0.0000010 0.0000010 0.0009243 0.0000010 5.0623320 4.6159569 0.0000010 0.0232766 0.0232766 0.0265724 0.0243565 0.0232766 0.0232766 0.0232766 0.0253098 0.0242800 0.0242800 0.0242926 0.0232994 0.0232766 4.6235550 5.2986452 5.2483584 5.2443538 5.1067800 5.1519792 5.0334371 5.2156919 5.1580051 5.1067800 5.3844545 4.9672303 5.2070678 5.4175531 5.5540648 5.3142575 5.3774804 6.5934439 5.3120543 4.9017781 5.2986452 5.2920069 5.4908540 5.1097385 5.3028695 5.1580051 5.1149853 5.0703361 5.7583070 5.3040605 5.0975440 0.2608030 0.2362375 0.2346519 0.2356102 0.2323155 0.2371558 0.2371558 0.2351361 0.2326958 0.2358390 0.2344286 0.2329450 0.2313402 0.2354682 0.2329450 0.2326958 0.2330493 0.2326958 0.2309346 0.2333197 0.2326958 0.2329450 0.2333197 0.2355232 0.2326958 0.2326958 0.2352149 0.2421244 0.2326958 0.2326958 0.2326958 0.2326958 0.2383438 0.2326958 0.2326958 5.1008430 5.1768315 5.1008430 5.1722699 5.0851375 5.2552864 5.3105634 4.6412238 5.0034091 5.0882532 4.7604050 4.7828674 4.7828674 5.1485523 5.2110929 4.5959902 4.5139396 4.5909374 4.9070235 4.9528561 4.8881794 5.1229718 5.3965356 6.0892397 5.2779308 4.4849154 5.0501491 5.1781711 5.1196608 5.1241494 5.4809046 5.3046373 5.5445715 7.3415745 
OP3229561_Temnothorax_20  0.1429573 0.1429573 0.2197382 0.2724179 0.2363174 0.2345171 0.2372718 6.9536852 0.0000010 0.0000010 0.0120758 0.0054798 0.0045367 0.0045347 0.0027497 0.0045347 0.0045347 0.0008997 0.0000010 0.0000000 0.0009135 0.0000010 0.0000010 0.0028150 0.0036346 0.0000010 0.0008987 0.0008987 0.0008987 0.0008987 0.0008987 0.0008987 0.0018029 0.0008987 5.4654864 5.0085901 0.0008987 0.0245881 0.0245881 0.0278213 0.0256470 0.0246005 0.0245881 0.0245881 0.0256292 0.0255683 0.0255683 0.0255812 0.0246947 0.0246364 5.0592728 5.1414067 5.0902148 5.0698511 5.1094219 5.0968522 4.9817398 5.0602483 5.1600996 4.9547778 5.2198685 4.9165506 5.3120165 5.2524130 5.3823658 5.1534551 5.2119582 6.4984922 5.1502315 4.8520908 5.2993363 5.1214752 5.4908540 4.9557872 5.1306227 5.0067889 5.0208788 5.0170710 5.6487327 5.1447417 5.7125646 0.2646645 0.2397439 0.2381927 0.2462690 0.2359392 0.2406760 0.2406760 0.2387138 0.2363174 0.2394146 0.2380803 0.2347630 0.2331945 0.2372346 0.2365656 0.2363174 0.2366941 0.2363174 0.2328072 0.2351441 0.2345171 0.2347630 0.2351441 0.2372885 0.2345171 0.2345171 0.2369849 0.2438326 0.2345171 0.2345171 0.2345171 0.2345171 0.2400536 0.2345171 0.2345171 5.5620460 5.4622647 5.5620460 5.9392786 5.5616772 5.7247743 5.6721650 4.4770947 5.4592060 5.4744591 5.0162524 5.0380582 5.0380582 5.4269055 5.4971107 4.9405070 4.7703567 4.8475575 5.4043548 5.4518849 5.3841077 5.4311133 5.7067725 6.5144079 5.8320203 4.4376525 4.9210343 5.0260749 5.4225734 4.9556502 5.3810861 5.1418908 6.0248379 7.9886113 
OP3229551_Temnothorax_21  0.1426489 0.1426489 0.2195911 0.2671080 0.2331816 0.2313605 0.2341344 5.9208641 0.0009186 0.0009135 0.0113123 0.0046263 0.0036819 0.0036819 0.0036819 0.0036819 0.0036819 0.0018366 0.0009260 0.0009135 0.0000000 0.0009135 0.0009144 0.0037698 0.0018323 0.0009135 0.0009135 0.0009135 0.0009135 0.0009135 0.0009135 0.0009135 0.0018323 0.0009135 5.0886017 4.6499466 0.0009135 0.0240134 0.0240134 0.0272888 0.0250864 0.0240134 0.0240134 0.0240134 0.0260434 0.0250083 0.0250083 0.0250211 0.0240600 0.0240366 4.7076940 5.2329010 5.1824100 5.1715034 5.2013248 5.1903987 5.0704960 5.1509986 5.2512996 5.0439173 5.3152905 5.0041500 5.4075227 5.3480449 5.4812680 5.2469554 5.3079502 6.6417638 5.2443259 4.9385649 5.3936712 5.2206502 5.4908540 5.0460508 5.2307492 5.0952902 5.1195949 5.1081898 5.7611757 5.2374185 5.2933707 0.2610775 0.2366841 0.2351137 0.2376419 0.2328042 0.2375978 0.2375978 0.2355995 0.2331816 0.2362973 0.2349066 0.2316055 0.2300172 0.2340980 0.2334290 0.2331816 0.2335359 0.2331816 0.2296094 0.2319651 0.2313605 0.2316055 0.2319651 0.2341524 0.2313605 0.2313605 0.2338491 0.2406005 0.2313605 0.2313605 0.2313605 0.2313605 0.2369362 0.2313605 0.2313605 5.1911692 5.3075494 5.1911692 5.3074332 5.1706420 5.3460410 5.2989577 4.6526332 5.0933913 5.1848403 4.7593829 4.7814416 4.7814416 5.1395030 5.2004159 4.5978960 4.5172906 4.5929422 5.0375691 5.0835813 5.0184380 5.2065074 5.4795915 6.2866961 5.4519336 4.5240057 5.0147549 5.1150180 5.1522002 5.0543125 5.4844551 5.2365510 5.7388731 7.4930955 
OP3229541_Temnothorax_22  0.1396782 0.1396782 0.2170495 0.2667016 0.2335561 0.2317661 0.2344940 6.4807918 0.0000010 0.0000010 0.0101643 0.0036343 0.0027069 0.0027069 0.0027497 0.0027069 0.0027094 0.0009005 0.0000010 0.0000010 0.0009135 0.0000000 0.0000010 0.0028150 0.0027183 0.0000010 0.0000010 0.0000010 0.0000010 0.0000010 0.0000010 0.0000010 0.0008985 0.0000010 5.3062004 4.8614810 0.0000010 0.0225773 0.0225773 0.0257630 0.0236216 0.0225886 0.0225773 0.0225773 0.0245829 0.0235498 0.0235498 0.0235616 0.0226634 0.0226101 4.9145809 5.1414067 5.0902148 5.0698511 5.1094219 5.0968522 4.9817398 5.0602483 5.1600996 4.9547778 5.2198685 4.9165506 5.3120165 5.2524130 5.3823658 5.1534551 5.2119582 6.4984922 5.1502315 4.8520908 5.2993363 5.1214752 5.4908540 4.9557872 5.1306227 5.0067889 5.0208788 5.0170710 5.6487327 5.1447417 5.5261116 0.2609426 0.2369950 0.2354514 0.2434502 0.2331845 0.2378960 0.2378960 0.2359333 0.2335561 0.2366202 0.2352579 0.2320074 0.2304465 0.2344581 0.2337997 0.2335561 0.2339074 0.2335561 0.2300478 0.2323640 0.2317661 0.2320074 0.2323640 0.2345116 0.2317661 0.2317661 0.2342131 0.2408625 0.2317661 0.2317661 0.2317661 0.2317661 0.2372488 0.2317661 0.2317661 5.4043480 5.4079465 5.4043480 5.6646258 5.3953152 5.5621054 5.5123791 4.4770947 5.3046571 5.4426024 4.9645431 4.9863585 4.9863585 5.3681385 5.4362978 4.8006251 4.7199317 4.7966606 5.2499567 5.2963586 5.2303641 5.3749645 5.6489053 6.3970536 5.6676785 4.4376525 4.9210343 5.0260749 5.3930489 4.9556502 5.3810861 5.1418908 5.8509543 7.7499028 
OP3229531_Temnothorax_23  0.1402281 0.1402281 0.2153400 0.2688958 0.2345564 0.2327593 0.2355021 6.5457835 0.0000010 0.0000010 0.0101977 0.0036461 0.0027155 0.0027155 0.0027523 0.0027155 0.0027181 0.0009026 0.0000010 0.0000010 0.0009144 0.0000010 0.0000000 0.0028177 0.0027271 0.0000010 0.0000010 0.0000010 0.0000010 0.0000010 0.0000010 0.0000010 0.0009014 0.0000010 5.3239962 4.8762963 0.0000010 0.0226524 0.0226524 0.0258497 0.0237004 0.0226524 0.0226524 0.0226524 0.0246649 0.0236281 0.0236281 0.0236400 0.0227390 0.0226853 4.9293564 5.1703542 5.1193271 5.1019006 5.1384639 5.1263981 5.0096581 5.0888755 5.1889750 4.9827867 5.2501367 4.9440384 5.3424137 5.2827858 5.4139157 5.1830476 5.2423992 6.5457105 5.1800066 4.8791593 5.3293479 5.1528089 5.4908540 4.9841484 5.1622670 5.0346544 5.0519579 5.0457655 5.6848991 5.1740648 5.5465276 0.2623576 0.2379972 0.2364480 0.2417053 0.2341817 0.2389113 0.2389113 0.2369450 0.2345564 0.2376384 0.2362836 0.2330027 0.2314362 0.2354656 0.2348021 0.2345564 0.2349176 0.2345564 0.2310408 0.2333689 0.2327593 0.2330027 0.2333689 0.2355194 0.2327593 0.2327593 0.2352184 0.2419530 0.2327593 0.2327593 0.2327593 0.2327593 0.2382719 0.2327593 0.2327593 5.4223401 5.4257787 5.4223401 5.6974014 5.4142406 5.5812656 5.5310152 4.5308406 5.3219239 5.4744591 4.9794657 5.0013795 5.0013795 5.3872254 5.4564242 4.8144963 4.7333676 4.8105782 5.2670048 5.3137032 5.2472664 5.3932359 5.6691730 6.5566416 5.6874385 4.4642053 4.9504363 5.0540997 5.4225734 4.9866313 5.4140448 5.1718364 5.8726204 7.7910583 
OP3229521_Temnothorax_24  0.1424428 0.1424428 0.2228757 0.2837061 0.2384729 0.2384729 0.2413633 6.0222218 0.0028150 0.0028150 0.0115143 0.0066515 0.0056709 0.0056709 0.0056709 0.0056709 0.0056709 0.0037716 0.0018766 0.0028150 0.0037698 0.0028150 0.0028177 0.0000000 0.0037624 0.0028150 0.0028150 0.0028150 0.0028150 0.0028150 0.0028150 0.0028150 0.0037624 0.0028150 5.1832520 4.7782842 0.0028150 0.0266600 0.0266600 0.0288727 0.0277756 0.0266600 0.0266600 0.0266600 0.0287428 0.0276863 0.0276863 0.0277010 0.0256064 0.0255810 4.7873490 5.4367791 5.3869212 5.3896469 5.2384865 5.3903334 5.2551656 5.3514758 5.2894212 5.2384865 5.4609904 5.1846063 5.3837351 5.5639491 5.6347661 5.4470070 5.5137618 6.8938481 5.3869212 5.1149103 5.4367791 5.4346549 5.6712423 5.2384865 5.4456649 5.2894212 5.2862416 5.2990590 5.9006615 5.4367791 5.2362005 0.2689866 0.2420155 0.2404011 0.2414023 0.2380752 0.2430088 0.2430088 0.2409743 0.2384729 0.2417131 0.2403525 0.2387341 0.2371001 0.2413226 0.2387341 0.2384729 0.2388844 0.2384729 0.2367162 0.2391653 0.2384729 0.2387341 0.2391653 0.2413792 0.2384729 0.2384729 0.2410572 0.2484617 0.2384729 0.2384729 0.2384729 0.2384729 0.2442830 0.2384729 0.2384729 5.3236391 5.3466042 5.3236391 5.2396677 5.1244507 5.4892410 5.4376557 4.9558068 5.2191589 5.3265933 4.7754675 4.7983579 4.7983579 5.3028893 5.3733771 4.6076704 4.5240394 4.6025789 5.0804096 5.1285132 5.0603447 5.1010915 5.3778034 6.3439933 5.5794523 4.6263514 5.1725416 5.3105504 5.2491216 5.2208291 5.6599752 5.4391090 5.6950374 7.8474380 
OP3229511_Temnothorax_25  0.1439505 0.1439505 0.2210516 0.2692307 0.2354915 0.2337335 0.2364202 7.0198230 0.0009170 0.0027333 0.0120451 0.0062845 0.0062796 0.0062739 0.0036748 0.0062674 0.0063062 0.0036380 0.0009243 0.0036346 0.0018323 0.0027183 0.0027271 0.0037624 0.0000000 0.0027120 0.0026880 0.0026816 0.0026804 0.0026656 0.0026816 0.0026828 0.0035837 0.0026641 5.8079161 5.3588397 0.0026680 0.0264582 0.0261485 0.0303803 0.0271697 0.0261319 0.0261615 0.0263024 0.0254061 0.0270873 0.0273999 0.0271317 0.0263531 0.0262073 5.2957688 5.2040021 5.1533546 5.1394598 5.1723378 5.1609063 5.0426764 5.1224431 5.2224712 5.0160121 5.2850333 4.9767828 5.3771236 5.3176812 5.4496893 5.2174017 5.2775227 6.5948971 5.2145860 4.9116375 5.3636626 5.1893224 5.5646187 5.0177890 5.1991057 5.0675187 5.0885643 5.0795734 5.7248942 5.2081381 5.9968876 0.2585395 0.2355912 0.2340768 0.2419031 0.2318410 0.2364616 0.2364616 0.2378300 0.2354915 0.2385112 0.2371974 0.2339726 0.2324406 0.2363842 0.2357330 0.2354915 0.2358525 0.2354915 0.2320587 0.2343385 0.2337335 0.2339726 0.2343385 0.2364368 0.2337335 0.2337335 0.2361414 0.2427719 0.2337335 0.2337335 0.2337335 0.2337335 0.2391329 0.2337335 0.2337335 5.7978294 5.5109559 5.7978294 6.1766918 5.8263502 5.8829298 5.9875494 4.5983924 5.6561273 5.3352653 5.3530977 5.3548766 5.3548766 5.6566770 5.6410249 5.2372171 5.0025603 5.0803490 5.5993509 5.6466939 5.5790127 5.6403635 5.8720141 7.0543325 6.1967063 4.4976426 4.9854492 5.0870817 5.2932950 5.0233907 5.4514315 5.2066434 6.2726735 8.2568370 
OP3229501_Temnothorax_26  0.1407516 0.1407516 0.2165796 0.2655832 0.2330527 0.2312668 0.2339865 6.6959612 0.0000010 0.0000010 0.0110884 0.0045430 0.0036109 0.0036093 0.0027497 0.0036093 0.0036093 0.0008997 0.0000010 0.0000010 0.0009135 0.0000010 0.0000010 0.0028150 0.0027120 0.0000000 0.0000010 0.0000010 0.0000010 0.0000010 0.0000010 0.0000010 0.0008964 0.0000010 5.3810476 4.9313573 0.0000010 0.0235157 0.0235157 0.0267143 0.0245639 0.0235274 0.0235157 0.0235157 0.0245472 0.0244891 0.0244891 0.0245014 0.0236171 0.0235616 4.9832384 5.1414067 5.0902148 5.0698511 5.1094219 5.0968522 4.9817398 5.0602483 5.1600996 4.9547778 5.2198685 4.9165506 5.3120165 5.2524130 5.3823658 5.1534551 5.2119582 6.4984922 5.1502315 4.8520908 5.2993363 5.1214752 5.4908540 4.9557872 5.1306227 5.0067889 5.0208788 5.0170710 5.6487327 5.1447417 5.6193877 0.2602210 0.2364896 0.2349493 0.2429240 0.2326828 0.2373839 0.2373839 0.2354234 0.2330527 0.2361070 0.2347414 0.2315070 0.2299494 0.2339509 0.2332952 0.2330527 0.2333990 0.2330527 0.2295492 0.2318588 0.2312668 0.2315070 0.2318588 0.2340042 0.2312668 0.2312668 0.2337070 0.2403117 0.2312668 0.2312668 0.2312668 0.2312668 0.2367329 0.2312668 0.2312668 5.4783131 5.3811411 5.4783131 5.7919199 5.4732941 5.6381502 5.5871558 4.4770947 5.3773042 5.4744591 4.9418839 4.9635619 4.9635619 5.3394580 5.4061115 4.8672012 4.6993662 4.7754187 5.3226225 5.3694755 5.3027522 5.3474892 5.6186149 6.6066718 5.7443489 4.4376525 4.9210343 5.0260749 5.4225734 4.9556502 5.3810861 5.1418908 5.9318531 7.8596276 
