150
PQ6726181_Temnothorax_3   0.0000000 0.1136360 0.1176574 0.1097745 0.1115504 0.1123802 0.1097552 0.1106768 0.1084084 0.1139284 0.1095919 0.1091384 0.1129241 0.1103531 0.1108286 0.1105174 0.1107361 0.1119875 0.1126776 0.1093449 0.1120464 0.1126092 0.1116768 0.1116768 0.1104277 0.1106702 0.1136807 0.1120141 0.1095076 0.1113946 0.1118338 0.1143095 0.1253195 0.1146356 0.1086277 0.1063425 0.1135402 0.1161924 0.1102368 0.1102368 0.2285422 0.2274836 0.2311254 0.2303603 0.2285248 0.2331432 0.2295968 0.2254321 0.2288418 0.2311050 0.2251061 0.2300733 0.2278729 0.2280995 0.2280983 0.2220775 0.2140487 0.2090451 0.2043215 0.2062272 0.2066882 0.2070895 0.2067764 0.2075535 0.2114023 0.2125311 0.2111671 0.2071702 0.2082641 0.2060433 0.2065632 0.2082765 0.2111319 0.2065364 0.2064767 0.2063353 0.2060781 0.2061346 0.2072320 0.2087169 0.2084910 0.2059995 3.5367850 3.1029090 3.0849441 2.8502960 2.8078357 2.8881932 2.7375793 2.7724561 4.2565541 8.9999981 3.2103310 3.2411359 3.3212077 2.8114580 3.3983525 3.5159159 2.9275841 2.8945088 2.9003423 2.5371390 2.8068710 2.6575383 2.9124036 2.9124036 3.0520554 3.1374225 3.1427934 3.0022797 2.8547860 3.0202789 2.5258721 2.8456596 2.8514516 2.8499100 2.6068151 2.5371832 2.6145721 2.5763542 2.6125959 2.6145614 2.5818708 2.6926655 2.6243084 2.4738165 2.6420521 2.6200170 2.6604543 2.6322255 2.6946203 2.6530047 2.6723206 2.6948746 2.7169379 2.7127944 2.6346202 2.5975630 2.7097989 2.8270939 5.8308374 3.4642696 3.4329345 3.3951672 2.8517667 2.7497793 2.7497793 2.7670129 2.5867966 2.6238319 
ON0528141_Temnothorax_91  0.1136360 0.0000000 0.0008381 0.0022814 0.0029085 0.0036344 0.0014661 0.0014439 0.0015007 0.0038156 0.0014762 0.0007638 0.0028978 0.0015874 0.0022023 0.0022152 0.0022006 0.0029411 0.0028938 0.0022518 0.0023134 0.0016347 0.0021681 0.0021697 0.0021962 0.0021998 0.0029074 0.0029422 0.0029413 0.0029542 0.0029393 0.0036333 0.0022834 0.0218505 0.0174784 0.0167049 0.0220147 0.0143095 0.0156164 0.0156164 0.2471341 0.2486319 0.2464748 0.2412808 0.2419327 0.2512916 0.2397454 0.2432434 0.2421822 0.2464588 0.2409216 0.2454495 0.2412421 0.2414862 0.2433280 0.2429000 0.2323188 0.2269815 0.2210616 0.2245043 0.2250166 0.2254618 0.2269632 0.2237140 0.2305193 0.2294872 0.2273833 0.2286822 0.2284553 0.2242994 0.2267321 0.2272346 0.2302239 0.2267106 0.2247888 0.2264851 0.2243466 0.2262601 0.2274830 0.2277166 0.2247212 0.2275487 3.5757806 3.1691825 2.8784580 2.6317968 2.5965861 2.6554390 2.5328322 2.5644522 4.3290052 8.0268067 3.0751111 3.1940882 3.1866272 2.7772460 3.3869803 3.4756768 2.8384028 2.8539886 2.8375116 2.5039824 2.8026281 2.6186359 2.8489413 2.8489413 2.9613594 3.0434659 3.0534686 2.9453206 2.8678878 3.0578429 2.5378829 2.9434865 2.7851716 2.7833056 2.7299617 2.7167094 2.7087268 2.6680633 2.7041910 2.7081397 2.6749402 2.7859343 2.7145542 2.6452715 2.7343350 2.6890673 2.7567096 2.7243848 2.7919968 2.7477407 2.7669852 2.7913368 2.8128121 2.8066295 2.7287788 2.6918652 2.8032765 2.9694694 5.9340173 3.4801114 3.4488094 3.4110930 2.8382623 2.7463826 2.7463826 2.7359134 2.5599439 2.5961169 
ON0527961_Temnothorax_109 0.1176574 0.0008381 0.0000000 0.0025267 0.0016799 0.0016773 0.0008376 0.0008376 0.0008376 0.0008376 0.0008376 0.0008376 0.0000010 0.0000010 0.0000010 0.0000010 0.0000010 0.0000010 0.0000010 0.0000010 0.0000010 0.0000010 0.0000010 0.0000010 0.0000010 0.0000010 0.0008386 0.0000010 0.0008383 0.0008376 0.0008376 0.0016825 0.0000010 0.0219094 0.0174035 0.0174035 0.0211441 0.0151010 0.0155669 0.0155669 0.2526417 0.2526417 0.2499200 0.2444150 0.2450893 0.2549970 0.2425191 0.2464654 0.2453349 0.2499043 0.2440103 0.2488470 0.2443533 0.2446144 0.2465800 0.2478112 0.2387461 0.2329914 0.2246150 0.2282492 0.2287994 0.2292774 0.2308821 0.2275847 0.2347227 0.2335295 0.2314667 0.2327775 0.2324538 0.2280295 0.2306356 0.2312267 0.2344056 0.2306141 0.2285565 0.2303718 0.2280818 0.2301301 0.2314430 0.2317437 0.2305513 0.2315921 3.5757806 3.1691825 2.8784580 2.6317968 2.5965861 2.6554390 2.5328322 2.5644522 4.3290052 5.0425649 3.0751111 3.1940882 3.1866272 2.7772460 3.3869803 3.4756768 2.8384028 2.8539886 2.8375116 2.5039824 2.8026281 2.6186359 2.8489413 2.8489413 2.9613594 3.0434659 3.0534686 2.9453206 2.8678878 3.0578429 2.5378829 2.9434865 2.7851716 2.7833056 2.7299617 2.7167094 2.7087268 2.6680633 2.7041910 2.7081397 2.6749402 2.7859343 2.7145542 2.6452715 2.7343350 2.6890673 2.7567096 2.7243848 2.7919968 2.7477407 2.7669852 2.7913368 2.8128121 2.8066295 2.7287788 2.6918652 2.8032765 2.9694694 5.9340173 3.4801114 3.4488094 3.4110930 2.8382623 2.7463826 2.7463826 2.7359134 2.5599439 2.5961169 
ON0528161_Temnothorax_89  0.1097745 0.0022814 0.0025267 0.0000000 0.0007561 0.0038049 0.0015170 0.0015159 0.0015170 0.0046160 0.0015256 0.0015424 0.0030427 0.0023850 0.0022790 0.0022928 0.0022772 0.0022763 0.0030384 0.0022763 0.0030894 0.0024562 0.0022763 0.0022763 0.0022763 0.0022763 0.0030437 0.0030449 0.0030440 0.0030577 0.0030418 0.0038155 0.0036342 0.0196713 0.0148281 0.0148281 0.0189587 0.0130047 0.0131943 0.0131943 0.2530372 0.2530372 0.2457898 0.2406198 0.2412719 0.2505900 0.2390936 0.2425790 0.2415240 0.2457737 0.2402670 0.2447667 0.2405854 0.2408279 0.2426584 0.2422216 0.2316565 0.2263494 0.2204845 0.2239140 0.2244230 0.2248653 0.2263581 0.2231012 0.2298885 0.2288750 0.2267561 0.2280590 0.2278451 0.2237104 0.2261282 0.2266199 0.2295949 0.2261066 0.2241964 0.2258826 0.2237570 0.2256591 0.2268742 0.2270990 0.2241024 0.2269280 3.6158138 3.2039250 2.9101710 2.6655221 2.6292325 2.6897162 2.5644522 2.5965861 4.3775037 7.1739533 3.1120246 3.2347803 3.2331084 2.8148148 3.4271561 3.3928438 2.7964992 2.8856462 2.8688979 2.5749557 2.8351205 2.6521392 2.8805948 2.8805948 2.9707985 3.0531201 3.0881308 2.9786878 2.8183072 3.0917195 2.5719903 2.9799738 2.8201933 2.8185021 2.7663781 2.6702628 2.7430401 2.7013213 2.7375483 2.7422388 2.7087268 2.8202123 2.7514204 2.6013370 2.6920127 2.6421782 2.7919968 2.6821901 2.7469389 2.7042031 2.7233505 2.7414432 2.7683092 2.7631080 2.6856436 2.6489295 2.7548343 2.9244514 5.9340173 3.5185283 3.4869011 3.4488094 2.8696051 2.7764872 2.7764872 2.7659465 2.5875718 2.6242206 
PQ6726161_Temnothorax_5   0.1115504 0.0029085 0.0016799 0.0007561 0.0000000 0.0036216 0.0014609 0.0014431 0.0007463 0.0038124 0.0007342 0.0007632 0.0028962 0.0015860 0.0021944 0.0022072 0.0021928 0.0029307 0.0028922 0.0014931 0.0023114 0.0016332 0.0021669 0.0021669 0.0021884 0.0021920 0.0028971 0.0029317 0.0029309 0.0029437 0.0029289 0.0036313 0.0034233 0.0202274 0.0158179 0.0142748 0.0195884 0.0133216 0.0140500 0.0140500 0.2416270 0.2430810 0.2435335 0.2383950 0.2390539 0.2483232 0.2368856 0.2403610 0.2393168 0.2435167 0.2380606 0.2425077 0.2383747 0.2386140 0.2404238 0.2399536 0.2293411 0.2240874 0.2183629 0.2217774 0.2222793 0.2227155 0.2241919 0.2208759 0.2276658 0.2267078 0.2245154 0.2258452 0.2256751 0.2215767 0.2239643 0.2244226 0.2273758 0.2239422 0.2220550 0.2237213 0.2216217 0.2235009 0.2246998 0.2248958 0.2218653 0.2247121 3.5757806 3.1691825 2.8784580 2.6317968 2.5965861 2.6554390 2.5328322 2.5644522 4.3290052 8.0825289 3.0751111 3.1940882 3.1866272 2.7772460 3.3869803 3.4756768 2.8384028 2.8539886 2.8375116 2.5039824 2.8026281 2.6186359 2.8489413 2.8489413 2.9613594 3.0434659 3.0534686 2.9453206 2.8678878 3.0578429 2.5378829 2.9434865 2.7851716 2.7833056 2.7299617 2.7167094 2.7087268 2.6680633 2.7041910 2.7081397 2.6749402 2.7859343 2.7145542 2.6452715 2.7343350 2.6890673 2.7567096 2.7243848 2.7919968 2.7477407 2.7669852 2.7913368 2.8128121 2.8066295 2.7287788 2.6918652 2.8032765 2.9694694 5.9340173 3.4801114 3.4488094 3.4110930 2.8382623 2.7463826 2.7463826 2.7359134 2.5599439 2.5961169 
PQ6726151_Temnothorax_6   0.1123802 0.0036344 0.0016773 0.0038049 0.0036216 0.0000000 0.0021906 0.0021639 0.0022422 0.0053453 0.0022057 0.0022930 0.0021654 0.0015837 0.0014584 0.0014669 0.0014573 0.0021911 0.0021624 0.0014910 0.0023081 0.0016308 0.0014392 0.0014392 0.0014544 0.0014567 0.0021399 0.0021919 0.0021913 0.0007315 0.0007279 0.0028960 0.0011109 0.0209390 0.0165996 0.0158324 0.0211690 0.0132655 0.0148144 0.0148144 0.2377584 0.2389631 0.2417782 0.2366579 0.2373230 0.2465656 0.2351597 0.2386316 0.2375946 0.2417609 0.2363374 0.2407492 0.2366485 0.2368856 0.2386816 0.2381848 0.2293411 0.2240874 0.2166803 0.2200877 0.2205846 0.2210165 0.2224821 0.2191149 0.2259162 0.2250005 0.2227474 0.2241002 0.2239643 0.2198888 0.2222560 0.2226886 0.2256286 0.2222334 0.2203618 0.2220147 0.2199327 0.2217964 0.2229843 0.2231578 0.2218653 0.2229640 3.5757806 3.1691825 2.8784580 2.6317968 2.5965861 2.6554390 2.5328322 2.5644522 4.3290052 8.9999982 3.0751111 3.1940882 3.1866272 2.7772460 3.3869803 3.4756768 2.8384028 2.8539886 2.8375116 2.5039824 2.8026281 2.6186359 2.8489413 2.8489413 2.9613594 3.0434659 3.0534686 2.9453206 2.8678878 3.0578429 2.5378829 2.9434865 2.7851716 2.7833056 2.7299617 2.7167094 2.7087268 2.6680633 2.7041910 2.7081397 2.6749402 2.7859343 2.7145542 2.6452715 2.7343350 2.6890673 2.7567096 2.7243848 2.7919968 2.7477407 2.7669852 2.7913368 2.8128121 2.8066295 2.7287788 2.6918652 2.8032765 2.9694694 5.9340173 3.4801114 3.4488094 3.4110930 2.8382623 2.7463826 2.7463826 2.7359134 2.5599439 2.5961169 
ON0528061_Temnothorax_99  0.1097552 0.0014661 0.0008376 0.0015170 0.0014609 0.0021906 0.0000000 0.0000010 0.0000010 0.0030411 0.0000010 0.0000010 0.0014598 0.0007909 0.0007284 0.0007326 0.0007284 0.0014603 0.0014578 0.0007453 0.0015370 0.0008151 0.0007281 0.0007281 0.0007281 0.0007281 0.0014603 0.0014608 0.0014604 0.0014657 0.0014594 0.0021965 0.0011334 0.0197192 0.0158405 0.0150857 0.0206532 0.0133319 0.0142362 0.0142362 0.2435561 0.2435561 0.2435335 0.2383950 0.2390539 0.2483232 0.2368856 0.2403610 0.2393168 0.2435167 0.2380606 0.2425077 0.2383747 0.2386140 0.2404238 0.2399536 0.2293411 0.2240874 0.2183629 0.2217774 0.2222793 0.2227155 0.2241919 0.2208759 0.2276658 0.2267078 0.2245154 0.2258452 0.2256751 0.2215767 0.2239643 0.2244226 0.2273758 0.2239422 0.2220550 0.2237213 0.2216217 0.2235009 0.2246998 0.2248958 0.2218653 0.2247121 3.5757806 3.1691825 2.8784580 2.6317968 2.5965861 2.6554390 2.5328322 2.5644522 4.3290052 8.2171985 3.0751111 3.1940882 3.1866272 2.7772460 3.3869803 3.4756768 2.8384028 2.8539886 2.8375116 2.5039824 2.8026281 2.6186359 2.8489413 2.8489413 2.9613594 3.0434659 3.0534686 2.9453206 2.8678878 3.0578429 2.5378829 2.9434865 2.7851716 2.7833056 2.7299617 2.7167094 2.7087268 2.6680633 2.7041910 2.7081397 2.6749402 2.7859343 2.7145542 2.6452715 2.7343350 2.6890673 2.7567096 2.7243848 2.7919968 2.7477407 2.7669852 2.7913368 2.8128121 2.8066295 2.7287788 2.6918652 2.8032765 2.9694694 5.9340173 3.4801114 3.4488094 3.4110930 2.8382623 2.7463826 2.7463826 2.7359134 2.5599439 2.5961169 
ON0528081_Temnothorax_97  0.1106768 0.0014439 0.0008376 0.0015159 0.0014431 0.0021639 0.0000010 0.0000000 0.0000010 0.0030411 0.0000010 0.0000010 0.0014378 0.0007909 0.0007284 0.0007326 0.0007279 0.0014592 0.0014359 0.0007447 0.0015370 0.0008144 0.0007167 0.0007172 0.0007264 0.0007276 0.0014425 0.0014597 0.0014593 0.0014657 0.0014583 0.0021633 0.0011334 0.0201791 0.0158285 0.0150627 0.0203286 0.0133319 0.0140165 0.0140165 0.2420249 0.2434829 0.2435335 0.2383950 0.2390539 0.2483232 0.2368856 0.2403610 0.2393168 0.2435167 0.2380606 0.2425077 0.2383747 0.2386140 0.2404238 0.2399536 0.2293411 0.2240874 0.2183629 0.2217774 0.2222793 0.2227155 0.2241919 0.2208759 0.2276658 0.2267078 0.2245154 0.2258452 0.2256751 0.2215767 0.2239643 0.2244226 0.2273758 0.2239422 0.2220550 0.2237213 0.2216217 0.2235009 0.2246998 0.2248958 0.2218653 0.2247121 3.5757806 3.1691825 2.8784580 2.6317968 2.5965861 2.6554390 2.5328322 2.5644522 4.3290052 8.2171985 3.0751111 3.1940882 3.1866272 2.7772460 3.3869803 3.4756768 2.8384028 2.8539886 2.8375116 2.5039824 2.8026281 2.6186359 2.8489413 2.8489413 2.9613594 3.0434659 3.0534686 2.9453206 2.8678878 3.0578429 2.5378829 2.9434865 2.7851716 2.7833056 2.7299617 2.7167094 2.7087268 2.6680633 2.7041910 2.7081397 2.6749402 2.7859343 2.7145542 2.6452715 2.7343350 2.6890673 2.7567096 2.7243848 2.7919968 2.7477407 2.7669852 2.7913368 2.8128121 2.8066295 2.7287788 2.6918652 2.8032765 2.9694694 5.9340173 3.4801114 3.4488094 3.4110930 2.8382623 2.7463826 2.7463826 2.7359134 2.5599439 2.5961169 
ON0528151_Temnothorax_90  0.1084084 0.0015007 0.0008376 0.0015170 0.0007463 0.0022422 0.0000010 0.0000010 0.0000000 0.0030411 0.0000010 0.0000010 0.0014942 0.0007909 0.0007455 0.0007500 0.0007455 0.0007453 0.0014921 0.0007453 0.0015370 0.0008151 0.0007453 0.0007453 0.0007453 0.0007453 0.0014947 0.0014953 0.0014948 0.0015003 0.0014938 0.0022484 0.0011754 0.0194070 0.0146301 0.0146301 0.0203206 0.0127865 0.0137997 0.0137997 0.2499748 0.2499748 0.2435335 0.2383950 0.2390539 0.2483232 0.2368856 0.2403610 0.2393168 0.2435167 0.2380606 0.2425077 0.2383747 0.2386140 0.2404238 0.2399536 0.2293411 0.2240874 0.2183629 0.2217774 0.2222793 0.2227155 0.2241919 0.2208759 0.2276658 0.2267078 0.2245154 0.2258452 0.2256751 0.2215767 0.2239643 0.2244226 0.2273758 0.2239422 0.2220550 0.2237213 0.2216217 0.2235009 0.2246998 0.2248958 0.2218653 0.2247121 3.5757806 3.1691825 2.8784580 2.6317968 2.5965861 2.6554390 2.5328322 2.5644522 4.3290052 7.6921535 3.0751111 3.1940882 3.1866272 2.7772460 3.3869803 3.4756768 2.8384028 2.8539886 2.8375116 2.5039824 2.8026281 2.6186359 2.8489413 2.8489413 2.9613594 3.0434659 3.0534686 2.9453206 2.8678878 3.0578429 2.5378829 2.9434865 2.7851716 2.7833056 2.7299617 2.7167094 2.7087268 2.6680633 2.7041910 2.7081397 2.6749402 2.7859343 2.7145542 2.6452715 2.7343350 2.6890673 2.7567096 2.7243848 2.7919968 2.7477407 2.7669852 2.7913368 2.8128121 2.8066295 2.7287788 2.6918652 2.8032765 2.9694694 5.9340173 3.4801114 3.4488094 3.4110930 2.8382623 2.7463826 2.7463826 2.7359134 2.5599439 2.5961169 
ON0528091_Temnothorax_96  0.1139284 0.0038156 0.0008376 0.0046160 0.0038124 0.0053453 0.0030411 0.0030411 0.0030411 0.0000000 0.0000010 0.0000010 0.0045800 0.0007909 0.0030371 0.0007556 0.0030371 0.0038068 0.0045733 0.0038068 0.0046772 0.0041379 0.0038068 0.0038068 0.0038068 0.0038068 0.0045815 0.0045833 0.0038070 0.0022739 0.0038043 0.0053608 0.0011896 0.0230174 0.0181053 0.0181053 0.0231362 0.0129035 0.0172408 0.0172408 0.2583830 0.2583830 0.2530354 0.2477184 0.2483538 0.2579097 0.2461245 0.2496716 0.2485727 0.2530213 0.2473026 0.2520119 0.2476378 0.2478928 0.2498061 0.2494740 0.2389704 0.2334454 0.2270830 0.2305884 0.2311245 0.2315901 0.2331474 0.2300516 0.2368890 0.2356885 0.2337875 0.2350153 0.2346594 0.2303745 0.2329086 0.2335114 0.2365813 0.2328886 0.2308891 0.2326528 0.2304266 0.2324175 0.2336944 0.2340133 0.2310993 0.2338813 3.5757806 3.1691825 2.8784580 2.6317968 2.5965861 2.6554390 2.5328322 2.5644522 4.3290052 7.3621731 3.0751111 3.1940882 3.1866272 2.7772460 3.3869803 3.4756768 2.8384028 2.8539886 2.8375116 2.5039824 2.8026281 2.6186359 2.8489413 2.8489413 2.9613594 3.0434659 3.0534686 2.9453206 2.8678878 3.0578429 2.5378829 2.9434865 2.7851716 2.7833056 2.7299617 2.7167094 2.7087268 2.6680633 2.7041910 2.7081397 2.6749402 2.7859343 2.7145542 2.6452715 2.7343350 2.6890673 2.7567096 2.7243848 2.7919968 2.7477407 2.7669852 2.7913368 2.8128121 2.8066295 2.7287788 2.6918652 2.8032765 2.9694694 5.9340173 3.4801114 3.4488094 3.4110930 2.8382623 2.7463826 2.7463826 2.7359134 2.5599439 2.5961169 
ON0528071_Temnothorax_98  0.1095919 0.0014762 0.0008376 0.0015256 0.0007342 0.0022057 0.0000010 0.0000010 0.0000010 0.0000010 0.0000000 0.0000010 0.0014699 0.0007909 0.0007332 0.0007337 0.0007332 0.0014704 0.0014679 0.0007494 0.0015458 0.0008201 0.0007332 0.0007332 0.0007332 0.0007332 0.0014704 0.0014709 0.0014699 0.0014689 0.0014689 0.0022117 0.0011360 0.0198609 0.0159537 0.0151707 0.0207715 0.0133553 0.0143372 0.0143372 0.2423894 0.2423894 0.2439650 0.2387808 0.2394436 0.2487941 0.2372568 0.2407608 0.2397066 0.2439482 0.2384407 0.2429318 0.2387579 0.2389996 0.2408271 0.2403592 0.2296688 0.2243650 0.2185792 0.2220217 0.2225283 0.2229686 0.2244585 0.2211231 0.2279670 0.2269940 0.2247938 0.2261308 0.2259537 0.2218191 0.2242288 0.2246948 0.2276742 0.2242066 0.2223020 0.2239836 0.2218646 0.2237611 0.2249714 0.2251725 0.2221218 0.2249890 3.5757806 3.1691825 2.8784580 2.6317968 2.5965861 2.6554390 2.5328322 2.5644522 4.3290052 8.2042861 3.0751111 3.1940882 3.1866272 2.7772460 3.3869803 3.4756768 2.8384028 2.8539886 2.8375116 2.5039824 2.8026281 2.6186359 2.8489413 2.8489413 2.9613594 3.0434659 3.0534686 2.9453206 2.8678878 3.0578429 2.5378829 2.9434865 2.7851716 2.7833056 2.7299617 2.7167094 2.7087268 2.6680633 2.7041910 2.7081397 2.6749402 2.7859343 2.7145542 2.6452715 2.7343350 2.6890673 2.7567096 2.7243848 2.7919968 2.7477407 2.7669852 2.7913368 2.8128121 2.8066295 2.7287788 2.6918652 2.8032765 2.9694694 5.9340173 3.4801114 3.4488094 3.4110930 2.8382623 2.7463826 2.7463826 2.7359134 2.5599439 2.5961169 
ON0528131_Temnothorax_92  0.1091384 0.0007638 0.0008376 0.0015424 0.0007632 0.0022930 0.0000010 0.0000010 0.0000010 0.0000010 0.0000010 0.0000000 0.0015281 0.0007993 0.0007621 0.0007621 0.0007621 0.0007621 0.0015259 0.0007621 0.0015630 0.0008298 0.0007621 0.0007621 0.0007621 0.0007621 0.0015286 0.0015292 0.0015281 0.0015270 0.0015270 0.0022995 0.0011867 0.0198617 0.0149708 0.0149708 0.0199627 0.0128800 0.0141196 0.0141196 0.2501967 0.2501967 0.2439735 0.2387349 0.2394049 0.2488535 0.2369535 0.2407358 0.2396708 0.2439565 0.2383916 0.2429293 0.2387121 0.2389562 0.2408026 0.2418932 0.2311361 0.2257490 0.2198253 0.2233071 0.2238225 0.2242705 0.2257837 0.2224546 0.2293592 0.2283423 0.2261684 0.2275007 0.2272945 0.2231010 0.2255506 0.2260415 0.2290615 0.2255285 0.2235928 0.2253016 0.2231479 0.2250752 0.2263062 0.2265272 0.2234697 0.2263499 3.5757806 3.1691825 2.8784580 2.6317968 2.5965861 2.6554390 2.5328322 2.5644522 4.3290052 7.3731296 3.0751111 3.1940882 3.1866272 2.7772460 3.3869803 3.4756768 2.8384028 2.8539886 2.8375116 2.5039824 2.8026281 2.6186359 2.8489413 2.8489413 2.9613594 3.0434659 3.0534686 2.9453206 2.8678878 3.0578429 2.5378829 2.9434865 2.7851716 2.7833056 2.7299617 2.7167094 2.7087268 2.6680633 2.7041910 2.7081397 2.6749402 2.7859343 2.7145542 2.6452715 2.7343350 2.6890673 2.7567096 2.7243848 2.7919968 2.7477407 2.7669852 2.7913368 2.8128121 2.8066295 2.7287788 2.6918652 2.8032765 2.9694694 5.9340173 3.4801114 3.4488094 3.4110930 2.8382623 2.7463826 2.7463826 2.7359134 2.5599439 2.5961169 
ON0527971_Temnothorax_108 0.1129241 0.0028978 0.0000010 0.0030427 0.0028962 0.0021654 0.0014598 0.0014378 0.0014942 0.0045800 0.0014699 0.0015281 0.0000000 0.0007915 0.0007289 0.0007331 0.0007284 0.0014602 0.0014368 0.0007452 0.0015381 0.0008150 0.0007167 0.0007172 0.0007269 0.0007281 0.0014435 0.0014607 0.0014603 0.0014667 0.0014593 0.0021648 0.0011346 0.0217507 0.0173985 0.0166287 0.0219133 0.0151748 0.0155467 0.0155467 0.2424876 0.2439504 0.2441079 0.2389531 0.2396114 0.2489079 0.2374371 0.2409206 0.2398720 0.2440912 0.2386136 0.2430811 0.2389293 0.2391697 0.2409877 0.2405251 0.2317337 0.2264231 0.2188622 0.2222862 0.2227906 0.2232290 0.2247119 0.2214042 0.2282054 0.2272323 0.2250538 0.2263795 0.2261986 0.2220844 0.2244834 0.2249505 0.2279140 0.2244613 0.2225654 0.2242393 0.2221299 0.2240178 0.2252227 0.2254259 0.2241744 0.2252450 3.5757806 3.1691825 2.8784580 2.6317968 2.5965861 2.6554390 2.5328322 2.5644522 4.3290052 8.2171985 3.0751111 3.1940882 3.1866272 2.7772460 3.3869803 3.4756768 2.8384028 2.8539886 2.8375116 2.5039824 2.8026281 2.6186359 2.8489413 2.8489413 2.9613594 3.0434659 3.0534686 2.9453206 2.8678878 3.0578429 2.5378829 2.9434865 2.7851716 2.7833056 2.7299617 2.7167094 2.7087268 2.6680633 2.7041910 2.7081397 2.6749402 2.7859343 2.7145542 2.6452715 2.7343350 2.6890673 2.7567096 2.7243848 2.7919968 2.7477407 2.7669852 2.7913368 2.8128121 2.8066295 2.7287788 2.6918652 2.8032765 2.9694694 5.9340173 3.4801114 3.4488094 3.4110930 2.8382623 2.7463826 2.7463826 2.7359134 2.5599439 2.5961169 
ON0528011_Temnothorax_104 0.1103531 0.0015874 0.0000010 0.0023850 0.0015860 0.0015837 0.0007909 0.0007909 0.0007909 0.0007909 0.0007909 0.0007993 0.0007915 0.0000000 0.0000010 0.0000010 0.0000010 0.0000010 0.0000010 0.0000010 0.0000010 0.0000010 0.0000010 0.0000010 0.0000010 0.0000010 0.0007918 0.0007921 0.0007915 0.0007909 0.0007909 0.0015883 0.0000010 0.0214950 0.0163943 0.0163943 0.0199019 0.0146414 0.0146699 0.0146699 0.2487009 0.2487009 0.2424614 0.2372888 0.2379575 0.2472923 0.2357734 0.2392771 0.2382283 0.2424442 0.2369605 0.2414245 0.2372754 0.2375153 0.2393323 0.2388411 0.2299352 0.2246220 0.2171188 0.2205578 0.2210604 0.2214974 0.2229790 0.2195961 0.2264556 0.2255187 0.2232637 0.2246219 0.2244745 0.2203567 0.2227504 0.2231944 0.2261647 0.2227278 0.2208353 0.2225065 0.2204012 0.2222857 0.2234873 0.2236690 0.2223746 0.2234764 3.5757806 3.1691825 2.8784580 2.6317968 2.5965861 2.6554390 2.5328322 2.5644522 4.3290052 5.7877922 3.0751111 3.1940882 3.1866272 2.7772460 3.3869803 3.4756768 2.8384028 2.8539886 2.8375116 2.5039824 2.8026281 2.6186359 2.8489413 2.8489413 2.9613594 3.0434659 3.0534686 2.9453206 2.8678878 3.0578429 2.5378829 2.9434865 2.7851716 2.7833056 2.7299617 2.7167094 2.7087268 2.6680633 2.7041910 2.7081397 2.6749402 2.7859343 2.7145542 2.6452715 2.7343350 2.6890673 2.7567096 2.7243848 2.7919968 2.7477407 2.7669852 2.7913368 2.8128121 2.8066295 2.7287788 2.6918652 2.8032765 2.9694694 5.9340173 3.4801114 3.4488094 3.4110930 2.8382623 2.7463826 2.7463826 2.7359134 2.5599439 2.5961169 
ON0528021_Temnothorax_103 0.1108286 0.0022023 0.0000010 0.0022790 0.0021944 0.0014584 0.0007284 0.0007284 0.0007455 0.0030371 0.0007332 0.0007621 0.0007289 0.0000010 0.0000000 0.0000010 0.0000010 0.0007291 0.0007279 0.0000010 0.0007674 0.0000010 0.0000010 0.0000010 0.0000010 0.0000010 0.0007291 0.0007294 0.0007289 0.0007318 0.0007284 0.0014623 0.0000010 0.0205072 0.0166190 0.0158630 0.0214496 0.0142388 0.0150071 0.0150071 0.2423215 0.2423215 0.2420249 0.2368965 0.2375614 0.2468179 0.2353951 0.2388713 0.2378321 0.2420077 0.2365738 0.2409952 0.2368856 0.2371232 0.2389230 0.2384294 0.2295831 0.2243189 0.2168904 0.2203022 0.2208003 0.2212332 0.2227018 0.2193374 0.2261448 0.2252226 0.2229748 0.2243261 0.2241857 0.2201029 0.2224753 0.2229116 0.2258565 0.2224527 0.2205771 0.2222334 0.2201470 0.2220147 0.2232053 0.2233819 0.2220922 0.2231891 3.5757806 3.1691825 2.8784580 2.6317968 2.5965861 2.6554390 2.5328322 2.5644522 4.3290052 8.2171985 3.0751111 3.1940882 3.1866272 2.7772460 3.3869803 3.4756768 2.8384028 2.8539886 2.8375116 2.5039824 2.8026281 2.6186359 2.8489413 2.8489413 2.9613594 3.0434659 3.0534686 2.9453206 2.8678878 3.0578429 2.5378829 2.9434865 2.7851716 2.7833056 2.7299617 2.7167094 2.7087268 2.6680633 2.7041910 2.7081397 2.6749402 2.7859343 2.7145542 2.6452715 2.7343350 2.6890673 2.7567096 2.7243848 2.7919968 2.7477407 2.7669852 2.7913368 2.8128121 2.8066295 2.7287788 2.6918652 2.8032765 2.9694694 5.9340173 3.4801114 3.4488094 3.4110930 2.8382623 2.7463826 2.7463826 2.7359134 2.5599439 2.5961169 
ON0528041_Temnothorax_101 0.1105174 0.0022152 0.0000010 0.0022928 0.0022072 0.0014669 0.0007326 0.0007326 0.0007500 0.0007556 0.0007337 0.0007621 0.0007331 0.0000010 0.0000010 0.0000000 0.0000010 0.0007334 0.0007321 0.0000010 0.0007721 0.0000010 0.0000010 0.0000010 0.0000010 0.0000010 0.0007334 0.0007336 0.0007331 0.0007326 0.0007326 0.0014708 0.0000010 0.0206310 0.0167189 0.0159584 0.0215803 0.0142388 0.0150967 0.0150967 0.2407534 0.2407534 0.2424614 0.2372888 0.2379575 0.2472923 0.2357734 0.2392771 0.2382283 0.2424442 0.2369605 0.2414245 0.2372754 0.2375153 0.2393323 0.2388411 0.2299352 0.2246220 0.2171188 0.2205578 0.2210604 0.2214974 0.2229790 0.2195961 0.2264556 0.2255187 0.2232637 0.2246219 0.2244745 0.2203567 0.2227504 0.2231944 0.2261647 0.2227278 0.2208353 0.2225065 0.2204012 0.2222857 0.2234873 0.2236690 0.2223746 0.2234764 3.5757806 3.1691825 2.8784580 2.6317968 2.5965861 2.6554390 2.5328322 2.5644522 4.3290052 8.2171985 3.0751111 3.1940882 3.1866272 2.7772460 3.3869803 3.4756768 2.8384028 2.8539886 2.8375116 2.5039824 2.8026281 2.6186359 2.8489413 2.8489413 2.9613594 3.0434659 3.0534686 2.9453206 2.8678878 3.0578429 2.5378829 2.9434865 2.7851716 2.7833056 2.7299617 2.7167094 2.7087268 2.6680633 2.7041910 2.7081397 2.6749402 2.7859343 2.7145542 2.6452715 2.7343350 2.6890673 2.7567096 2.7243848 2.7919968 2.7477407 2.7669852 2.7913368 2.8128121 2.8066295 2.7287788 2.6918652 2.8032765 2.9694694 5.9340173 3.4801114 3.4488094 3.4110930 2.8382623 2.7463826 2.7463826 2.7359134 2.5599439 2.5961169 
ON0528121_Temnothorax_93  0.1107361 0.0022006 0.0000010 0.0022772 0.0021928 0.0014573 0.0007284 0.0007279 0.0007455 0.0030371 0.0007332 0.0007621 0.0007284 0.0000010 0.0000010 0.0000010 0.0000000 0.0007286 0.0007274 0.0000010 0.0007674 0.0000010 0.0000010 0.0000010 0.0000010 0.0000010 0.0007286 0.0007289 0.0007284 0.0007318 0.0007279 0.0014612 0.0000010 0.0204915 0.0166063 0.0158509 0.0214331 0.0142388 0.0149957 0.0149957 0.2421053 0.2421053 0.2420249 0.2368965 0.2375614 0.2468179 0.2353951 0.2388713 0.2378321 0.2420077 0.2365738 0.2409952 0.2368856 0.2371232 0.2389230 0.2384294 0.2295831 0.2243189 0.2168904 0.2203022 0.2208003 0.2212332 0.2227018 0.2193374 0.2261448 0.2252226 0.2229748 0.2243261 0.2241857 0.2201029 0.2224753 0.2229116 0.2258565 0.2224527 0.2205771 0.2222334 0.2201470 0.2220147 0.2232053 0.2233819 0.2220922 0.2231891 3.5757806 3.1691825 2.8784580 2.6317968 2.5965861 2.6554390 2.5328322 2.5644522 4.3290052 8.2171985 3.0751111 3.1940882 3.1866272 2.7772460 3.3869803 3.4756768 2.8384028 2.8539886 2.8375116 2.5039824 2.8026281 2.6186359 2.8489413 2.8489413 2.9613594 3.0434659 3.0534686 2.9453206 2.8678878 3.0578429 2.5378829 2.9434865 2.7851716 2.7833056 2.7299617 2.7167094 2.7087268 2.6680633 2.7041910 2.7081397 2.6749402 2.7859343 2.7145542 2.6452715 2.7343350 2.6890673 2.7567096 2.7243848 2.7919968 2.7477407 2.7669852 2.7913368 2.8128121 2.8066295 2.7287788 2.6918652 2.8032765 2.9694694 5.9340173 3.4801114 3.4488094 3.4110930 2.8382623 2.7463826 2.7463826 2.7359134 2.5599439 2.5961169 
ON0528031_Temnothorax_102 0.1119875 0.0029411 0.0000010 0.0022763 0.0029307 0.0021911 0.0014603 0.0014592 0.0007453 0.0038068 0.0014704 0.0007621 0.0014602 0.0000010 0.0007291 0.0007334 0.0007286 0.0000000 0.0014582 0.0000010 0.0007671 0.0000010 0.0007283 0.0007283 0.0007283 0.0007283 0.0014607 0.0014612 0.0014608 0.0014671 0.0014598 0.0021970 0.0011352 0.0213038 0.0174046 0.0166473 0.0222551 0.0151811 0.0157846 0.0157846 0.2440271 0.2440271 0.2417782 0.2366579 0.2373230 0.2465656 0.2351597 0.2386316 0.2375946 0.2417609 0.2363374 0.2407492 0.2366485 0.2368856 0.2386816 0.2381848 0.2293411 0.2240874 0.2166803 0.2200877 0.2205846 0.2210165 0.2224821 0.2191149 0.2259162 0.2250005 0.2227474 0.2241002 0.2239643 0.2198888 0.2222560 0.2226886 0.2256286 0.2222334 0.2203618 0.2220147 0.2199327 0.2217964 0.2229843 0.2231578 0.2218653 0.2229640 3.5757806 3.1691825 2.8784580 2.6317968 2.5965861 2.6554390 2.5328322 2.5644522 4.3290052 8.3435194 3.0751111 3.1940882 3.1866272 2.7772460 3.3869803 3.4756768 2.8384028 2.8539886 2.8375116 2.5039824 2.8026281 2.6186359 2.8489413 2.8489413 2.9613594 3.0434659 3.0534686 2.9453206 2.8678878 3.0578429 2.5378829 2.9434865 2.7851716 2.7833056 2.7299617 2.7167094 2.7087268 2.6680633 2.7041910 2.7081397 2.6749402 2.7859343 2.7145542 2.6452715 2.7343350 2.6890673 2.7567096 2.7243848 2.7919968 2.7477407 2.7669852 2.7913368 2.8128121 2.8066295 2.7287788 2.6918652 2.8032765 2.9694694 5.9340173 3.4801114 3.4488094 3.4110930 2.8382623 2.7463826 2.7463826 2.7359134 2.5599439 2.5961169 
ON0527991_Temnothorax_106 0.1126776 0.0028938 0.0000010 0.0030384 0.0028922 0.0021624 0.0014578 0.0014359 0.0014921 0.0045733 0.0014679 0.0015259 0.0014368 0.0000010 0.0007279 0.0007321 0.0007274 0.0014582 0.0000000 0.0007442 0.0007671 0.0000010 0.0007167 0.0007172 0.0007259 0.0007271 0.0014415 0.0014587 0.0014583 0.0014646 0.0014573 0.0021618 0.0011321 0.0217178 0.0173722 0.0166037 0.0218798 0.0151480 0.0155239 0.0155239 0.2391823 0.2406252 0.2417782 0.2366579 0.2373230 0.2465656 0.2351597 0.2386316 0.2375946 0.2417609 0.2363374 0.2407492 0.2366485 0.2368856 0.2386816 0.2381848 0.2293411 0.2240874 0.2166803 0.2200877 0.2205846 0.2210165 0.2224821 0.2191149 0.2259162 0.2250005 0.2227474 0.2241002 0.2239643 0.2198888 0.2222560 0.2226886 0.2256286 0.2222334 0.2203618 0.2220147 0.2199327 0.2217964 0.2229843 0.2231578 0.2218653 0.2229640 3.5757806 3.1691825 2.8784580 2.6317968 2.5965861 2.6554390 2.5328322 2.5644522 4.3290052 8.2717029 3.0751111 3.1940882 3.1866272 2.7772460 3.3869803 3.4756768 2.8384028 2.8539886 2.8375116 2.5039824 2.8026281 2.6186359 2.8489413 2.8489413 2.9613594 3.0434659 3.0534686 2.9453206 2.8678878 3.0578429 2.5378829 2.9434865 2.7851716 2.7833056 2.7299617 2.7167094 2.7087268 2.6680633 2.7041910 2.7081397 2.6749402 2.7859343 2.7145542 2.6452715 2.7343350 2.6890673 2.7567096 2.7243848 2.7919968 2.7477407 2.7669852 2.7913368 2.8128121 2.8066295 2.7287788 2.6918652 2.8032765 2.9694694 5.9340173 3.4801114 3.4488094 3.4110930 2.8382623 2.7463826 2.7463826 2.7359134 2.5599439 2.5961169 
ON0527981_Temnothorax_107 0.1093449 0.0022518 0.0000010 0.0022763 0.0014931 0.0014910 0.0007453 0.0007447 0.0007453 0.0038068 0.0007494 0.0007621 0.0007452 0.0000010 0.0000010 0.0000010 0.0000010 0.0000010 0.0007442 0.0000000 0.0007671 0.0000010 0.0000010 0.0000010 0.0000010 0.0000010 0.0007454 0.0007457 0.0007455 0.0007488 0.0007450 0.0014951 0.0000010 0.0201889 0.0154047 0.0154047 0.0211084 0.0137179 0.0145706 0.0145706 0.2482633 0.2482633 0.2417782 0.2366579 0.2373230 0.2465656 0.2351597 0.2386316 0.2375946 0.2417609 0.2363374 0.2407492 0.2366485 0.2368856 0.2386816 0.2381848 0.2293411 0.2240874 0.2166803 0.2200877 0.2205846 0.2210165 0.2224821 0.2191149 0.2259162 0.2250005 0.2227474 0.2241002 0.2239643 0.2198888 0.2222560 0.2226886 0.2256286 0.2222334 0.2203618 0.2220147 0.2199327 0.2217964 0.2229843 0.2231578 0.2218653 0.2229640 3.5757806 3.1691825 2.8784580 2.6317968 2.5965861 2.6554390 2.5328322 2.5644522 4.3290052 7.6921535 3.0751111 3.1940882 3.1866272 2.7772460 3.3869803 3.4756768 2.8384028 2.8539886 2.8375116 2.5039824 2.8026281 2.6186359 2.8489413 2.8489413 2.9613594 3.0434659 3.0534686 2.9453206 2.8678878 3.0578429 2.5378829 2.9434865 2.7851716 2.7833056 2.7299617 2.7167094 2.7087268 2.6680633 2.7041910 2.7081397 2.6749402 2.7859343 2.7145542 2.6452715 2.7343350 2.6890673 2.7567096 2.7243848 2.7919968 2.7477407 2.7669852 2.7913368 2.8128121 2.8066295 2.7287788 2.6918652 2.8032765 2.9694694 5.9340173 3.4801114 3.4488094 3.4110930 2.8382623 2.7463826 2.7463826 2.7359134 2.5599439 2.5961169 
ON0527951_Temnothorax_110 0.1120464 0.0023134 0.0000010 0.0030894 0.0023114 0.0023081 0.0015370 0.0015370 0.0015370 0.0046772 0.0015458 0.0015630 0.0015381 0.0000010 0.0007674 0.0007721 0.0007674 0.0007671 0.0007671 0.0007671 0.0000000 0.0000010 0.0007671 0.0007671 0.0007671 0.0007671 0.0015386 0.0015392 0.0015387 0.0015446 0.0015376 0.0023146 0.0012308 0.0216621 0.0167090 0.0167090 0.0201166 0.0151961 0.0150331 0.0150331 0.2563776 0.2563776 0.2417782 0.2366579 0.2373230 0.2465656 0.2351597 0.2386316 0.2375946 0.2417609 0.2363374 0.2407492 0.2366485 0.2368856 0.2386816 0.2381848 0.2293411 0.2240874 0.2166803 0.2200877 0.2205846 0.2210165 0.2224821 0.2191149 0.2259162 0.2250005 0.2227474 0.2241002 0.2239643 0.2198888 0.2222560 0.2226886 0.2256286 0.2222334 0.2203618 0.2220147 0.2199327 0.2217964 0.2229843 0.2231578 0.2218653 0.2229640 3.5757806 3.1691825 2.8784580 2.6317968 2.5965861 2.6554390 2.5328322 2.5644522 4.3290052 6.6375581 3.0751111 3.1940882 3.1866272 2.7772460 3.3869803 3.4756768 2.8384028 2.8539886 2.8375116 2.5039824 2.8026281 2.6186359 2.8489413 2.8489413 2.9613594 3.0434659 3.0534686 2.9453206 2.8678878 3.0578429 2.5378829 2.9434865 2.7851716 2.7833056 2.7299617 2.7167094 2.7087268 2.6680633 2.7041910 2.7081397 2.6749402 2.7859343 2.7145542 2.6452715 2.7343350 2.6890673 2.7567096 2.7243848 2.7919968 2.7477407 2.7669852 2.7913368 2.8128121 2.8066295 2.7287788 2.6918652 2.8032765 2.9694694 5.9340173 3.4801114 3.4488094 3.4110930 2.8382623 2.7463826 2.7463826 2.7359134 2.5599439 2.5961169 
ON0527941_Temnothorax_111 0.1126092 0.0016347 0.0000010 0.0024562 0.0016332 0.0016308 0.0008151 0.0008144 0.0008151 0.0041379 0.0008201 0.0008298 0.0008150 0.0000010 0.0000010 0.0000010 0.0000010 0.0000010 0.0000010 0.0000010 0.0000010 0.0000000 0.0000010 0.0000010 0.0000010 0.0000010 0.0008153 0.0008156 0.0008154 0.0008194 0.0008148 0.0016356 0.0000010 0.0203937 0.0168990 0.0168990 0.0205217 0.0153286 0.0151190 0.0151190 0.2495928 0.2495928 0.2417782 0.2366579 0.2373230 0.2465656 0.2351597 0.2386316 0.2375946 0.2417609 0.2363374 0.2407492 0.2366485 0.2368856 0.2386816 0.2381848 0.2293411 0.2240874 0.2166803 0.2200877 0.2205846 0.2210165 0.2224821 0.2191149 0.2259162 0.2250005 0.2227474 0.2241002 0.2239643 0.2198888 0.2222560 0.2226886 0.2256286 0.2222334 0.2203618 0.2220147 0.2199327 0.2217964 0.2229843 0.2231578 0.2218653 0.2229640 3.5757806 3.1691825 2.8784580 2.6317968 2.5965861 2.6554390 2.5328322 2.5644522 4.3290052 4.5025342 3.0751111 3.1940882 3.1866272 2.7772460 3.3869803 3.4756768 2.8384028 2.8539886 2.8375116 2.5039824 2.8026281 2.6186359 2.8489413 2.8489413 2.9613594 3.0434659 3.0534686 2.9453206 2.8678878 3.0578429 2.5378829 2.9434865 2.7851716 2.7833056 2.7299617 2.7167094 2.7087268 2.6680633 2.7041910 2.7081397 2.6749402 2.7859343 2.7145542 2.6452715 2.7343350 2.6890673 2.7567096 2.7243848 2.7919968 2.7477407 2.7669852 2.7913368 2.8128121 2.8066295 2.7287788 2.6918652 2.8032765 2.9694694 5.9340173 3.4801114 3.4488094 3.4110930 2.8382623 2.7463826 2.7463826 2.7359134 2.5599439 2.5961169 
ON0527931_Temnothorax_112 0.1116768 0.0021681 0.0000010 0.0022763 0.0021669 0.0014392 0.0007281 0.0007167 0.0007453 0.0038068 0.0007332 0.0007621 0.0007167 0.0000010 0.0000010 0.0000010 0.0000010 0.0007283 0.0007167 0.0000010 0.0007671 0.0000010 0.0000000 0.0000010 0.0000010 0.0000010 0.0007193 0.0007286 0.0007284 0.0007315 0.0007279 0.0014397 0.0000010 0.0209477 0.0165996 0.0158324 0.0211035 0.0142388 0.0147695 0.0147695 0.2406027 0.2420532 0.2417782 0.2366579 0.2373230 0.2465656 0.2351597 0.2386316 0.2375946 0.2417609 0.2363374 0.2407492 0.2366485 0.2368856 0.2386816 0.2381848 0.2293411 0.2240874 0.2166803 0.2200877 0.2205846 0.2210165 0.2224821 0.2191149 0.2259162 0.2250005 0.2227474 0.2241002 0.2239643 0.2198888 0.2222560 0.2226886 0.2256286 0.2222334 0.2203618 0.2220147 0.2199327 0.2217964 0.2229843 0.2231578 0.2218653 0.2229640 3.5757806 3.1691825 2.8784580 2.6317968 2.5965861 2.6554390 2.5328322 2.5644522 4.3290052 8.2171985 3.0751111 3.1940882 3.1866272 2.7772460 3.3869803 3.4756768 2.8384028 2.8539886 2.8375116 2.5039824 2.8026281 2.6186359 2.8489413 2.8489413 2.9613594 3.0434659 3.0534686 2.9453206 2.8678878 3.0578429 2.5378829 2.9434865 2.7851716 2.7833056 2.7299617 2.7167094 2.7087268 2.6680633 2.7041910 2.7081397 2.6749402 2.7859343 2.7145542 2.6452715 2.7343350 2.6890673 2.7567096 2.7243848 2.7919968 2.7477407 2.7669852 2.7913368 2.8128121 2.8066295 2.7287788 2.6918652 2.8032765 2.9694694 5.9340173 3.4801114 3.4488094 3.4110930 2.8382623 2.7463826 2.7463826 2.7359134 2.5599439 2.5961169 
ON0527921_Temnothorax_113 0.1116768 0.0021697 0.0000010 0.0022763 0.0021669 0.0014392 0.0007281 0.0007172 0.0007453 0.0038068 0.0007332 0.0007621 0.0007172 0.0000010 0.0000010 0.0000010 0.0000010 0.0007283 0.0007172 0.0000010 0.0007671 0.0000010 0.0000010 0.0000000 0.0000010 0.0000010 0.0007193 0.0007286 0.0007284 0.0007315 0.0007279 0.0014408 0.0000010 0.0209635 0.0165996 0.0158324 0.0211195 0.0142388 0.0147805 0.0147805 0.2406027 0.2420532 0.2417782 0.2366579 0.2373230 0.2465656 0.2351597 0.2386316 0.2375946 0.2417609 0.2363374 0.2407492 0.2366485 0.2368856 0.2386816 0.2381848 0.2293411 0.2240874 0.2166803 0.2200877 0.2205846 0.2210165 0.2224821 0.2191149 0.2259162 0.2250005 0.2227474 0.2241002 0.2239643 0.2198888 0.2222560 0.2226886 0.2256286 0.2222334 0.2203618 0.2220147 0.2199327 0.2217964 0.2229843 0.2231578 0.2218653 0.2229640 3.5757806 3.1691825 2.8784580 2.6317968 2.5965861 2.6554390 2.5328322 2.5644522 4.3290052 8.2171985 3.0751111 3.1940882 3.1866272 2.7772460 3.3869803 3.4756768 2.8384028 2.8539886 2.8375116 2.5039824 2.8026281 2.6186359 2.8489413 2.8489413 2.9613594 3.0434659 3.0534686 2.9453206 2.8678878 3.0578429 2.5378829 2.9434865 2.7851716 2.7833056 2.7299617 2.7167094 2.7087268 2.6680633 2.7041910 2.7081397 2.6749402 2.7859343 2.7145542 2.6452715 2.7343350 2.6890673 2.7567096 2.7243848 2.7919968 2.7477407 2.7669852 2.7913368 2.8128121 2.8066295 2.7287788 2.6918652 2.8032765 2.9694694 5.9340173 3.4801114 3.4488094 3.4110930 2.8382623 2.7463826 2.7463826 2.7359134 2.5599439 2.5961169 
ON0527861_Temnothorax_115 0.1104277 0.0021962 0.0000010 0.0022763 0.0021884 0.0014544 0.0007281 0.0007264 0.0007453 0.0038068 0.0007332 0.0007621 0.0007269 0.0000010 0.0000010 0.0000010 0.0000010 0.0007283 0.0007259 0.0000010 0.0007671 0.0000010 0.0000010 0.0000010 0.0000000 0.0000010 0.0007272 0.0007286 0.0007284 0.0007315 0.0007279 0.0014583 0.0000010 0.0204484 0.0165996 0.0158324 0.0213875 0.0142388 0.0149648 0.0149648 0.2412225 0.2412225 0.2417782 0.2366579 0.2373230 0.2465656 0.2351597 0.2386316 0.2375946 0.2417609 0.2363374 0.2407492 0.2366485 0.2368856 0.2386816 0.2381848 0.2293411 0.2240874 0.2166803 0.2200877 0.2205846 0.2210165 0.2224821 0.2191149 0.2259162 0.2250005 0.2227474 0.2241002 0.2239643 0.2198888 0.2222560 0.2226886 0.2256286 0.2222334 0.2203618 0.2220147 0.2199327 0.2217964 0.2229843 0.2231578 0.2218653 0.2229640 3.5757806 3.1691825 2.8784580 2.6317968 2.5965861 2.6554390 2.5328322 2.5644522 4.3290052 8.2171985 3.0751111 3.1940882 3.1866272 2.7772460 3.3869803 3.4756768 2.8384028 2.8539886 2.8375116 2.5039824 2.8026281 2.6186359 2.8489413 2.8489413 2.9613594 3.0434659 3.0534686 2.9453206 2.8678878 3.0578429 2.5378829 2.9434865 2.7851716 2.7833056 2.7299617 2.7167094 2.7087268 2.6680633 2.7041910 2.7081397 2.6749402 2.7859343 2.7145542 2.6452715 2.7343350 2.6890673 2.7567096 2.7243848 2.7919968 2.7477407 2.7669852 2.7913368 2.8128121 2.8066295 2.7287788 2.6918652 2.8032765 2.9694694 5.9340173 3.4801114 3.4488094 3.4110930 2.8382623 2.7463826 2.7463826 2.7359134 2.5599439 2.5961169 
ON0527851_Temnothorax_116 0.1106702 0.0021998 0.0000010 0.0022763 0.0021920 0.0014567 0.0007281 0.0007276 0.0007453 0.0038068 0.0007332 0.0007621 0.0007281 0.0000010 0.0000010 0.0000010 0.0000010 0.0007283 0.0007271 0.0000010 0.0007671 0.0000010 0.0000010 0.0000010 0.0000010 0.0000000 0.0007283 0.0007286 0.0007284 0.0007315 0.0007279 0.0014607 0.0000010 0.0204831 0.0165996 0.0158445 0.0214241 0.0142388 0.0149897 0.0149897 0.2419034 0.2419034 0.2417782 0.2366579 0.2373230 0.2465656 0.2351597 0.2386316 0.2375946 0.2417609 0.2363374 0.2407492 0.2366485 0.2368856 0.2386816 0.2381848 0.2293411 0.2240874 0.2166803 0.2200877 0.2205846 0.2210165 0.2224821 0.2191149 0.2259162 0.2250005 0.2227474 0.2241002 0.2239643 0.2198888 0.2222560 0.2226886 0.2256286 0.2222334 0.2203618 0.2220147 0.2199327 0.2217964 0.2229843 0.2231578 0.2218653 0.2229640 3.5757806 3.1691825 2.8784580 2.6317968 2.5965861 2.6554390 2.5328322 2.5644522 4.3290052 8.2171985 3.0751111 3.1940882 3.1866272 2.7772460 3.3869803 3.4756768 2.8384028 2.8539886 2.8375116 2.5039824 2.8026281 2.6186359 2.8489413 2.8489413 2.9613594 3.0434659 3.0534686 2.9453206 2.8678878 3.0578429 2.5378829 2.9434865 2.7851716 2.7833056 2.7299617 2.7167094 2.7087268 2.6680633 2.7041910 2.7081397 2.6749402 2.7859343 2.7145542 2.6452715 2.7343350 2.6890673 2.7567096 2.7243848 2.7919968 2.7477407 2.7669852 2.7913368 2.8128121 2.8066295 2.7287788 2.6918652 2.8032765 2.9694694 5.9340173 3.4801114 3.4488094 3.4110930 2.8382623 2.7463826 2.7463826 2.7359134 2.5599439 2.5961169 
