150
PQ6726181_Temnothorax_3   0.0000000 0.1141832 0.1182645 0.1103247 0.1121153 0.1129359 0.1102776 0.1112080 0.1089199 0.1144604 0.1101175 0.1096612 0.1134780 0.1108902 0.1113576 0.1110486 0.1112643 0.1125347 0.1132230 0.1098628 0.1125877 0.1131936 0.1122151 0.1122151 0.1109533 0.1111989 0.1142551 0.1125626 0.1100240 0.1119348 0.1123706 0.1148853 0.1259941 0.1152322 0.1091449 0.1068342 0.1141202 0.1168181 0.1107926 0.1107926 0.2311642 0.2300665 0.2339745 0.2331861 0.2313005 0.2359986 0.2323947 0.2281559 0.2316201 0.2339520 0.2277990 0.2329082 0.2306493 0.2308784 0.2308913 0.2248795 0.2166908 0.2115242 0.2066979 0.2086594 0.2091353 0.2095406 0.2092379 0.2100087 0.2139928 0.2151105 0.2136967 0.2096369 0.2107371 0.2084648 0.2090117 0.2107877 0.2136507 0.2089828 0.2089109 0.2087796 0.2085083 0.2085770 0.2096977 0.2112346 0.2109521 0.2084144 3.6307834 3.1741432 3.1608857 2.9203294 2.8767277 2.9586391 2.8049024 2.8405671 4.3723102 8.9999983 3.2951097 3.3265129 3.4134270 2.8827553 3.4849645 3.6124283 3.0019610 2.9647656 2.9729968 2.6102436 2.8785387 2.7270642 2.9865822 2.9865822 3.1303480 3.2166617 3.2193172 3.0735150 2.9233825 3.0950486 2.5883433 2.9172688 2.9223246 2.9203427 2.6712014 2.5997784 2.6810483 2.6424902 2.6793378 2.6814314 2.6475138 2.7613215 2.6933458 2.5344308 2.7068321 2.6845961 2.7267578 2.6978210 2.7617656 2.7197703 2.7382622 2.7655058 2.7845529 2.7802869 2.7003151 2.6626442 2.7795487 2.9000671 6.0225001 3.5526672 3.5216739 3.4831528 2.9196600 2.8128481 2.8128481 2.8335467 2.6478753 2.6849014 
ON0528141_Temnothorax_91  0.1141832 0.0000000 0.0008383 0.0022823 0.0029088 0.0036349 0.0014662 0.0014439 0.0015009 0.0038160 0.0014764 0.0007640 0.0028981 0.0015880 0.0022025 0.0022154 0.0022009 0.0029416 0.0028941 0.0022521 0.0023142 0.0016354 0.0021683 0.0021699 0.0021965 0.0022000 0.0029077 0.0029427 0.0029418 0.0029547 0.0029397 0.0036340 0.0022837 0.0218711 0.0174931 0.0167185 0.0220400 0.0143200 0.0156274 0.0156274 0.2499288 0.2514536 0.2494060 0.2440894 0.2447641 0.2542966 0.2425568 0.2461155 0.2450156 0.2493880 0.2437391 0.2483673 0.2440749 0.2443215 0.2462028 0.2458297 0.2350531 0.2295460 0.2235150 0.2270331 0.2275612 0.2280105 0.2295477 0.2262354 0.2332204 0.2321472 0.2299796 0.2313248 0.2310500 0.2268172 0.2293033 0.2298542 0.2328480 0.2292798 0.2273203 0.2290522 0.2268740 0.2288251 0.2300726 0.2303428 0.2272480 0.2301369 3.6695492 3.2416993 2.9470978 2.6927591 2.6566984 2.7177154 2.5914233 2.6238043 4.4445032 8.2538040 3.1552264 3.2766880 3.2718613 2.8447173 3.4732176 3.5742753 2.9101963 2.9228435 2.9072533 2.5748114 2.8726995 2.6859826 2.9201772 2.9201772 3.0339545 3.1170036 3.1273473 3.0136533 2.9337389 3.1308631 2.5975781 3.0133229 2.8504276 2.8480971 2.7943058 2.7806246 2.7734416 2.7325001 2.7692478 2.7732698 2.7388488 2.8529013 2.7826049 2.7070985 2.7973886 2.7520673 2.8212299 2.7882586 2.8573257 2.8127533 2.8311457 2.8608815 2.8786376 2.8723903 2.7926959 2.7551562 2.8719839 3.0424546 6.1268037 3.5661336 3.5351806 3.4967213 2.9044399 2.8080088 2.8080088 2.8002830 2.6189465 2.6551108 
ON0527961_Temnothorax_109 0.1182645 0.0008383 0.0000000 0.0025276 0.0016805 0.0016778 0.0008378 0.0008378 0.0008378 0.0008378 0.0008378 0.0008378 0.0000010 0.0000010 0.0000010 0.0000010 0.0000010 0.0000010 0.0000010 0.0000010 0.0000010 0.0000010 0.0000010 0.0000010 0.0000010 0.0000010 0.0008388 0.0000010 0.0008385 0.0008378 0.0008378 0.0016831 0.0000010 0.0219359 0.0174218 0.0174218 0.0211742 0.0151183 0.0155820 0.0155820 0.2555784 0.2555784 0.2529001 0.2472643 0.2479626 0.2580550 0.2453687 0.2493818 0.2482100 0.2528823 0.2468688 0.2518129 0.2472281 0.2474919 0.2494998 0.2508109 0.2415674 0.2356288 0.2271056 0.2308200 0.2313872 0.2318697 0.2335127 0.2301498 0.2374790 0.2362405 0.2341117 0.2354713 0.2350951 0.2305887 0.2332521 0.2338959 0.2370794 0.2332285 0.2311305 0.2329839 0.2306514 0.2327399 0.2340793 0.2344199 0.2331481 0.2342279 3.6695492 3.2416993 2.9470978 2.6927591 2.6566984 2.7177154 2.5914233 2.6238043 4.4445032 5.1756670 3.1552264 3.2766880 3.2718613 2.8447173 3.4732176 3.5742753 2.9101963 2.9228435 2.9072533 2.5748114 2.8726995 2.6859826 2.9201772 2.9201772 3.0339545 3.1170036 3.1273473 3.0136533 2.9337389 3.1308631 2.5975781 3.0133229 2.8504276 2.8480971 2.7943058 2.7806246 2.7734416 2.7325001 2.7692478 2.7732698 2.7388488 2.8529013 2.7826049 2.7070985 2.7973886 2.7520673 2.8212299 2.7882586 2.8573257 2.8127533 2.8311457 2.8608815 2.8786376 2.8723903 2.7926959 2.7551562 2.8719839 3.0424546 6.1268037 3.5661336 3.5351806 3.4967213 2.9044399 2.8080088 2.8080088 2.8002830 2.6189465 2.6551108 
ON0528161_Temnothorax_89  0.1103247 0.0022823 0.0025276 0.0000000 0.0007563 0.0038064 0.0015175 0.0015163 0.0015175 0.0046166 0.0015261 0.0015429 0.0030439 0.0023859 0.0022797 0.0022936 0.0022779 0.0022771 0.0030395 0.0022771 0.0030906 0.0024572 0.0022771 0.0022771 0.0022771 0.0022771 0.0030449 0.0030461 0.0030451 0.0030590 0.0030429 0.0038172 0.0036365 0.0196929 0.0148418 0.0148418 0.0189828 0.0130171 0.0132055 0.0132055 0.2559666 0.2559666 0.2486722 0.2433815 0.2440564 0.2535451 0.2418587 0.2454039 0.2443106 0.2486541 0.2430381 0.2476357 0.2433715 0.2436164 0.2454855 0.2451026 0.2343434 0.2288694 0.2228974 0.2264011 0.2269256 0.2273718 0.2288998 0.2255794 0.2325445 0.2314914 0.2293080 0.2306573 0.2303967 0.2261867 0.2286568 0.2291959 0.2321746 0.2286331 0.2266861 0.2284071 0.2262428 0.2281816 0.2294207 0.2296814 0.2265856 0.2294723 3.7104579 3.2771018 2.9795362 2.7272680 2.6901029 2.7527713 2.6238043 2.6566984 4.4939824 7.3782473 3.1929247 3.3181882 3.3193770 2.8831972 3.5142110 3.4890465 2.8670270 2.9552187 2.9393710 2.6476752 2.9059530 2.7203234 2.9525691 2.9525691 3.0426451 3.1258943 3.1627530 3.0477463 2.8827852 3.1654754 2.6325351 3.0506051 2.8862371 2.8840841 2.8315519 2.7327928 2.8085580 2.7665611 2.8034003 2.8081729 2.7734416 2.8879769 2.8203445 2.6618435 2.7538213 2.7037867 2.8573257 2.7448103 2.8109567 2.7679197 2.7862428 2.8095148 2.8328483 2.8275986 2.7482901 2.7109430 2.8221183 2.9961389 6.1268037 3.6052788 3.5740101 3.5351806 2.9364888 2.8388031 2.8388031 2.8310386 2.6472713 2.6839083 
PQ6726161_Temnothorax_5   0.1121153 0.0029088 0.0016805 0.0007563 0.0000000 0.0036226 0.0014612 0.0014433 0.0007465 0.0038127 0.0007343 0.0007634 0.0028970 0.0015866 0.0021950 0.0022078 0.0021934 0.0029316 0.0028929 0.0014935 0.0023122 0.0016339 0.0021674 0.0021674 0.0021890 0.0021925 0.0028979 0.0029327 0.0029318 0.0029446 0.0029297 0.0036325 0.0034251 0.0202471 0.0158319 0.0142866 0.0196107 0.0133331 0.0140604 0.0140604 0.2443330 0.2458131 0.2463759 0.2411176 0.2417993 0.2512385 0.2396116 0.2431468 0.2420647 0.2463571 0.2407929 0.2453367 0.2411218 0.2413634 0.2432113 0.2427938 0.2319863 0.2265677 0.2207390 0.2242272 0.2247443 0.2251843 0.2266955 0.2233151 0.2302818 0.2292856 0.2270277 0.2284041 0.2281886 0.2240157 0.2264548 0.2269595 0.2299163 0.2264306 0.2245071 0.2262078 0.2240701 0.2259855 0.2272080 0.2274389 0.2243093 0.2272174 3.6695492 3.2416993 2.9470978 2.6927591 2.6566984 2.7177154 2.5914233 2.6238043 4.4445032 8.3105832 3.1552264 3.2766880 3.2718613 2.8447173 3.4732176 3.5742753 2.9101963 2.9228435 2.9072533 2.5748114 2.8726995 2.6859826 2.9201772 2.9201772 3.0339545 3.1170036 3.1273473 3.0136533 2.9337389 3.1308631 2.5975781 3.0133229 2.8504276 2.8480971 2.7943058 2.7806246 2.7734416 2.7325001 2.7692478 2.7732698 2.7388488 2.8529013 2.7826049 2.7070985 2.7973886 2.7520673 2.8212299 2.7882586 2.8573257 2.8127533 2.8311457 2.8608815 2.8786376 2.8723903 2.7926959 2.7551562 2.8719839 3.0424546 6.1268037 3.5661336 3.5351806 3.4967213 2.9044399 2.8080088 2.8080088 2.8002830 2.6189465 2.6551108 
PQ6726151_Temnothorax_6   0.1129359 0.0036349 0.0016778 0.0038064 0.0036226 0.0000000 0.0021911 0.0021643 0.0022428 0.0053460 0.0022063 0.0022937 0.0021658 0.0015842 0.0014587 0.0014672 0.0014576 0.0021917 0.0021628 0.0014913 0.0023088 0.0016314 0.0014403 0.0014403 0.0014547 0.0014570 0.0021405 0.0021925 0.0021918 0.0007317 0.0007280 0.0028968 0.0011114 0.0209595 0.0166148 0.0158465 0.0211946 0.0132765 0.0148258 0.0148258 0.2404063 0.2416330 0.2445968 0.2393572 0.2400450 0.2494571 0.2378623 0.2413941 0.2403193 0.2445774 0.2390465 0.2435542 0.2393723 0.2396116 0.2414455 0.2410006 0.2319863 0.2265677 0.2190341 0.2225149 0.2230269 0.2234626 0.2249627 0.2215304 0.2285082 0.2275551 0.2252357 0.2266353 0.2264548 0.2223053 0.2247236 0.2252018 0.2281456 0.2246989 0.2227912 0.2244782 0.2223584 0.2242581 0.2254693 0.2256773 0.2243093 0.2254457 3.6695492 3.2416993 2.9470978 2.6927591 2.6566984 2.7177154 2.5914233 2.6238043 4.4445032 8.9999981 3.1552264 3.2766880 3.2718613 2.8447173 3.4732176 3.5742753 2.9101963 2.9228435 2.9072533 2.5748114 2.8726995 2.6859826 2.9201772 2.9201772 3.0339545 3.1170036 3.1273473 3.0136533 2.9337389 3.1308631 2.5975781 3.0133229 2.8504276 2.8480971 2.7943058 2.7806246 2.7734416 2.7325001 2.7692478 2.7732698 2.7388488 2.8529013 2.7826049 2.7070985 2.7973886 2.7520673 2.8212299 2.7882586 2.8573257 2.8127533 2.8311457 2.8608815 2.8786376 2.8723903 2.7926959 2.7551562 2.8719839 3.0424546 6.1268037 3.5661336 3.5351806 3.4967213 2.9044399 2.8080088 2.8080088 2.8002830 2.6189465 2.6551108 
ON0528061_Temnothorax_99  0.1102776 0.0014662 0.0008378 0.0015175 0.0014612 0.0021911 0.0000000 0.0000010 0.0000010 0.0030412 0.0000010 0.0000010 0.0014602 0.0007912 0.0007285 0.0007328 0.0007285 0.0014607 0.0014581 0.0007454 0.0015374 0.0008154 0.0007283 0.0007283 0.0007283 0.0007283 0.0014607 0.0014612 0.0014607 0.0014660 0.0014597 0.0021972 0.0011338 0.0197394 0.0158547 0.0150987 0.0206791 0.0133436 0.0142477 0.0142477 0.2462945 0.2462945 0.2463759 0.2411176 0.2417993 0.2512385 0.2396116 0.2431468 0.2420647 0.2463571 0.2407929 0.2453367 0.2411218 0.2413634 0.2432113 0.2427938 0.2319863 0.2265677 0.2207390 0.2242272 0.2247443 0.2251843 0.2266955 0.2233151 0.2302818 0.2292856 0.2270277 0.2284041 0.2281886 0.2240157 0.2264548 0.2269595 0.2299163 0.2264306 0.2245071 0.2262078 0.2240701 0.2259855 0.2272080 0.2274389 0.2243093 0.2272174 3.6695492 3.2416993 2.9470978 2.6927591 2.6566984 2.7177154 2.5914233 2.6238043 4.4445032 8.4492352 3.1552264 3.2766880 3.2718613 2.8447173 3.4732176 3.5742753 2.9101963 2.9228435 2.9072533 2.5748114 2.8726995 2.6859826 2.9201772 2.9201772 3.0339545 3.1170036 3.1273473 3.0136533 2.9337389 3.1308631 2.5975781 3.0133229 2.8504276 2.8480971 2.7943058 2.7806246 2.7734416 2.7325001 2.7692478 2.7732698 2.7388488 2.8529013 2.7826049 2.7070985 2.7973886 2.7520673 2.8212299 2.7882586 2.8573257 2.8127533 2.8311457 2.8608815 2.8786376 2.8723903 2.7926959 2.7551562 2.8719839 3.0424546 6.1268037 3.5661336 3.5351806 3.4967213 2.9044399 2.8080088 2.8080088 2.8002830 2.6189465 2.6551108 
ON0528081_Temnothorax_97  0.1112080 0.0014439 0.0008378 0.0015163 0.0014433 0.0021643 0.0000010 0.0000000 0.0000010 0.0030412 0.0000010 0.0000010 0.0014381 0.0007912 0.0007285 0.0007328 0.0007280 0.0014596 0.0014361 0.0007448 0.0015374 0.0008147 0.0007167 0.0007172 0.0007266 0.0007277 0.0014428 0.0014601 0.0014596 0.0014660 0.0014586 0.0021639 0.0011338 0.0201991 0.0158426 0.0150757 0.0203530 0.0133436 0.0140272 0.0140272 0.2447435 0.2462278 0.2463759 0.2411176 0.2417993 0.2512385 0.2396116 0.2431468 0.2420647 0.2463571 0.2407929 0.2453367 0.2411218 0.2413634 0.2432113 0.2427938 0.2319863 0.2265677 0.2207390 0.2242272 0.2247443 0.2251843 0.2266955 0.2233151 0.2302818 0.2292856 0.2270277 0.2284041 0.2281886 0.2240157 0.2264548 0.2269595 0.2299163 0.2264306 0.2245071 0.2262078 0.2240701 0.2259855 0.2272080 0.2274389 0.2243093 0.2272174 3.6695492 3.2416993 2.9470978 2.6927591 2.6566984 2.7177154 2.5914233 2.6238043 4.4445032 8.4492352 3.1552264 3.2766880 3.2718613 2.8447173 3.4732176 3.5742753 2.9101963 2.9228435 2.9072533 2.5748114 2.8726995 2.6859826 2.9201772 2.9201772 3.0339545 3.1170036 3.1273473 3.0136533 2.9337389 3.1308631 2.5975781 3.0133229 2.8504276 2.8480971 2.7943058 2.7806246 2.7734416 2.7325001 2.7692478 2.7732698 2.7388488 2.8529013 2.7826049 2.7070985 2.7973886 2.7520673 2.8212299 2.7882586 2.8573257 2.8127533 2.8311457 2.8608815 2.8786376 2.8723903 2.7926959 2.7551562 2.8719839 3.0424546 6.1268037 3.5661336 3.5351806 3.4967213 2.9044399 2.8080088 2.8080088 2.8002830 2.6189465 2.6551108 
ON0528151_Temnothorax_90  0.1089199 0.0015009 0.0008378 0.0015175 0.0007465 0.0022428 0.0000010 0.0000010 0.0000000 0.0030412 0.0000010 0.0000010 0.0014946 0.0007912 0.0007457 0.0007501 0.0007457 0.0007454 0.0014925 0.0007454 0.0015374 0.0008154 0.0007454 0.0007454 0.0007454 0.0007454 0.0014951 0.0014957 0.0014952 0.0015007 0.0014941 0.0022491 0.0011759 0.0194271 0.0146427 0.0146427 0.0203464 0.0127977 0.0138109 0.0138109 0.2528267 0.2528267 0.2463759 0.2411176 0.2417993 0.2512385 0.2396116 0.2431468 0.2420647 0.2463571 0.2407929 0.2453367 0.2411218 0.2413634 0.2432113 0.2427938 0.2319863 0.2265677 0.2207390 0.2242272 0.2247443 0.2251843 0.2266955 0.2233151 0.2302818 0.2292856 0.2270277 0.2284041 0.2281886 0.2240157 0.2264548 0.2269595 0.2299163 0.2264306 0.2245071 0.2262078 0.2240701 0.2259855 0.2272080 0.2274389 0.2243093 0.2272174 3.6695492 3.2416993 2.9470978 2.6927591 2.6566984 2.7177154 2.5914233 2.6238043 4.4445032 7.9093424 3.1552264 3.2766880 3.2718613 2.8447173 3.4732176 3.5742753 2.9101963 2.9228435 2.9072533 2.5748114 2.8726995 2.6859826 2.9201772 2.9201772 3.0339545 3.1170036 3.1273473 3.0136533 2.9337389 3.1308631 2.5975781 3.0133229 2.8504276 2.8480971 2.7943058 2.7806246 2.7734416 2.7325001 2.7692478 2.7732698 2.7388488 2.8529013 2.7826049 2.7070985 2.7973886 2.7520673 2.8212299 2.7882586 2.8573257 2.8127533 2.8311457 2.8608815 2.8786376 2.8723903 2.7926959 2.7551562 2.8719839 3.0424546 6.1268037 3.5661336 3.5351806 3.4967213 2.9044399 2.8080088 2.8080088 2.8002830 2.6189465 2.6551108 
ON0528091_Temnothorax_96  0.1144604 0.0038160 0.0008378 0.0046166 0.0038127 0.0053460 0.0030412 0.0030412 0.0030412 0.0000000 0.0000010 0.0000010 0.0045805 0.0007912 0.0030370 0.0007558 0.0030370 0.0038070 0.0045737 0.0038070 0.0046777 0.0041386 0.0038070 0.0038070 0.0038070 0.0038070 0.0045821 0.0045839 0.0038072 0.0022747 0.0038043 0.0053618 0.0011901 0.0230386 0.0181188 0.0181188 0.0231624 0.0129154 0.0172528 0.0172528 0.2613404 0.2613404 0.2559790 0.2505378 0.2511962 0.2609262 0.2489476 0.2525552 0.2514170 0.2559628 0.2501313 0.2549422 0.2504822 0.2507396 0.2526929 0.2524183 0.2417191 0.2360206 0.2295455 0.2331272 0.2336795 0.2341491 0.2357427 0.2325837 0.2396038 0.2383608 0.2363954 0.2376705 0.2372647 0.2329022 0.2354906 0.2361435 0.2392166 0.2354685 0.2334308 0.2352306 0.2329643 0.2349932 0.2362951 0.2366520 0.2336367 0.2364808 3.6695492 3.2416993 2.9470978 2.6927591 2.6566984 2.7177154 2.5914233 2.6238043 4.4445032 7.5697141 3.1552264 3.2766880 3.2718613 2.8447173 3.4732176 3.5742753 2.9101963 2.9228435 2.9072533 2.5748114 2.8726995 2.6859826 2.9201772 2.9201772 3.0339545 3.1170036 3.1273473 3.0136533 2.9337389 3.1308631 2.5975781 3.0133229 2.8504276 2.8480971 2.7943058 2.7806246 2.7734416 2.7325001 2.7692478 2.7732698 2.7388488 2.8529013 2.7826049 2.7070985 2.7973886 2.7520673 2.8212299 2.7882586 2.8573257 2.8127533 2.8311457 2.8608815 2.8786376 2.8723903 2.7926959 2.7551562 2.8719839 3.0424546 6.1268037 3.5661336 3.5351806 3.4967213 2.9044399 2.8080088 2.8080088 2.8002830 2.6189465 2.6551108 
ON0528071_Temnothorax_98  0.1101175 0.0014764 0.0008378 0.0015261 0.0007343 0.0022063 0.0000010 0.0000010 0.0000010 0.0000010 0.0000000 0.0000010 0.0014703 0.0007912 0.0007333 0.0007339 0.0007333 0.0014708 0.0014682 0.0007495 0.0015463 0.0008204 0.0007333 0.0007333 0.0007333 0.0007333 0.0014708 0.0014713 0.0014703 0.0014693 0.0014693 0.0022124 0.0011364 0.0198818 0.0159684 0.0151842 0.0207980 0.0133671 0.0143492 0.0143492 0.2451041 0.2451041 0.2468388 0.2415329 0.2422187 0.2517418 0.2400121 0.2435767 0.2424840 0.2468200 0.2412022 0.2457919 0.2415345 0.2417786 0.2436450 0.2432308 0.2323434 0.2268721 0.2209790 0.2244963 0.2250184 0.2254626 0.2269879 0.2235880 0.2306109 0.2295986 0.2273329 0.2287168 0.2284933 0.2242828 0.2267450 0.2272582 0.2302418 0.2267207 0.2247791 0.2264957 0.2243378 0.2262712 0.2275056 0.2277424 0.2245918 0.2275208 3.6695492 3.2416993 2.9470978 2.6927591 2.6566984 2.7177154 2.5914233 2.6238043 4.4445032 8.4361130 3.1552264 3.2766880 3.2718613 2.8447173 3.4732176 3.5742753 2.9101963 2.9228435 2.9072533 2.5748114 2.8726995 2.6859826 2.9201772 2.9201772 3.0339545 3.1170036 3.1273473 3.0136533 2.9337389 3.1308631 2.5975781 3.0133229 2.8504276 2.8480971 2.7943058 2.7806246 2.7734416 2.7325001 2.7692478 2.7732698 2.7388488 2.8529013 2.7826049 2.7070985 2.7973886 2.7520673 2.8212299 2.7882586 2.8573257 2.8127533 2.8311457 2.8608815 2.8786376 2.8723903 2.7926959 2.7551562 2.8719839 3.0424546 6.1268037 3.5661336 3.5351806 3.4967213 2.9044399 2.8080088 2.8080088 2.8002830 2.6189465 2.6551108 
ON0528131_Temnothorax_92  0.1096612 0.0007640 0.0008378 0.0015429 0.0007634 0.0022937 0.0000010 0.0000010 0.0000010 0.0000010 0.0000010 0.0000000 0.0015285 0.0007995 0.0007623 0.0007623 0.0007623 0.0007623 0.0015263 0.0007623 0.0015635 0.0008300 0.0007623 0.0007623 0.0007623 0.0007623 0.0015290 0.0015296 0.0015285 0.0015274 0.0015274 0.0023003 0.0011873 0.0198832 0.0149843 0.0149843 0.0199885 0.0128918 0.0141317 0.0141317 0.2530269 0.2530269 0.2468223 0.2414616 0.2421548 0.2517764 0.2396813 0.2435268 0.2424231 0.2468033 0.2411281 0.2457644 0.2414637 0.2417102 0.2435955 0.2447591 0.2338040 0.2282478 0.2222168 0.2257739 0.2263049 0.2267567 0.2283055 0.2249113 0.2319965 0.2309399 0.2286998 0.2300796 0.2298263 0.2255567 0.2280590 0.2285978 0.2316214 0.2280348 0.2260620 0.2278059 0.2256133 0.2275776 0.2288328 0.2290899 0.2259314 0.2288739 3.6695492 3.2416993 2.9470978 2.6927591 2.6566984 2.7177154 2.5914233 2.6238043 4.4445032 7.5807371 3.1552264 3.2766880 3.2718613 2.8447173 3.4732176 3.5742753 2.9101963 2.9228435 2.9072533 2.5748114 2.8726995 2.6859826 2.9201772 2.9201772 3.0339545 3.1170036 3.1273473 3.0136533 2.9337389 3.1308631 2.5975781 3.0133229 2.8504276 2.8480971 2.7943058 2.7806246 2.7734416 2.7325001 2.7692478 2.7732698 2.7388488 2.8529013 2.7826049 2.7070985 2.7973886 2.7520673 2.8212299 2.7882586 2.8573257 2.8127533 2.8311457 2.8608815 2.8786376 2.8723903 2.7926959 2.7551562 2.8719839 3.0424546 6.1268037 3.5661336 3.5351806 3.4967213 2.9044399 2.8080088 2.8080088 2.8002830 2.6189465 2.6551108 
ON0527971_Temnothorax_108 0.1134780 0.0028981 0.0000010 0.0030439 0.0028970 0.0021658 0.0014602 0.0014381 0.0014946 0.0045805 0.0014703 0.0015285 0.0000000 0.0007918 0.0007291 0.0007333 0.0007285 0.0014606 0.0014371 0.0007454 0.0015385 0.0008153 0.0007178 0.0007183 0.0007271 0.0007282 0.0014438 0.0014611 0.0014606 0.0014670 0.0014596 0.0021654 0.0011351 0.0217741 0.0174155 0.0166445 0.0219414 0.0151896 0.0155598 0.0155598 0.2452294 0.2467187 0.2469794 0.2417041 0.2423852 0.2518525 0.2401913 0.2437349 0.2426481 0.2469608 0.2413740 0.2459392 0.2417046 0.2419474 0.2438039 0.2433947 0.2344336 0.2289554 0.2212641 0.2247622 0.2252821 0.2257243 0.2272424 0.2238706 0.2308496 0.2298374 0.2275940 0.2289661 0.2287390 0.2245496 0.2270007 0.2275147 0.2304822 0.2269766 0.2250439 0.2267525 0.2246045 0.2265290 0.2277578 0.2279965 0.2266698 0.2277777 3.6695492 3.2416993 2.9470978 2.6927591 2.6566984 2.7177154 2.5914233 2.6238043 4.4445032 8.4492352 3.1552264 3.2766880 3.2718613 2.8447173 3.4732176 3.5742753 2.9101963 2.9228435 2.9072533 2.5748114 2.8726995 2.6859826 2.9201772 2.9201772 3.0339545 3.1170036 3.1273473 3.0136533 2.9337389 3.1308631 2.5975781 3.0133229 2.8504276 2.8480971 2.7943058 2.7806246 2.7734416 2.7325001 2.7692478 2.7732698 2.7388488 2.8529013 2.7826049 2.7070985 2.7973886 2.7520673 2.8212299 2.7882586 2.8573257 2.8127533 2.8311457 2.8608815 2.8786376 2.8723903 2.7926959 2.7551562 2.8719839 3.0424546 6.1268037 3.5661336 3.5351806 3.4967213 2.9044399 2.8080088 2.8080088 2.8002830 2.6189465 2.6551108 
ON0528011_Temnothorax_104 0.1108902 0.0015880 0.0000010 0.0023859 0.0015866 0.0015842 0.0007912 0.0007912 0.0007912 0.0007912 0.0007912 0.0007995 0.0007918 0.0000000 0.0000010 0.0000010 0.0000010 0.0000010 0.0000010 0.0000010 0.0000010 0.0000010 0.0000010 0.0000010 0.0000010 0.0000010 0.0007920 0.0007924 0.0007918 0.0007912 0.0007912 0.0015889 0.0000010 0.0215213 0.0164113 0.0164113 0.0199294 0.0146571 0.0146840 0.0146840 0.2514986 0.2514986 0.2453155 0.2400216 0.2407132 0.2502204 0.2385092 0.2420736 0.2409865 0.2452962 0.2397028 0.2442649 0.2400326 0.2402750 0.2421306 0.2416924 0.2326145 0.2271333 0.2194998 0.2230134 0.2235315 0.2239723 0.2254891 0.2220411 0.2290794 0.2281039 0.2257828 0.2271879 0.2269948 0.2228014 0.2252473 0.2257380 0.2287125 0.2252226 0.2232933 0.2249993 0.2228554 0.2247765 0.2260020 0.2262189 0.2248488 0.2259884 3.6695492 3.2416993 2.9470978 2.6927591 2.6566984 2.7177154 2.5914233 2.6238043 4.4445032 5.9446617 3.1552264 3.2766880 3.2718613 2.8447173 3.4732176 3.5742753 2.9101963 2.9228435 2.9072533 2.5748114 2.8726995 2.6859826 2.9201772 2.9201772 3.0339545 3.1170036 3.1273473 3.0136533 2.9337389 3.1308631 2.5975781 3.0133229 2.8504276 2.8480971 2.7943058 2.7806246 2.7734416 2.7325001 2.7692478 2.7732698 2.7388488 2.8529013 2.7826049 2.7070985 2.7973886 2.7520673 2.8212299 2.7882586 2.8573257 2.8127533 2.8311457 2.8608815 2.8786376 2.8723903 2.7926959 2.7551562 2.8719839 3.0424546 6.1268037 3.5661336 3.5351806 3.4967213 2.9044399 2.8080088 2.8080088 2.8002830 2.6189465 2.6551108 
ON0528021_Temnothorax_103 0.1113576 0.0022025 0.0000010 0.0022797 0.0021950 0.0014587 0.0007285 0.0007285 0.0007457 0.0030370 0.0007333 0.0007623 0.0007291 0.0000010 0.0000000 0.0000010 0.0000010 0.0007293 0.0007280 0.0000010 0.0007676 0.0000010 0.0000010 0.0000010 0.0000010 0.0000010 0.0007293 0.0007296 0.0007291 0.0007320 0.0007285 0.0014627 0.0000010 0.0205285 0.0166341 0.0158770 0.0214769 0.0142517 0.0150195 0.0150195 0.2450428 0.2450428 0.2448459 0.2395981 0.2402858 0.2497119 0.2381000 0.2416360 0.2405591 0.2448266 0.2392851 0.2438027 0.2396116 0.2398515 0.2416893 0.2412477 0.2322307 0.2268013 0.2192459 0.2227313 0.2232445 0.2236812 0.2251843 0.2217549 0.2287390 0.2277792 0.2254652 0.2268634 0.2266782 0.2225213 0.2249447 0.2254268 0.2283756 0.2249201 0.2230084 0.2246989 0.2225746 0.2244782 0.2256922 0.2259033 0.2245382 0.2256729 3.6695492 3.2416993 2.9470978 2.6927591 2.6566984 2.7177154 2.5914233 2.6238043 4.4445032 8.4492352 3.1552264 3.2766880 3.2718613 2.8447173 3.4732176 3.5742753 2.9101963 2.9228435 2.9072533 2.5748114 2.8726995 2.6859826 2.9201772 2.9201772 3.0339545 3.1170036 3.1273473 3.0136533 2.9337389 3.1308631 2.5975781 3.0133229 2.8504276 2.8480971 2.7943058 2.7806246 2.7734416 2.7325001 2.7692478 2.7732698 2.7388488 2.8529013 2.7826049 2.7070985 2.7973886 2.7520673 2.8212299 2.7882586 2.8573257 2.8127533 2.8311457 2.8608815 2.8786376 2.8723903 2.7926959 2.7551562 2.8719839 3.0424546 6.1268037 3.5661336 3.5351806 3.4967213 2.9044399 2.8080088 2.8080088 2.8002830 2.6189465 2.6551108 
ON0528041_Temnothorax_101 0.1110486 0.0022154 0.0000010 0.0022936 0.0022078 0.0014672 0.0007328 0.0007328 0.0007501 0.0007558 0.0007339 0.0007623 0.0007333 0.0000010 0.0000010 0.0000000 0.0000010 0.0007335 0.0007323 0.0000010 0.0007723 0.0000010 0.0000010 0.0000010 0.0000010 0.0000010 0.0007335 0.0007338 0.0007333 0.0007328 0.0007328 0.0014712 0.0000010 0.0206531 0.0167346 0.0159729 0.0216085 0.0142517 0.0151096 0.0151096 0.2434446 0.2434446 0.2453155 0.2400216 0.2407132 0.2502204 0.2385092 0.2420736 0.2409865 0.2452962 0.2397028 0.2442649 0.2400326 0.2402750 0.2421306 0.2416924 0.2326145 0.2271333 0.2194998 0.2230134 0.2235315 0.2239723 0.2254891 0.2220411 0.2290794 0.2281039 0.2257828 0.2271879 0.2269948 0.2228014 0.2252473 0.2257380 0.2287125 0.2252226 0.2232933 0.2249993 0.2228554 0.2247765 0.2260020 0.2262189 0.2248488 0.2259884 3.6695492 3.2416993 2.9470978 2.6927591 2.6566984 2.7177154 2.5914233 2.6238043 4.4445032 8.4492352 3.1552264 3.2766880 3.2718613 2.8447173 3.4732176 3.5742753 2.9101963 2.9228435 2.9072533 2.5748114 2.8726995 2.6859826 2.9201772 2.9201772 3.0339545 3.1170036 3.1273473 3.0136533 2.9337389 3.1308631 2.5975781 3.0133229 2.8504276 2.8480971 2.7943058 2.7806246 2.7734416 2.7325001 2.7692478 2.7732698 2.7388488 2.8529013 2.7826049 2.7070985 2.7973886 2.7520673 2.8212299 2.7882586 2.8573257 2.8127533 2.8311457 2.8608815 2.8786376 2.8723903 2.7926959 2.7551562 2.8719839 3.0424546 6.1268037 3.5661336 3.5351806 3.4967213 2.9044399 2.8080088 2.8080088 2.8002830 2.6189465 2.6551108 
ON0528121_Temnothorax_93  0.1112643 0.0022009 0.0000010 0.0022779 0.0021934 0.0014576 0.0007285 0.0007280 0.0007457 0.0030370 0.0007333 0.0007623 0.0007285 0.0000010 0.0000010 0.0000010 0.0000000 0.0007287 0.0007275 0.0000010 0.0007676 0.0000010 0.0000010 0.0000010 0.0000010 0.0000010 0.0007287 0.0007290 0.0007285 0.0007320 0.0007280 0.0014616 0.0000010 0.0205128 0.0166214 0.0158649 0.0214604 0.0142517 0.0150081 0.0150081 0.2448230 0.2448230 0.2448459 0.2395981 0.2402858 0.2497119 0.2381000 0.2416360 0.2405591 0.2448266 0.2392851 0.2438027 0.2396116 0.2398515 0.2416893 0.2412477 0.2322307 0.2268013 0.2192459 0.2227313 0.2232445 0.2236812 0.2251843 0.2217549 0.2287390 0.2277792 0.2254652 0.2268634 0.2266782 0.2225213 0.2249447 0.2254268 0.2283756 0.2249201 0.2230084 0.2246989 0.2225746 0.2244782 0.2256922 0.2259033 0.2245382 0.2256729 3.6695492 3.2416993 2.9470978 2.6927591 2.6566984 2.7177154 2.5914233 2.6238043 4.4445032 8.4492352 3.1552264 3.2766880 3.2718613 2.8447173 3.4732176 3.5742753 2.9101963 2.9228435 2.9072533 2.5748114 2.8726995 2.6859826 2.9201772 2.9201772 3.0339545 3.1170036 3.1273473 3.0136533 2.9337389 3.1308631 2.5975781 3.0133229 2.8504276 2.8480971 2.7943058 2.7806246 2.7734416 2.7325001 2.7692478 2.7732698 2.7388488 2.8529013 2.7826049 2.7070985 2.7973886 2.7520673 2.8212299 2.7882586 2.8573257 2.8127533 2.8311457 2.8608815 2.8786376 2.8723903 2.7926959 2.7551562 2.8719839 3.0424546 6.1268037 3.5661336 3.5351806 3.4967213 2.9044399 2.8080088 2.8080088 2.8002830 2.6189465 2.6551108 
ON0528031_Temnothorax_102 0.1125347 0.0029416 0.0000010 0.0022771 0.0029316 0.0021917 0.0014607 0.0014596 0.0007454 0.0038070 0.0014708 0.0007623 0.0014606 0.0000010 0.0007293 0.0007335 0.0007287 0.0000000 0.0014585 0.0000010 0.0007673 0.0000010 0.0007285 0.0007285 0.0007285 0.0007285 0.0014611 0.0014616 0.0014611 0.0014675 0.0014601 0.0021978 0.0011357 0.0213276 0.0174218 0.0166632 0.0222853 0.0151961 0.0157988 0.0157988 0.2468011 0.2468011 0.2445968 0.2393572 0.2400450 0.2494571 0.2378623 0.2413941 0.2403193 0.2445774 0.2390465 0.2435542 0.2393723 0.2396116 0.2414455 0.2410006 0.2319863 0.2265677 0.2190341 0.2225149 0.2230269 0.2234626 0.2249627 0.2215304 0.2285082 0.2275551 0.2252357 0.2266353 0.2264548 0.2223053 0.2247236 0.2252018 0.2281456 0.2246989 0.2227912 0.2244782 0.2223584 0.2242581 0.2254693 0.2256773 0.2243093 0.2254457 3.6695492 3.2416993 2.9470978 2.6927591 2.6566984 2.7177154 2.5914233 2.6238043 4.4445032 8.5810000 3.1552264 3.2766880 3.2718613 2.8447173 3.4732176 3.5742753 2.9101963 2.9228435 2.9072533 2.5748114 2.8726995 2.6859826 2.9201772 2.9201772 3.0339545 3.1170036 3.1273473 3.0136533 2.9337389 3.1308631 2.5975781 3.0133229 2.8504276 2.8480971 2.7943058 2.7806246 2.7734416 2.7325001 2.7692478 2.7732698 2.7388488 2.8529013 2.7826049 2.7070985 2.7973886 2.7520673 2.8212299 2.7882586 2.8573257 2.8127533 2.8311457 2.8608815 2.8786376 2.8723903 2.7926959 2.7551562 2.8719839 3.0424546 6.1268037 3.5661336 3.5351806 3.4967213 2.9044399 2.8080088 2.8080088 2.8002830 2.6189465 2.6551108 
ON0527991_Temnothorax_106 0.1132230 0.0028941 0.0000010 0.0030395 0.0028929 0.0021628 0.0014581 0.0014361 0.0014925 0.0045737 0.0014682 0.0015263 0.0014371 0.0000010 0.0007280 0.0007323 0.0007275 0.0014585 0.0000000 0.0007443 0.0007673 0.0000010 0.0007167 0.0007172 0.0007261 0.0007272 0.0014418 0.0014591 0.0014586 0.0014650 0.0014576 0.0021624 0.0011326 0.0217404 0.0173886 0.0166189 0.0219072 0.0151622 0.0155364 0.0155364 0.2418631 0.2433321 0.2445968 0.2393572 0.2400450 0.2494571 0.2378623 0.2413941 0.2403193 0.2445774 0.2390465 0.2435542 0.2393723 0.2396116 0.2414455 0.2410006 0.2319863 0.2265677 0.2190341 0.2225149 0.2230269 0.2234626 0.2249627 0.2215304 0.2285082 0.2275551 0.2252357 0.2266353 0.2264548 0.2223053 0.2247236 0.2252018 0.2281456 0.2246989 0.2227912 0.2244782 0.2223584 0.2242581 0.2254693 0.2256773 0.2243093 0.2254457 3.6695492 3.2416993 2.9470978 2.6927591 2.6566984 2.7177154 2.5914233 2.6238043 4.4445032 8.5053961 3.1552264 3.2766880 3.2718613 2.8447173 3.4732176 3.5742753 2.9101963 2.9228435 2.9072533 2.5748114 2.8726995 2.6859826 2.9201772 2.9201772 3.0339545 3.1170036 3.1273473 3.0136533 2.9337389 3.1308631 2.5975781 3.0133229 2.8504276 2.8480971 2.7943058 2.7806246 2.7734416 2.7325001 2.7692478 2.7732698 2.7388488 2.8529013 2.7826049 2.7070985 2.7973886 2.7520673 2.8212299 2.7882586 2.8573257 2.8127533 2.8311457 2.8608815 2.8786376 2.8723903 2.7926959 2.7551562 2.8719839 3.0424546 6.1268037 3.5661336 3.5351806 3.4967213 2.9044399 2.8080088 2.8080088 2.8002830 2.6189465 2.6551108 
ON0527981_Temnothorax_107 0.1098628 0.0022521 0.0000010 0.0022771 0.0014935 0.0014913 0.0007454 0.0007448 0.0007454 0.0038070 0.0007495 0.0007623 0.0007454 0.0000010 0.0000010 0.0000010 0.0000010 0.0000010 0.0007443 0.0000000 0.0007673 0.0000010 0.0000010 0.0000010 0.0000010 0.0000010 0.0007456 0.0007459 0.0007456 0.0007490 0.0007451 0.0014955 0.0000010 0.0202103 0.0154184 0.0154184 0.0211358 0.0137304 0.0145829 0.0145829 0.2510917 0.2510917 0.2445968 0.2393572 0.2400450 0.2494571 0.2378623 0.2413941 0.2403193 0.2445774 0.2390465 0.2435542 0.2393723 0.2396116 0.2414455 0.2410006 0.2319863 0.2265677 0.2190341 0.2225149 0.2230269 0.2234626 0.2249627 0.2215304 0.2285082 0.2275551 0.2252357 0.2266353 0.2264548 0.2223053 0.2247236 0.2252018 0.2281456 0.2246989 0.2227912 0.2244782 0.2223584 0.2242581 0.2254693 0.2256773 0.2243093 0.2254457 3.6695492 3.2416993 2.9470978 2.6927591 2.6566984 2.7177154 2.5914233 2.6238043 4.4445032 7.9093424 3.1552264 3.2766880 3.2718613 2.8447173 3.4732176 3.5742753 2.9101963 2.9228435 2.9072533 2.5748114 2.8726995 2.6859826 2.9201772 2.9201772 3.0339545 3.1170036 3.1273473 3.0136533 2.9337389 3.1308631 2.5975781 3.0133229 2.8504276 2.8480971 2.7943058 2.7806246 2.7734416 2.7325001 2.7692478 2.7732698 2.7388488 2.8529013 2.7826049 2.7070985 2.7973886 2.7520673 2.8212299 2.7882586 2.8573257 2.8127533 2.8311457 2.8608815 2.8786376 2.8723903 2.7926959 2.7551562 2.8719839 3.0424546 6.1268037 3.5661336 3.5351806 3.4967213 2.9044399 2.8080088 2.8080088 2.8002830 2.6189465 2.6551108 
ON0527951_Temnothorax_110 0.1125877 0.0023142 0.0000010 0.0030906 0.0023122 0.0023088 0.0015374 0.0015374 0.0015374 0.0046777 0.0015463 0.0015635 0.0015385 0.0000010 0.0007676 0.0007723 0.0007676 0.0007673 0.0007673 0.0007673 0.0000000 0.0000010 0.0007673 0.0007673 0.0007673 0.0007673 0.0015391 0.0015397 0.0015392 0.0015450 0.0015380 0.0023155 0.0012314 0.0216876 0.0167257 0.0167257 0.0201435 0.0152120 0.0150469 0.0150469 0.2593957 0.2593957 0.2445968 0.2393572 0.2400450 0.2494571 0.2378623 0.2413941 0.2403193 0.2445774 0.2390465 0.2435542 0.2393723 0.2396116 0.2414455 0.2410006 0.2319863 0.2265677 0.2190341 0.2225149 0.2230269 0.2234626 0.2249627 0.2215304 0.2285082 0.2275551 0.2252357 0.2266353 0.2264548 0.2223053 0.2247236 0.2252018 0.2281456 0.2246989 0.2227912 0.2244782 0.2223584 0.2242581 0.2254693 0.2256773 0.2243093 0.2254457 3.6695492 3.2416993 2.9470978 2.6927591 2.6566984 2.7177154 2.5914233 2.6238043 4.4445032 6.8245109 3.1552264 3.2766880 3.2718613 2.8447173 3.4732176 3.5742753 2.9101963 2.9228435 2.9072533 2.5748114 2.8726995 2.6859826 2.9201772 2.9201772 3.0339545 3.1170036 3.1273473 3.0136533 2.9337389 3.1308631 2.5975781 3.0133229 2.8504276 2.8480971 2.7943058 2.7806246 2.7734416 2.7325001 2.7692478 2.7732698 2.7388488 2.8529013 2.7826049 2.7070985 2.7973886 2.7520673 2.8212299 2.7882586 2.8573257 2.8127533 2.8311457 2.8608815 2.8786376 2.8723903 2.7926959 2.7551562 2.8719839 3.0424546 6.1268037 3.5661336 3.5351806 3.4967213 2.9044399 2.8080088 2.8080088 2.8002830 2.6189465 2.6551108 
ON0527941_Temnothorax_111 0.1131936 0.0016354 0.0000010 0.0024572 0.0016339 0.0016314 0.0008154 0.0008147 0.0008154 0.0041386 0.0008204 0.0008300 0.0008153 0.0000010 0.0000010 0.0000010 0.0000010 0.0000010 0.0000010 0.0000010 0.0000010 0.0000000 0.0000010 0.0000010 0.0000010 0.0000010 0.0008156 0.0008160 0.0008157 0.0008197 0.0008150 0.0016363 0.0000010 0.0204189 0.0169178 0.0169178 0.0205519 0.0153469 0.0151346 0.0151346 0.2525139 0.2525139 0.2445968 0.2393572 0.2400450 0.2494571 0.2378623 0.2413941 0.2403193 0.2445774 0.2390465 0.2435542 0.2393723 0.2396116 0.2414455 0.2410006 0.2319863 0.2265677 0.2190341 0.2225149 0.2230269 0.2234626 0.2249627 0.2215304 0.2285082 0.2275551 0.2252357 0.2266353 0.2264548 0.2223053 0.2247236 0.2252018 0.2281456 0.2246989 0.2227912 0.2244782 0.2223584 0.2242581 0.2254693 0.2256773 0.2243093 0.2254457 3.6695492 3.2416993 2.9470978 2.6927591 2.6566984 2.7177154 2.5914233 2.6238043 4.4445032 4.6228066 3.1552264 3.2766880 3.2718613 2.8447173 3.4732176 3.5742753 2.9101963 2.9228435 2.9072533 2.5748114 2.8726995 2.6859826 2.9201772 2.9201772 3.0339545 3.1170036 3.1273473 3.0136533 2.9337389 3.1308631 2.5975781 3.0133229 2.8504276 2.8480971 2.7943058 2.7806246 2.7734416 2.7325001 2.7692478 2.7732698 2.7388488 2.8529013 2.7826049 2.7070985 2.7973886 2.7520673 2.8212299 2.7882586 2.8573257 2.8127533 2.8311457 2.8608815 2.8786376 2.8723903 2.7926959 2.7551562 2.8719839 3.0424546 6.1268037 3.5661336 3.5351806 3.4967213 2.9044399 2.8080088 2.8080088 2.8002830 2.6189465 2.6551108 
ON0527931_Temnothorax_112 0.1122151 0.0021683 0.0000010 0.0022771 0.0021674 0.0014403 0.0007283 0.0007167 0.0007454 0.0038070 0.0007333 0.0007623 0.0007178 0.0000010 0.0000010 0.0000010 0.0000010 0.0007285 0.0007167 0.0000010 0.0007673 0.0000010 0.0000000 0.0000010 0.0000010 0.0000010 0.0007193 0.0007287 0.0007285 0.0007317 0.0007280 0.0014400 0.0000010 0.0209690 0.0166148 0.0158465 0.0211293 0.0142517 0.0147810 0.0147810 0.2433024 0.2447791 0.2445968 0.2393572 0.2400450 0.2494571 0.2378623 0.2413941 0.2403193 0.2445774 0.2390465 0.2435542 0.2393723 0.2396116 0.2414455 0.2410006 0.2319863 0.2265677 0.2190341 0.2225149 0.2230269 0.2234626 0.2249627 0.2215304 0.2285082 0.2275551 0.2252357 0.2266353 0.2264548 0.2223053 0.2247236 0.2252018 0.2281456 0.2246989 0.2227912 0.2244782 0.2223584 0.2242581 0.2254693 0.2256773 0.2243093 0.2254457 3.6695492 3.2416993 2.9470978 2.6927591 2.6566984 2.7177154 2.5914233 2.6238043 4.4445032 8.4492352 3.1552264 3.2766880 3.2718613 2.8447173 3.4732176 3.5742753 2.9101963 2.9228435 2.9072533 2.5748114 2.8726995 2.6859826 2.9201772 2.9201772 3.0339545 3.1170036 3.1273473 3.0136533 2.9337389 3.1308631 2.5975781 3.0133229 2.8504276 2.8480971 2.7943058 2.7806246 2.7734416 2.7325001 2.7692478 2.7732698 2.7388488 2.8529013 2.7826049 2.7070985 2.7973886 2.7520673 2.8212299 2.7882586 2.8573257 2.8127533 2.8311457 2.8608815 2.8786376 2.8723903 2.7926959 2.7551562 2.8719839 3.0424546 6.1268037 3.5661336 3.5351806 3.4967213 2.9044399 2.8080088 2.8080088 2.8002830 2.6189465 2.6551108 
ON0527921_Temnothorax_113 0.1122151 0.0021699 0.0000010 0.0022771 0.0021674 0.0014403 0.0007283 0.0007172 0.0007454 0.0038070 0.0007333 0.0007623 0.0007183 0.0000010 0.0000010 0.0000010 0.0000010 0.0007285 0.0007172 0.0000010 0.0007673 0.0000010 0.0000010 0.0000000 0.0000010 0.0000010 0.0007193 0.0007287 0.0007285 0.0007317 0.0007280 0.0014411 0.0000010 0.0209848 0.0166148 0.0158465 0.0211454 0.0142517 0.0147921 0.0147921 0.2433024 0.2447791 0.2445968 0.2393572 0.2400450 0.2494571 0.2378623 0.2413941 0.2403193 0.2445774 0.2390465 0.2435542 0.2393723 0.2396116 0.2414455 0.2410006 0.2319863 0.2265677 0.2190341 0.2225149 0.2230269 0.2234626 0.2249627 0.2215304 0.2285082 0.2275551 0.2252357 0.2266353 0.2264548 0.2223053 0.2247236 0.2252018 0.2281456 0.2246989 0.2227912 0.2244782 0.2223584 0.2242581 0.2254693 0.2256773 0.2243093 0.2254457 3.6695492 3.2416993 2.9470978 2.6927591 2.6566984 2.7177154 2.5914233 2.6238043 4.4445032 8.4492352 3.1552264 3.2766880 3.2718613 2.8447173 3.4732176 3.5742753 2.9101963 2.9228435 2.9072533 2.5748114 2.8726995 2.6859826 2.9201772 2.9201772 3.0339545 3.1170036 3.1273473 3.0136533 2.9337389 3.1308631 2.5975781 3.0133229 2.8504276 2.8480971 2.7943058 2.7806246 2.7734416 2.7325001 2.7692478 2.7732698 2.7388488 2.8529013 2.7826049 2.7070985 2.7973886 2.7520673 2.8212299 2.7882586 2.8573257 2.8127533 2.8311457 2.8608815 2.8786376 2.8723903 2.7926959 2.7551562 2.8719839 3.0424546 6.1268037 3.5661336 3.5351806 3.4967213 2.9044399 2.8080088 2.8080088 2.8002830 2.6189465 2.6551108 
ON0527861_Temnothorax_115 0.1109533 0.0021965 0.0000010 0.0022771 0.0021890 0.0014547 0.0007283 0.0007266 0.0007454 0.0038070 0.0007333 0.0007623 0.0007271 0.0000010 0.0000010 0.0000010 0.0000010 0.0007285 0.0007261 0.0000010 0.0007673 0.0000010 0.0000010 0.0000010 0.0000000 0.0000010 0.0007273 0.0007287 0.0007285 0.0007317 0.0007280 0.0014587 0.0000010 0.0204697 0.0166148 0.0158465 0.0214148 0.0142517 0.0149772 0.0149772 0.2439208 0.2439208 0.2445968 0.2393572 0.2400450 0.2494571 0.2378623 0.2413941 0.2403193 0.2445774 0.2390465 0.2435542 0.2393723 0.2396116 0.2414455 0.2410006 0.2319863 0.2265677 0.2190341 0.2225149 0.2230269 0.2234626 0.2249627 0.2215304 0.2285082 0.2275551 0.2252357 0.2266353 0.2264548 0.2223053 0.2247236 0.2252018 0.2281456 0.2246989 0.2227912 0.2244782 0.2223584 0.2242581 0.2254693 0.2256773 0.2243093 0.2254457 3.6695492 3.2416993 2.9470978 2.6927591 2.6566984 2.7177154 2.5914233 2.6238043 4.4445032 8.4492352 3.1552264 3.2766880 3.2718613 2.8447173 3.4732176 3.5742753 2.9101963 2.9228435 2.9072533 2.5748114 2.8726995 2.6859826 2.9201772 2.9201772 3.0339545 3.1170036 3.1273473 3.0136533 2.9337389 3.1308631 2.5975781 3.0133229 2.8504276 2.8480971 2.7943058 2.7806246 2.7734416 2.7325001 2.7692478 2.7732698 2.7388488 2.8529013 2.7826049 2.7070985 2.7973886 2.7520673 2.8212299 2.7882586 2.8573257 2.8127533 2.8311457 2.8608815 2.8786376 2.8723903 2.7926959 2.7551562 2.8719839 3.0424546 6.1268037 3.5661336 3.5351806 3.4967213 2.9044399 2.8080088 2.8080088 2.8002830 2.6189465 2.6551108 
ON0527851_Temnothorax_116 0.1111989 0.0022000 0.0000010 0.0022771 0.0021925 0.0014570 0.0007283 0.0007277 0.0007454 0.0038070 0.0007333 0.0007623 0.0007282 0.0000010 0.0000010 0.0000010 0.0000010 0.0007285 0.0007272 0.0000010 0.0007673 0.0000010 0.0000010 0.0000010 0.0000010 0.0000000 0.0007285 0.0007287 0.0007285 0.0007317 0.0007280 0.0014611 0.0000010 0.0205045 0.0166148 0.0158586 0.0214516 0.0142517 0.0150022 0.0150022 0.2446193 0.2446193 0.2445968 0.2393572 0.2400450 0.2494571 0.2378623 0.2413941 0.2403193 0.2445774 0.2390465 0.2435542 0.2393723 0.2396116 0.2414455 0.2410006 0.2319863 0.2265677 0.2190341 0.2225149 0.2230269 0.2234626 0.2249627 0.2215304 0.2285082 0.2275551 0.2252357 0.2266353 0.2264548 0.2223053 0.2247236 0.2252018 0.2281456 0.2246989 0.2227912 0.2244782 0.2223584 0.2242581 0.2254693 0.2256773 0.2243093 0.2254457 3.6695492 3.2416993 2.9470978 2.6927591 2.6566984 2.7177154 2.5914233 2.6238043 4.4445032 8.4492352 3.1552264 3.2766880 3.2718613 2.8447173 3.4732176 3.5742753 2.9101963 2.9228435 2.9072533 2.5748114 2.8726995 2.6859826 2.9201772 2.9201772 3.0339545 3.1170036 3.1273473 3.0136533 2.9337389 3.1308631 2.5975781 3.0133229 2.8504276 2.8480971 2.7943058 2.7806246 2.7734416 2.7325001 2.7692478 2.7732698 2.7388488 2.8529013 2.7826049 2.7070985 2.7973886 2.7520673 2.8212299 2.7882586 2.8573257 2.8127533 2.8311457 2.8608815 2.8786376 2.8723903 2.7926959 2.7551562 2.8719839 3.0424546 6.1268037 3.5661336 3.5351806 3.4967213 2.9044399 2.8080088 2.8080088 2.8002830 2.6189465 2.6551108 
