200
PQ6726201_Temnothorax_1   0.0000000 0.0000010 0.2386451 0.2616131 0.2523605 0.2482716 0.2505093 7.4254465 0.1396740 0.1398190 0.1500391 0.1404600 0.1400817 0.1398533 0.1432277 0.1395899 0.1409425 0.1438990 0.1389895 0.1437499 0.1434442 0.1404623 0.1410071 0.1431927 0.1447407 0.1415471 0.1411883 0.1408036 0.1405427 0.1394896 0.1406579 0.1407734 0.1422646 0.1394837 4.7872116 4.4565064 0.1397166 0.1313617 0.1294098 0.1366612 0.1309884 0.1292748 0.1295127 0.1303784 0.1311496 0.1277569 0.1296791 0.1308170 0.1306643 0.1297475 5.0876039 5.7363747 5.7596463 6.1177563 5.8112829 5.0636804 4.9634067 5.7235446 5.7871152 5.6790851 5.8189500 4.8912589 5.8730326 5.7072066 5.8756270 5.9338315 6.0061248 5.7772818 5.8189500 4.8214592 5.8683681 6.0495645 6.1724112 5.8066063 6.1255933 5.6579387 6.1759277 5.0219992 5.2849792 5.8641629 5.6604746 0.2588298 0.2400826 0.2428156 0.2486955 0.2449873 0.2439740 0.2427364 0.2643252 0.2611167 0.2583821 0.2612410 0.2528402 0.2543335 0.2548594 0.2633605 0.2528028 0.2530912 0.2543396 0.2522290 0.2514051 0.2549295 0.2530693 0.2596105 0.2549355 0.2498476 0.2593346 0.2533209 0.2641329 0.2679428 0.2607648 0.2513244 0.2513244 0.2559161 0.2518735 0.2526181 6.0420266 4.7017797 6.0420266 6.8434898 5.7281476 5.9329602 5.9677669 6.7949242 6.1867279 6.3312694 4.8372349 5.0735563 4.9273807 5.4721482 5.9906093 4.8116962 4.5880839 4.6451687 5.0300277 4.8767788 4.8109875 5.3711798 5.4752023 5.8556805 5.4825086 4.8982885 5.9960652 5.6543771 6.0509143 6.2034199 6.2353405 5.9146022 5.5518149 6.3383406 6.3334232 5.5799649 5.8534542 5.7051638 5.5367980 5.5727878 5.8336540 5.7327005 6.0629996 6.8205571 6.3407449 5.7797676 7.1735362 4.7785032 6.0016786 6.1182811 4.4098528 5.1604359 5.9894246 5.8490522 4.6436339 5.7144827 4.3522377 5.8984621 6.1354060 5.9295919 4.5399600 4.6292875 5.6923969 6.0093967 5.7917083 5.8225299 5.7823516 4.3215225 5.3389205 4.6614538 5.4397538 5.9687303 4.5672097 6.0010401 5.9913173 4.8569457 5.8685978 4.3204599 4.6292835 5.3813440 5.8872456 5.8558704 6.0523744 5.8013368 
PQ6726191_Temnothorax_2   0.0000010 0.0000000 0.2374580 0.2612388 0.2538654 0.2495135 0.2517644 7.4254465 0.1396740 0.1398190 0.1500391 0.1404600 0.1400817 0.1398533 0.1432277 0.1395899 0.1409425 0.1438990 0.1389895 0.1437499 0.1434442 0.1404623 0.1410071 0.1431927 0.1447407 0.1415471 0.1411883 0.1408036 0.1405427 0.1394896 0.1406579 0.1407734 0.1422646 0.1394837 4.7872116 4.4565064 0.1397166 0.1313617 0.1294098 0.1366612 0.1309884 0.1292748 0.1295127 0.1303784 0.1311496 0.1277569 0.1296791 0.1308170 0.1306643 0.1297475 5.0876039 5.7363747 5.7596463 6.1177563 5.8112829 5.0636804 4.9634067 5.7235446 5.7871152 5.6790851 5.8189500 4.8912589 5.8730326 5.7072066 5.8756270 5.9338315 6.0061248 5.7772818 5.8189500 4.8214592 5.8683681 6.0495645 6.1724112 5.8066063 6.1255933 5.6579387 6.1759277 5.0219992 5.2849792 5.8641629 5.6604746 0.2588298 0.2415151 0.2442615 0.2501882 0.2451589 0.2439740 0.2427364 0.2643252 0.2611167 0.2599340 0.2612410 0.2528402 0.2543335 0.2548594 0.2633605 0.2543120 0.2530912 0.2543396 0.2522290 0.2514051 0.2549295 0.2530693 0.2596105 0.2549355 0.2513418 0.2593346 0.2548353 0.2641329 0.2679428 0.2607648 0.2528262 0.2528262 0.2574506 0.2518735 0.2526181 6.0420266 4.7017797 6.0420266 6.8434898 5.7281476 5.9329602 5.9677669 6.7949242 6.1867279 6.3312694 4.8372349 5.0735563 4.9273807 5.4721482 5.9906093 4.8116962 4.5880839 4.6451687 5.0300277 4.8767788 4.8109875 5.3711798 5.4752023 5.8800090 5.4825086 4.8982885 5.9960652 5.6543771 6.0509143 6.2034199 6.2353405 5.9146022 5.5518149 6.3383406 6.3334232 5.5799649 5.8534542 5.7051638 5.5367980 5.5727878 5.8336540 5.7327005 6.0629996 6.8205571 6.3407449 5.7797676 7.1735362 4.7785032 6.0016786 6.1182811 4.4098528 5.1604359 5.9894246 5.8490522 4.6436339 5.7144827 4.3522377 5.8984621 6.1354060 5.9295919 4.5399600 4.6292875 5.6923969 6.0093967 5.7917083 5.8225299 5.7823516 4.3215225 5.3389205 4.6614538 5.4397538 5.9687303 4.5672097 6.0010401 5.9913173 4.8569457 5.8685978 4.3204599 4.6292835 5.3813440 5.8872456 5.8558704 6.0523744 5.8013368 
PQ6726181_Temnothorax_3   0.2386451 0.2374580 0.0000000 0.1289964 0.1144110 0.1153064 0.1166841 8.0179811 0.2173362 0.2146733 0.2318421 0.2128208 0.2158503 0.2154087 0.2163530 0.2148971 0.2155470 0.2205498 0.2179247 0.2202849 0.2201934 0.2176421 0.2159316 0.2234239 0.2216270 0.2171672 0.2160455 0.2153047 0.2148429 0.2147300 0.2150638 0.2152851 0.2170732 0.2146775 5.5146344 5.1600675 0.2151684 0.2401528 0.2377380 0.2434606 0.2351355 0.2347245 0.2379874 0.2380351 0.2412344 0.2387243 0.2412225 0.2395597 0.2404172 0.2384295 5.2410056 4.9626755 5.0724171 5.5186521 5.1635433 5.1638381 5.0685940 5.0924638 5.0522936 5.0460706 5.0136390 4.9928518 5.3721718 5.4741545 5.5189508 5.0735947 5.2341025 6.2830584 5.0136390 4.9194214 5.0779801 5.2411292 5.9888499 5.0460973 5.3675609 4.9381712 5.0927022 5.2813224 5.0465409 4.9620726 5.4909625 0.1193542 0.1130732 0.1130732 0.1164858 0.1176477 0.1114145 0.1090117 0.1125106 0.1111479 0.1166805 0.1119022 0.1135638 0.1146933 0.1122822 0.1120497 0.1135315 0.1123882 0.1125464 0.1142473 0.1133517 0.1148880 0.1136596 0.1131409 0.1149129 0.1156020 0.1121163 0.1158715 0.1208039 0.1148811 0.1154209 0.1145662 0.1145662 0.1173562 0.1132339 0.1134928 5.1634356 5.5925579 5.1634356 6.2884506 5.7588683 5.2170253 5.1486203 5.0153880 5.0220765 5.0476244 5.4164432 5.1169876 5.1169876 6.1040972 6.5442527 5.1127602 4.7871031 4.8477712 6.1010630 5.9398464 5.8549212 5.0845868 5.3187912 6.4693846 5.5322634 4.9538289 4.8982034 5.0105718 5.2062986 5.4054872 5.1301588 5.1563450 6.2672149 6.5281653 6.5231818 6.3565800 6.4703534 6.2979232 6.1251998 6.3447471 5.7082695 5.6067296 6.1337482 7.2986676 6.5951356 5.3489521 7.5736524 5.7218499 5.3141920 5.6288251 5.1706606 4.9269846 5.2974448 5.0676803 5.6696142 4.8825360 5.1372199 5.4357397 5.7306939 5.1495151 5.4959884 5.4959884 5.8304283 5.5411293 5.4459940 5.3687393 4.9373871 5.0301886 5.2406561 5.5573330 5.3279571 5.3442057 5.3658840 5.0982038 5.6281724 4.7500650 5.4114260 5.0319230 5.6402413 5.8501587 5.1087785 5.3954635 5.7455084 5.5545572 
PQ6726171_Temnothorax_4   0.2616131 0.2612388 0.1289964 0.0000000 0.0034482 0.0011184 0.0000010 8.5105704 0.2663785 0.2678199 0.3002208 0.2481903 0.2574984 0.2564686 0.2555574 0.2552775 0.2607691 0.2741669 0.2716702 0.2735044 0.2682108 0.2678835 0.2700697 0.2848915 0.2703474 0.2667483 0.2665805 0.2647582 0.2636721 0.2593404 0.2642103 0.2647510 0.2647582 0.2591764 6.0345773 5.6505175 0.2603821 0.2852864 0.2757745 0.2922021 0.2750191 0.2750188 0.2763417 0.2804528 0.2871767 0.2774545 0.2871849 0.2723147 0.2761136 0.2772865 6.2052319 6.4422371 6.4422371 6.6893212 6.6093094 6.2515109 6.1750559 6.3965442 6.6093094 6.3965442 6.3254905 6.0023058 7.3849616 6.4624850 6.5376429 6.6893212 6.6893212 6.3680163 6.3254905 5.8381033 6.6572120 6.4562950 6.8786532 6.4101569 6.6893212 6.3965442 6.9850188 6.1750559 6.1489581 6.4562950 6.0910704 0.0164842 0.0177498 0.0177498 0.0282241 0.0290094 0.0203457 0.0191395 0.0036610 0.0011833 0.0022997 0.0011944 0.0000010 0.0000010 0.0000010 0.0011972 0.0011410 0.0011435 0.0011410 0.0000010 0.0000010 0.0011432 0.0000010 0.0000010 0.0000010 0.0011398 0.0000010 0.0011425 0.0000010 0.0012389 0.0000010 0.0000010 0.0000010 0.0000010 0.0000010 0.0000010 5.9571976 7.1675243 5.9571976 6.2920418 6.0084021 5.7537171 6.0436851 5.0048690 6.1622015 5.6257715 6.2334539 5.7692977 5.6693834 6.1482253 6.7554601 5.9723205 5.3439474 5.4653552 6.7976258 6.5176992 6.3561701 5.7560962 5.8306975 6.6269660 6.8736700 5.7698384 6.3553400 6.3965442 6.8417935 6.5260550 6.8998278 6.5171956 7.9477731 8.6386370 8.6317395 7.6985679 7.9245740 7.3576804 7.9812684 7.6516116 6.6893859 6.6893859 6.3037493 7.9589906 7.1428295 5.5618396 7.4111918 5.8337921 6.6893212 6.7326559 5.8419842 6.0243532 6.6893212 6.4422371 5.8097527 6.2811411 5.8207603 6.6524372 7.0029309 6.6893212 6.3132344 6.3132344 7.1214088 6.8518617 6.9383314 6.5741176 6.4101569 5.6166904 6.1576516 6.2471623 6.5231051 6.6893212 6.0614036 6.5260550 6.6722957 5.7248813 6.5741176 5.6230893 5.8097527 6.3680163 6.6893212 6.6524372 6.6524372 6.6808137 
PQ6726161_Temnothorax_5   0.2523605 0.2538654 0.1144110 0.0034482 0.0000000 0.0036437 0.0029150 8.5105704 0.2313955 0.2344143 0.2506361 0.2275768 0.2322788 0.2317990 0.2303557 0.2312423 0.2338382 0.2376449 0.2337359 0.2373582 0.2342292 0.2346415 0.2356359 0.2395150 0.2365416 0.2341311 0.2343957 0.2335817 0.2330821 0.2310695 0.2333246 0.2335676 0.2353599 0.2310052 5.5209317 5.2435705 0.2315460 0.2533150 0.2488828 0.2595591 0.2509571 0.2485322 0.2491462 0.2510799 0.2543673 0.2498393 0.2543599 0.2473498 0.2488891 0.2496038 5.3858552 5.5494570 5.6753615 6.2136096 5.7599209 5.1705277 5.0750832 5.6855888 5.6335481 5.6421110 5.6129115 4.9991244 5.9284192 5.7318531 5.7757961 5.6647756 5.8371479 6.3852157 5.6129115 4.9254979 5.6659502 5.9117793 6.3333100 5.6460906 6.0360958 5.5184477 5.8395910 5.2912551 5.1438282 5.5528533 5.8014102 0.0134386 0.0141681 0.0141681 0.0197939 0.0204182 0.0159572 0.0143952 0.0007602 0.0007504 0.0029273 0.0007673 0.0022054 0.0029460 0.0029485 0.0007556 0.0014513 0.0007382 0.0014690 0.0029609 0.0022200 0.0029485 0.0022071 0.0015946 0.0029495 0.0029096 0.0015015 0.0029139 0.0016896 0.0023245 0.0016419 0.0021796 0.0021796 0.0036550 0.0022009 0.0022046 4.9626912 5.8182203 4.9626912 6.3425309 5.5273389 5.0179994 5.0208501 5.0048690 5.0120073 5.0621161 5.5338189 5.1098741 5.1098741 6.1193898 6.8778446 5.1626640 4.8282966 4.8906266 6.2168562 6.0530407 5.9651405 5.0855440 5.1605690 6.0348133 5.3591494 5.2723713 5.6124081 5.5995666 5.8264690 6.0247556 5.8744272 5.7513189 6.3181998 7.1139953 7.1084761 6.0901541 6.5581156 6.6266326 6.2996550 6.0798159 5.6503667 5.5476322 6.1640897 7.5815980 6.5557199 4.8863252 7.4861107 5.3296785 5.9251558 5.9401478 5.0887366 5.0248417 5.9127496 5.7420892 5.3620315 5.4589191 4.9773507 5.6919620 6.0483470 5.7490942 5.3113999 5.3113999 5.6627664 5.7977142 5.8638970 5.6219359 5.5216208 4.8729041 5.1788692 5.3886030 5.3349798 5.9562002 5.2059732 5.6431344 5.8860665 5.2628214 5.6653838 4.8740702 5.3365833 5.9452841 5.7080428 5.6515110 6.0337050 5.8125163 
PQ6726151_Temnothorax_6   0.2482716 0.2495135 0.1153064 0.0011184 0.0036437 0.0000000 0.0021527 8.5105704 0.2313955 0.2325967 0.2487973 0.2258283 0.2305126 0.2300373 0.2285248 0.2294860 0.2320608 0.2358251 0.2337359 0.2355410 0.2323908 0.2328342 0.2338214 0.2395150 0.2347664 0.2323280 0.2326120 0.2318057 0.2313102 0.2293138 0.2315504 0.2317911 0.2335817 0.2292509 5.5209317 5.2435705 0.2297858 0.2514873 0.2470888 0.2577326 0.2491602 0.2467414 0.2473498 0.2492692 0.2525434 0.2480498 0.2525353 0.2455557 0.2470839 0.2478048 5.3858552 5.5494570 5.6753615 6.2136096 5.7599209 5.1705277 5.0750832 5.6855888 5.6335481 5.6421110 5.6129115 4.9991244 5.9284192 5.7318531 5.7757961 5.6647756 5.8371479 6.3852157 5.6129115 4.9254979 5.6659502 5.9117793 6.3333100 5.6460906 6.0360958 5.5184477 5.8395910 5.2912551 5.1438282 5.5528533 5.8014102 0.0133849 0.0149433 0.0149433 0.0213997 0.0211426 0.0167507 0.0159724 0.0038289 0.0022548 0.0036581 0.0023057 0.0014654 0.0007318 0.0022040 0.0022705 0.0021764 0.0022181 0.0022029 0.0007355 0.0014750 0.0022040 0.0014665 0.0015921 0.0022048 0.0021750 0.0014992 0.0021782 0.0016867 0.0023209 0.0016392 0.0014483 0.0014483 0.0029143 0.0014624 0.0014648 4.9626912 5.8182203 4.9626912 6.3425309 5.5273389 5.0179994 5.0208501 5.0048690 5.0120073 5.0621161 5.5338189 5.1098741 5.1098741 6.1193898 6.8778446 5.1626640 4.8282966 4.8906266 6.2168562 6.0530407 5.9651405 5.0855440 5.1605690 5.8431320 5.3591494 5.2723713 5.6124081 5.5995666 5.8264690 6.0247556 5.8744272 5.7513189 6.3181998 7.1139953 7.1084761 6.0901541 6.5581156 6.6266326 6.2996550 6.0798159 5.6503667 5.5476322 6.1640897 7.5815980 6.5557199 4.8863252 7.4861107 5.3296785 5.9251558 5.9401478 5.0887366 5.0248417 5.9127496 5.7420892 5.3620315 5.4589191 4.9773507 5.6919620 6.0483470 5.7490942 5.3113999 5.3113999 5.6627664 5.7977142 5.8638970 5.6219359 5.5216208 4.8729041 5.1788692 5.3886030 5.3349798 5.9562002 5.2059732 5.6431344 5.8860665 5.2628214 5.6653838 4.8740702 5.3365833 5.9452841 5.7080428 5.6515110 6.0337050 5.8125163 
PQ6726141_Temnothorax_7   0.2505093 0.2517644 0.1166841 0.0000010 0.0029150 0.0021527 0.0000000 8.5105704 0.2341677 0.2353373 0.2516340 0.2268998 0.2316172 0.2311369 0.2296603 0.2305796 0.2331799 0.2385818 0.2365433 0.2382926 0.2351621 0.2355602 0.2365621 0.2424029 0.2374512 0.2350456 0.2353014 0.2344802 0.2339767 0.2319481 0.2342212 0.2344664 0.2362665 0.2318829 5.5933363 5.3125841 0.2324288 0.2543172 0.2498496 0.2605856 0.2519333 0.2494959 0.2501152 0.2520642 0.2553715 0.2508074 0.2553644 0.2483108 0.2498620 0.2505760 5.4520904 5.6257477 5.7546488 6.3098281 5.8390349 5.2462129 5.1494414 5.7636115 5.7097437 5.7201116 5.6912431 5.0716076 6.0127392 5.8105813 5.8547051 5.7424009 5.9177436 6.5017843 5.6912431 4.9961716 5.7433935 6.0018291 6.4327429 5.7245704 6.1269771 5.5935532 5.9275960 5.3711271 5.2264093 5.6296254 5.8897478 0.0152628 0.0157409 0.0157409 0.0222373 0.0219688 0.0175695 0.0167878 0.0030633 0.0015032 0.0029266 0.0015372 0.0007327 0.0014681 0.0014694 0.0015137 0.0014510 0.0014788 0.0014687 0.0014755 0.0007375 0.0014694 0.0007333 0.0007960 0.0014699 0.0014500 0.0007496 0.0014522 0.0008433 0.0015473 0.0008196 0.0007241 0.0007241 0.0021858 0.0007312 0.0007324 5.0291436 5.8865133 5.0291436 6.3425309 5.6088316 5.0846725 5.0879386 5.0048690 5.0826999 5.1405434 5.6049143 5.1768216 5.1768216 6.2059320 6.9801507 5.2291447 4.8897504 4.9533096 6.3004534 6.1352599 6.0453945 5.1531459 5.2299695 5.9038749 5.4285217 5.3514188 5.6949983 5.6764123 5.9037783 6.1187237 5.9623337 5.8301125 6.4028245 7.2150539 7.2094799 6.1710341 6.6400007 6.7177149 6.3806670 6.1600345 5.7262215 5.6221290 6.1514246 7.7136848 6.6404975 4.9536499 7.4861107 5.4198957 6.0075949 6.0237768 5.1595105 5.1074188 5.9955966 5.8214575 5.4499313 5.5331143 5.0485899 5.7698806 6.1247621 5.8285120 5.3825445 5.3825445 5.7438962 5.8768142 5.9423228 5.6981582 5.5971988 4.9422009 5.2597367 5.4693199 5.4124028 6.0390711 5.2791090 5.7229963 5.9664686 5.3419746 5.7422904 4.9436321 5.4230343 6.0496115 5.7869852 5.7289222 6.1240998 5.8921620 
OX3951501_Temnothorax_8   7.4254465 7.4254465 8.0179811 8.5105704 8.5105704 8.5105704 8.5105704 0.0000000 7.4556555 7.5123329 7.3272126 8.4535639 8.3547424 8.5163066 7.0548777 8.5163066 8.6164886 7.8961748 7.1511461 8.0905449 7.3011302 7.7332883 7.9077521 7.1883369 8.3372219 7.9484305 8.6171305 8.8937399 8.7954547 8.7954547 8.7954547 8.7954547 8.8937399 8.8937399 0.2735327 0.2625675 8.7954547 7.8565288 8.5163066 8.8975215 8.4637864 8.3547424 8.5163066 8.5163066 8.9999990 8.5163066 8.1748386 8.5163066 8.2875030 8.1390973 0.1995131 0.2332078 0.2332078 0.2376608 0.2358433 0.2851070 0.2731944 0.2411732 0.2358433 0.2411732 0.2412706 0.2616666 0.2231517 0.2767171 0.2833342 0.2376608 0.2376608 0.2689871 0.2385942 0.2504034 0.2280530 0.2296879 0.2805970 0.2377889 0.2376608 0.2411732 0.2699004 0.2731944 0.3192649 0.2296879 0.2897008 8.5105704 8.6637380 8.5105704 8.9999989 8.3523078 8.5105704 8.5105704 8.5105704 8.5105704 8.5105704 8.5105704 8.5105704 8.5105704 8.5105704 8.5105704 8.5105704 8.5105704 8.5105704 8.5105704 8.5105704 8.5105704 8.5105704 8.5105704 8.5105704 8.5105704 8.5105704 8.5105704 8.5105704 8.5105704 8.5105704 8.5105704 8.5105704 8.5105704 8.5105704 8.5105704 0.2278357 0.3704091 0.2278357 0.2835705 0.2835705 0.2466668 0.2626315 0.3055175 0.2323809 0.2559363 0.1865654 0.1704643 0.1704643 0.2381164 0.2646608 0.1627653 0.1735861 0.1819551 0.0423265 0.0297071 0.0297071 0.2416175 0.2416913 0.3719618 0.2902697 0.1914455 0.2651021 0.2411732 0.2225751 0.2425827 0.2542167 0.2376608 0.2849860 0.2305035 0.2399450 0.2911144 0.3000487 0.3019513 0.3079935 0.2864417 0.2345753 0.2345753 0.2668055 0.3087578 0.2459625 0.2564924 0.2584185 0.3319851 0.2376608 0.2690733 0.2946552 0.2716190 0.2376608 0.2332078 0.3138930 0.2467418 0.3098460 0.2661606 0.2201750 0.2376608 0.2841295 0.2920880 0.2195959 0.2661606 0.2441861 0.2700664 0.2377889 0.3132847 0.2754870 0.3244475 0.2403441 0.2376608 0.3174586 0.2425827 0.2738503 0.2695478 0.2700664 0.3010953 0.3138930 0.2689871 0.2376608 0.2661606 0.2661606 0.2703892 
OP3229671_Temnothorax_9   0.1396740 0.1396740 0.2173362 0.2663785 0.2313955 0.2313955 0.2341677 7.4556555 0.0000000 0.0000010 0.0094447 0.0037219 0.0027768 0.0027768 0.0027768 0.0027768 0.0027768 0.0009228 0.0000010 0.0000010 0.0009223 0.0000010 0.0000010 0.0028278 0.0009206 0.0000010 0.0000010 0.0000010 0.0000010 0.0000010 0.0000010 0.0000010 0.0009206 0.0000010 5.3164937 4.7528028 0.0000010 0.0232003 0.0232003 0.0264894 0.0242763 0.0232003 0.0232003 0.0232003 0.0252270 0.0242013 0.0242013 0.0242144 0.0232451 0.0232227 4.6506972 5.0423086 4.9849324 5.2043843 4.9731487 5.0114644 5.0151514 4.9658566 5.0298914 4.8555609 5.0393944 4.9419265 5.0517625 5.0540676 5.2137900 5.0588078 5.1141672 6.3118327 5.0393944 4.8709981 5.1598622 5.1394176 5.7657271 4.8608583 5.1487943 4.9147111 4.8947089 5.1406246 5.3634875 5.0500860 5.1393419 0.2589322 0.2352148 0.2336087 0.2345311 0.2309765 0.2359334 0.2359334 0.2337556 0.2313955 0.2345070 0.2330870 0.2316452 0.2300216 0.2340935 0.2316452 0.2313955 0.2317342 0.2313955 0.2296000 0.2320017 0.2313955 0.2316452 0.2320017 0.2341822 0.2313955 0.2313955 0.2338399 0.2408142 0.2313955 0.2313955 0.2313955 0.2313955 0.2369678 0.2313955 0.2313955 5.6091280 5.2379659 5.6091280 5.9961224 5.4238831 5.7771120 5.7222533 6.0686624 5.5320547 5.7979399 5.2868901 5.2127933 5.2127933 5.4738855 5.6714335 5.0117629 4.8292400 4.8958190 5.1004433 5.1024681 5.0267331 4.8243640 5.0776922 6.2224719 5.6993518 4.5434498 4.8799140 4.9133995 5.0011724 5.0168545 5.3838101 5.0371872 5.5036131 6.5301403 6.5301403 5.4824815 6.1348095 5.2713264 5.8392920 5.4751294 5.0857868 4.9844819 6.3313039 6.0145868 5.5593317 6.4392667 6.0555075 4.8588321 5.1120746 5.2710635 4.6562152 5.1638282 5.0287525 4.9821373 4.9010233 4.9666433 4.6951589 5.1944754 4.9995612 5.0569431 4.6186332 4.7104811 5.7472373 5.3009600 5.2619783 5.1292169 4.9206698 4.6644992 5.4183118 4.8283615 5.7264988 5.1415204 4.8172068 4.9401975 5.2798320 5.0573822 5.1717779 4.6648430 4.8831138 5.7645665 5.0162511 5.1536455 5.2739997 5.1333728 
OP3229661_Temnothorax_10  0.1398190 0.1398190 0.2146733 0.2678199 0.2344143 0.2325967 0.2353373 7.5123329 0.0000010 0.0000000 0.0102744 0.0036703 0.0027359 0.0027359 0.0027613 0.0027359 0.0027359 0.0009093 0.0000010 0.0000010 0.0009172 0.0000010 0.0000010 0.0028278 0.0027455 0.0000010 0.0000010 0.0000010 0.0000010 0.0000010 0.0000010 0.0000010 0.0009071 0.0000010 5.5174981 4.9623563 0.0000010 0.0228463 0.0228463 0.0260797 0.0239044 0.0228463 0.0228463 0.0228463 0.0248543 0.0238317 0.0238317 0.0238444 0.0229116 0.0228680 4.7890830 5.0423086 4.9849324 5.2043843 4.9731487 5.0114644 5.0151514 4.9658566 5.0298914 4.8555609 5.0393944 4.9419265 5.0517625 5.0540676 5.2137900 5.0588078 5.1141672 6.3118327 5.0393944 4.8709981 5.1598622 5.1394176 5.7657271 4.8608583 5.1487943 4.9147111 4.8947089 5.1406246 5.3634875 5.0500860 5.2292245 0.2623687 0.2381563 0.2365702 0.2418460 0.2339947 0.2388916 0.2388916 0.2367521 0.2344143 0.2375058 0.2361416 0.2328445 0.2312427 0.2352634 0.2346645 0.2344143 0.2347745 0.2344143 0.2308327 0.2332061 0.2325967 0.2328445 0.2332061 0.2353512 0.2325967 0.2325967 0.2350118 0.2419564 0.2325967 0.2325967 0.2325967 0.2325967 0.2381052 0.2325967 0.2325967 5.6773556 5.2066545 5.6773556 6.1044753 5.5048554 5.8421370 5.7863202 6.0686624 5.6015142 5.8679899 5.3609311 5.2877414 5.2877414 5.5519095 5.7477480 5.0899939 4.9102338 4.9762491 5.1816419 5.1838850 5.1085599 4.9060178 5.1545568 6.4206806 5.8827609 4.5434498 4.8799140 4.9133995 5.1423420 5.0168545 5.3838101 5.0371872 5.4995866 6.6467135 6.6467135 5.6047908 6.2487363 5.3454684 5.9564535 5.5971102 5.2252858 5.1251669 6.3179983 6.0919113 5.6949332 6.4892901 6.2652539 4.8588321 5.1120746 5.2710635 4.6562152 5.1638282 5.0287525 4.9821373 4.9010233 4.9666433 4.6951589 5.1944754 5.1403061 5.0569431 4.8132383 4.9052015 5.8838044 5.3009600 5.2619783 5.1292169 4.9206698 4.6644992 5.4183118 4.8283615 5.7325423 5.1415204 4.8172068 4.9401975 5.2798320 5.0573822 5.1717779 4.6648430 4.8831138 5.7645665 5.0162511 5.1536455 5.2739997 5.1333728 
OP3229651_Temnothorax_11  0.1500391 0.1500391 0.2318421 0.3002208 0.2506361 0.2487973 0.2516340 7.3272126 0.0094447 0.0102744 0.0000000 0.0102048 0.0092160 0.0092114 0.0094241 0.0092114 0.0092200 0.0121450 0.0085236 0.0121337 0.0113655 0.0102110 0.0102440 0.0115694 0.0121028 0.0111396 0.0110846 0.0110950 0.0110846 0.0110846 0.0110846 0.0110846 0.0120472 0.0110950 5.8257353 5.2641745 0.0110846 0.0318380 0.0318380 0.0352491 0.0329505 0.0318555 0.0318380 0.0318380 0.0319440 0.0328478 0.0328478 0.0328659 0.0319776 0.0318859 4.9159446 5.0755281 5.0188813 5.2432628 4.9354462 5.0447923 5.0483347 4.9990685 4.9924860 4.8887718 5.0735535 4.9745545 5.0127624 5.1506452 5.3116318 5.0923488 5.1483459 6.4356943 5.0735535 4.9030530 5.1205148 5.1770786 5.8786575 4.8945224 5.1862880 4.9472717 5.0001871 5.1748646 5.4731039 5.0837529 5.4712169 0.2790261 0.2508266 0.2492310 0.2575152 0.2467395 0.2516768 0.2516768 0.2530294 0.2506361 0.2538536 0.2526857 0.2490668 0.2474540 0.2515496 0.2509081 0.2506361 0.2511385 0.2506361 0.2471200 0.2495651 0.2487973 0.2490668 0.2495651 0.2516425 0.2487973 0.2487973 0.2512762 0.2592444 0.2487973 0.2487973 0.2487973 0.2487973 0.2544984 0.2487973 0.2487973 5.9004880 5.2613647 5.9004880 6.4791698 5.7436345 5.9569568 5.9922798 6.5631163 5.8232611 6.1767683 5.3432393 5.2722084 5.2722084 5.5358863 5.9123660 5.1456045 4.9052598 4.9694108 5.4117645 5.4146835 5.3360185 5.0677809 5.3179862 6.5521963 6.0845675 4.5766922 4.9148959 4.9458421 5.2463545 5.0547859 5.4206504 5.0708045 5.7159324 6.6989655 6.6989655 5.9205461 6.4557143 5.5676044 6.1599687 5.9110474 5.2803212 5.1816487 6.2848915 6.3840967 5.9765813 6.5410647 6.4375783 5.0826193 5.1461380 5.3057331 4.7738625 5.2742222 5.0630365 5.0153078 5.1197419 4.9994183 4.8822871 5.2916143 5.1966069 5.0903689 5.0167249 5.1110684 6.0098646 5.3986519 5.2220448 5.2251297 4.9536644 4.8520165 5.5272036 5.0273040 5.8332269 5.1756767 4.9370681 4.9739886 5.3780345 5.2651131 5.2680865 4.8530782 5.0987630 5.8843424 5.0496544 5.2506821 5.3814626 5.1570336 
OP3229641_Temnothorax_12  0.1404600 0.1404600 0.2128208 0.2481903 0.2275768 0.2258283 0.2268998 8.4535639 0.0037219 0.0036703 0.0102048 0.0000000 0.0008882 0.0008873 0.0009178 0.0008863 0.0008927 0.0055093 0.0037518 0.0055043 0.0046467 0.0036498 0.0036614 0.0066827 0.0063115 0.0045625 0.0045182 0.0045111 0.0045048 0.0044796 0.0045069 0.0045091 0.0054256 0.0044809 5.9607786 5.3816496 0.0044838 0.0266029 0.0262885 0.0305480 0.0273133 0.0262706 0.0263024 0.0264447 0.0285750 0.0272313 0.0275501 0.0272788 0.0264721 0.0263475 5.1082848 5.0130513 4.9544790 5.1718185 4.9430802 4.9818233 4.9856641 4.9358893 5.0009791 4.8245454 5.0092752 4.9122606 5.0219610 5.0248582 5.1857147 5.0294195 5.0847418 6.2910632 5.0092752 4.8412046 5.1316371 5.1072193 5.7396519 4.8294686 5.1168373 4.8848614 4.8611642 5.1113822 5.3336538 5.0205048 5.6269250 0.2481558 0.2279875 0.2264596 0.2340884 0.2239006 0.2286090 0.2286090 0.2298137 0.2275768 0.2305136 0.2291153 0.2260592 0.2245150 0.2283712 0.2278100 0.2275768 0.2278676 0.2275768 0.2240884 0.2263538 0.2258283 0.2260592 0.2263538 0.2284540 0.2258283 0.2258283 0.2281368 0.2344241 0.2258283 0.2258283 0.2258283 0.2258283 0.2310739 0.2258283 0.2258283 6.0713681 5.2842845 6.0713681 6.4422876 5.8554846 6.1252049 6.1579126 5.7959230 5.9668071 5.9710463 5.7037627 5.5629562 5.5629562 5.8159711 5.9639994 5.4321339 5.1705866 5.2399228 5.4996528 5.5029429 5.4196220 5.1960895 5.3913517 6.8721033 6.2516714 4.5092792 4.8474736 4.8836483 5.2157798 4.9831344 5.3547860 5.0075285 5.8666020 7.1247678 7.1188611 5.9153583 6.6279377 5.5604886 6.2570260 5.9057298 5.6501812 5.5447842 6.3485293 6.4737954 6.2118018 6.8705848 6.5820283 4.8243651 5.0827315 5.2427244 4.6264660 5.1315630 4.9984204 4.9523651 4.8677469 4.9370816 4.6648430 5.1664281 5.4984225 5.0276409 4.8349933 4.9282094 6.1524274 5.2737754 5.2350888 5.1009036 4.8904760 4.6338643 5.3892955 4.7974579 5.6609754 5.1123750 4.7881362 4.9094618 5.2522933 5.0273586 5.1437503 4.6340890 4.8501234 5.7369131 4.9865844 5.1252338 5.2437647 5.1047315 
OP3229631_Temnothorax_13  0.1400817 0.1400817 0.2158503 0.2574984 0.2322788 0.2305126 0.2316172 8.3547424 0.0027768 0.0027359 0.0092160 0.0008882 0.0000000 0.0000010 0.0000010 0.0000010 0.0000010 0.0045589 0.0027990 0.0045569 0.0036979 0.0027182 0.0027268 0.0056972 0.0063078 0.0036263 0.0035913 0.0035857 0.0035807 0.0035642 0.0035824 0.0035841 0.0044923 0.0035674 5.8382963 5.2674436 0.0035642 0.0254829 0.0251970 0.0284000 0.0262442 0.0252102 0.0251970 0.0253325 0.0274398 0.0261658 0.0264242 0.0261933 0.0253689 0.0252705 5.0060806 5.0130513 4.9544790 5.1718185 4.9430802 4.9818233 4.9856641 4.9358893 5.0009791 4.8245454 5.0092752 4.9122606 5.0219610 5.0248582 5.1857147 5.0294195 5.0847418 6.2910632 5.0092752 4.8412046 5.1316371 5.1072193 5.7396519 4.8294686 5.1168373 4.8848614 4.8611642 5.1113822 5.3336538 5.0205048 5.5799643 0.2543816 0.2326451 0.2311041 0.2388618 0.2285596 0.2333123 0.2333123 0.2345466 0.2322788 0.2352707 0.2339179 0.2307511 0.2291936 0.2330968 0.2325195 0.2322788 0.2326112 0.2322788 0.2287853 0.2310858 0.2305126 0.2307511 0.2310858 0.2331816 0.2305126 0.2305126 0.2328547 0.2394711 0.2305126 0.2305126 0.2305126 0.2305126 0.2358478 0.2305126 0.2305126 5.9476417 5.2479008 5.9476417 6.3839709 5.7204470 6.0015639 6.0369250 5.7959230 5.9357744 5.9879005 5.6640958 5.5237849 5.5237849 5.7709360 6.0215998 5.3230374 5.1327156 5.2016047 5.3800046 5.3829176 5.3025307 5.1539701 5.3478687 6.7217395 6.1314909 4.5092792 4.8474736 4.8836483 5.2295099 4.9831344 5.3547860 5.0075285 5.7448234 6.9731181 6.9673057 5.7938318 6.5025879 5.4455360 6.1395181 5.7850366 5.5335109 5.4299162 6.3062281 6.3006928 6.0830757 6.7304411 6.5247894 4.8243651 5.0827315 5.2427244 4.6264660 5.1315630 4.9984204 4.9523651 4.8677469 4.9370816 4.6648430 5.1664281 5.3842466 5.0276409 4.8473632 4.9407377 6.1187010 5.2737754 5.2350888 5.1009036 4.8904760 4.6338643 5.3892955 4.7974579 5.7090263 5.1123750 4.7881362 4.9094618 5.2522933 5.0273586 5.1437503 4.6340890 4.8501234 5.7369131 4.9865844 5.1252338 5.2437647 5.1047315 
OP3229621_Temnothorax_14  0.1398533 0.1398533 0.2154087 0.2564686 0.2317990 0.2300373 0.2311369 8.5163066 0.0027768 0.0027359 0.0092114 0.0008873 0.0000010 0.0000000 0.0000010 0.0000010 0.0000010 0.0045589 0.0027990 0.0045547 0.0036979 0.0027182 0.0027268 0.0056972 0.0063017 0.0036246 0.0035896 0.0035840 0.0035790 0.0035608 0.0035807 0.0035824 0.0044901 0.0035641 5.9297921 5.3526296 0.0035625 0.0254695 0.0251707 0.0283697 0.0262166 0.0251839 0.0251839 0.0253192 0.0274251 0.0261383 0.0264102 0.0261658 0.0253689 0.0252572 5.0823525 5.0130513 4.9544790 5.1718185 4.9430802 4.9818233 4.9856641 4.9358893 5.0009791 4.8245454 5.0092752 4.9122606 5.0219610 5.0248582 5.1857147 5.0294195 5.0847418 6.2910632 5.0092752 4.8412046 5.1316371 5.1072193 5.7396519 4.8294686 5.1168373 4.8848614 4.8611642 5.1113822 5.3336538 5.0205048 5.5929742 0.2537012 0.2321693 0.2306319 0.2383644 0.2280899 0.2328308 0.2328308 0.2340601 0.2317990 0.2347806 0.2334252 0.2302747 0.2287209 0.2326133 0.2320386 0.2317990 0.2321266 0.2317990 0.2283114 0.2306048 0.2300373 0.2302747 0.2306048 0.2326978 0.2300373 0.2300373 0.2323724 0.2389441 0.2300373 0.2300373 0.2300373 0.2300373 0.2353551 0.2300373 0.2300373 6.0401145 5.2587136 6.0401145 6.4722907 5.8212209 6.0939983 6.1274034 5.7959230 5.9821644 5.9879005 5.6749060 5.5347798 5.5347798 5.7829298 5.9811670 5.4044388 5.1442419 5.2131029 5.4692210 5.4724171 5.3898404 5.1667208 5.3605157 6.8346867 6.2214309 4.5092792 4.8474736 4.8836483 5.2295099 4.9831344 5.3547860 5.0075285 5.8356933 7.0872814 7.0813884 5.8845548 6.5966482 5.5311965 6.2274614 5.8751413 5.6205446 5.5155851 6.3162416 6.4300916 6.1793272 6.8357877 6.6118442 4.8243651 5.0827315 5.2427244 4.6264660 5.1315630 4.9984204 4.9523651 4.8677469 4.9370816 4.6648430 5.1664281 5.4694045 5.0276409 4.8473632 4.9407377 6.1693367 5.2737754 5.2350888 5.1009036 4.8904760 4.6338643 5.3892955 4.7974579 5.7090263 5.1123750 4.7881362 4.9094618 5.2522933 5.0273586 5.1437503 4.6340890 4.8501234 5.7369131 4.9865844 5.1252338 5.2437647 5.1047315 
OP3229611_Temnothorax_15  0.1432277 0.1432277 0.2163530 0.2555574 0.2303557 0.2285248 0.2296603 7.0548777 0.0027768 0.0027613 0.0094241 0.0009178 0.0000010 0.0000010 0.0000000 0.0000010 0.0000010 0.0036997 0.0027990 0.0027613 0.0036979 0.0027613 0.0027639 0.0056972 0.0036904 0.0027613 0.0027613 0.0027613 0.0027613 0.0027613 0.0027613 0.0027613 0.0036904 0.0027613 5.3097737 4.7497893 0.0027613 0.0261336 0.0261336 0.0294718 0.0272242 0.0261336 0.0261336 0.0261336 0.0281882 0.0271397 0.0271397 0.0271545 0.0261841 0.0261588 4.5922381 5.0130513 4.9544790 5.1718185 4.9430802 4.9818233 4.9856641 4.9358893 5.0009791 4.8245454 5.0092752 4.9122606 5.0219610 5.0248582 5.1857147 5.0294195 5.0847418 6.2910632 5.0092752 4.8412046 5.1316371 5.1072193 5.7396519 4.8294686 5.1168373 4.8848614 4.8611642 5.1113822 5.3336538 5.0205048 4.9915996 0.2574386 0.2341694 0.2325700 0.2350904 0.2299404 0.2348756 0.2348756 0.2327032 0.2303557 0.2334472 0.2320200 0.2287698 0.2271543 0.2311971 0.2306030 0.2303557 0.2306839 0.2303557 0.2267207 0.2291006 0.2285248 0.2287698 0.2291006 0.2312846 0.2285248 0.2285248 0.2309484 0.2377124 0.2285248 0.2285248 0.2285248 0.2285248 0.2340412 0.2285248 0.2285248 5.4745237 5.1169518 5.4745237 5.5815079 5.2752081 5.6394662 5.5897487 5.7959230 5.3991966 5.6479197 5.1579027 5.0857772 5.0857772 5.3275984 5.5163163 4.8884896 4.7096083 4.7742476 4.9687978 4.9703420 4.8975326 4.6944661 4.9405469 6.2077090 5.6903828 4.5092792 4.8474736 4.8836483 4.9355470 4.9831344 5.3547860 5.0075285 5.3683963 6.4447066 6.4447066 5.4117245 6.0613111 5.1442122 5.7702718 5.4047233 5.0194812 4.9194630 6.0303518 5.8327563 5.4856870 6.2923040 5.7654770 4.8243651 5.0827315 5.2427244 4.6264660 5.1315630 4.9984204 4.9523651 4.8677469 4.9370816 4.6648430 5.1664281 4.9341763 5.0276409 4.6166198 4.7079368 5.6690135 5.2737754 5.2350888 5.1009036 4.8904760 4.6338643 5.3892955 4.7974579 5.6488466 5.1123750 4.7881362 4.9094618 5.2522933 5.0273586 5.1437503 4.6340890 4.8501234 5.7369131 4.9865844 5.1252338 5.2437647 5.1047315 
OP3229601_Temnothorax_16  0.1395899 0.1395899 0.2148971 0.2552775 0.2312423 0.2294860 0.2305796 8.5163066 0.0027768 0.0027359 0.0092114 0.0008863 0.0000010 0.0000010 0.0000010 0.0000000 0.0000010 0.0045589 0.0027990 0.0045547 0.0036979 0.0027182 0.0027268 0.0056972 0.0062948 0.0036246 0.0035896 0.0035840 0.0035790 0.0035591 0.0035807 0.0035824 0.0044901 0.0035602 5.9761075 5.3957350 0.0035625 0.0254695 0.0251707 0.0293811 0.0261850 0.0251537 0.0251839 0.0253192 0.0274251 0.0261070 0.0264102 0.0261520 0.0253689 0.0252269 5.1209118 5.0130513 4.9544790 5.1718185 4.9430802 4.9818233 4.9856641 4.9358893 5.0009791 4.8245454 5.0092752 4.9122606 5.0219610 5.0248582 5.1857147 5.0294195 5.0847418 6.2910632 5.0092752 4.8412046 5.1316371 5.1072193 5.7396519 4.8294686 5.1168373 4.8848614 4.8611642 5.1113822 5.3336538 5.0205048 5.6435002 0.2529118 0.2316172 0.2300842 0.2377872 0.2275452 0.2322720 0.2322720 0.2334956 0.2312423 0.2342119 0.2328535 0.2297220 0.2281727 0.2320523 0.2314806 0.2312423 0.2315644 0.2312423 0.2277618 0.2300468 0.2294860 0.2297220 0.2300468 0.2321364 0.2294860 0.2294860 0.2318128 0.2383325 0.2294860 0.2294860 0.2294860 0.2294860 0.2347833 0.2294860 0.2294860 6.0869355 5.2966939 6.0869355 6.4722907 5.8723529 6.1408055 6.1731966 5.7959230 5.9821644 5.9879005 5.7178583 5.5766608 5.5766608 5.8321958 5.9811670 5.4455748 5.1833891 5.2529414 5.5144509 5.5177871 5.4340878 5.2103752 5.4063358 6.8920777 6.2669216 4.5092792 4.8474736 4.8836483 5.2295099 4.9831344 5.3547860 5.0075285 5.8818304 7.1453055 7.1393795 5.9305682 6.6442288 5.5747657 6.2719413 5.9208236 5.6646429 5.5589925 6.3649456 6.4963286 6.2281453 6.8891371 6.6118442 4.8243651 5.0827315 5.2427244 4.6264660 5.1315630 4.9984204 4.9523651 4.8677469 4.9370816 4.6648430 5.1664281 5.5125274 5.0276409 4.8473632 4.9407377 6.1693367 5.2737754 5.2350888 5.1009036 4.8904760 4.6338643 5.3892955 4.7974579 5.7090263 5.1123750 4.7881362 4.9094618 5.2522933 5.0273586 5.1437503 4.6340890 4.8501234 5.7369131 4.9865844 5.1252338 5.2437647 5.1047315 
OP3229591_Temnothorax_17  0.1409425 0.1409425 0.2155470 0.2607691 0.2338382 0.2320608 0.2331799 8.6164886 0.0027768 0.0027359 0.0092200 0.0008927 0.0000010 0.0000010 0.0000010 0.0000010 0.0000000 0.0045589 0.0027990 0.0045547 0.0036979 0.0027208 0.0027294 0.0056972 0.0063344 0.0036246 0.0035929 0.0035840 0.0035823 0.0035823 0.0035840 0.0035857 0.0044901 0.0035823 5.8270211 5.2521824 0.0035823 0.0254934 0.0253296 0.0285513 0.0263827 0.0253429 0.0253296 0.0253429 0.0274251 0.0263035 0.0264350 0.0263174 0.0254514 0.0253933 4.9906428 5.0130513 4.9544790 5.1718185 4.9430802 4.9818233 4.9856641 4.9358893 5.0009791 4.8245454 5.0092752 4.9122606 5.0219610 5.0248582 5.1857147 5.0294195 5.0847418 6.2910632 5.0092752 4.8412046 5.1316371 5.1072193 5.7396519 4.8294686 5.1168373 4.8848614 4.8611642 5.1113822 5.3336538 5.0205048 5.5490390 0.2565393 0.2341909 0.2326408 0.2404650 0.2300934 0.2348753 0.2348753 0.2361232 0.2338382 0.2368577 0.2355161 0.2323025 0.2307359 0.2346666 0.2340823 0.2338382 0.2341856 0.2338382 0.2303325 0.2326518 0.2320608 0.2323025 0.2326518 0.2347523 0.2320608 0.2320608 0.2344212 0.2411696 0.2320608 0.2320608 0.2320608 0.2320608 0.2374422 0.2320608 0.2320608 6.0003178 5.2248803 6.0003178 6.5314570 5.8475882 6.0543293 6.0886506 5.7959230 6.0134297 6.0222084 5.5699212 5.4981093 5.4981093 5.8085519 6.0161291 5.3681252 5.1090766 5.1774881 5.4941325 5.4973931 5.4145099 5.0638279 5.3200610 6.7183072 6.1831041 4.5092792 4.8474736 4.8836483 5.2580019 4.9831344 5.3547860 5.0075285 5.7327883 7.0403969 7.0345233 5.8451564 6.5572788 5.4931887 6.1899988 5.8359972 5.5201384 5.4158950 6.3384838 6.3752198 6.0736642 6.8564079 6.6699193 4.8243651 5.0827315 5.2427244 4.6264660 5.1315630 4.9984204 4.9523651 4.8677469 4.9370816 4.6648430 5.1664281 5.4315373 5.0276409 4.8726269 4.9664747 6.2374319 5.2737754 5.2350888 5.1009036 4.8904760 4.6338643 5.3892955 4.7974579 5.7090263 5.1123750 4.7881362 4.9094618 5.2522933 5.0273586 5.1437503 4.6340890 4.8501234 5.7369131 4.9865844 5.1252338 5.2437647 5.1047315 
OP3229581_Temnothorax_18  0.1438990 0.1438990 0.2205498 0.2741669 0.2376449 0.2358251 0.2385818 7.8961748 0.0009228 0.0009093 0.0121450 0.0055093 0.0045589 0.0045589 0.0036997 0.0045589 0.0045589 0.0000000 0.0009301 0.0009033 0.0018447 0.0009042 0.0009062 0.0037893 0.0036545 0.0009033 0.0009033 0.0009033 0.0009033 0.0009033 0.0009033 0.0009033 0.0018123 0.0009033 5.6589219 5.1009272 0.0009033 0.0247380 0.0247380 0.0279983 0.0258038 0.0247512 0.0247380 0.0247380 0.0257855 0.0257252 0.0257252 0.0257390 0.0248322 0.0247747 4.9162070 5.0630020 5.0062538 5.2280197 4.9941631 4.9693449 4.9731842 4.9867735 5.0503016 4.8768035 5.0606800 4.9008779 5.0728795 5.0747745 5.2342546 5.0796509 5.1352338 6.3314673 5.0606800 4.8308362 5.1802408 5.1625377 5.7657271 4.8823739 5.1717800 4.9353679 4.9178182 5.0968206 5.3858036 5.0710336 5.3882518 0.2665290 0.2413562 0.2397698 0.2478777 0.2372190 0.2421196 0.2421196 0.2399912 0.2376449 0.2407579 0.2394340 0.2360769 0.2344748 0.2385059 0.2378992 0.2376449 0.2380328 0.2376449 0.2340803 0.2364652 0.2358251 0.2360769 0.2364652 0.2385946 0.2358251 0.2358251 0.2382503 0.2453885 0.2358251 0.2358251 0.2358251 0.2358251 0.2413657 0.2358251 0.2358251 5.7561675 5.3341580 5.7561675 6.2516245 5.5923539 5.9223656 5.8635931 5.9525622 5.6794700 5.9918942 5.4371692 5.3630707 5.3630707 5.7047343 5.9081159 5.1639042 4.9829145 5.0497817 5.3232866 5.3259710 5.2481977 4.9853479 5.2368288 6.4830937 5.9591811 4.5656261 4.9022103 4.9339853 5.3036127 5.0405596 5.4055925 5.0581430 5.6406435 6.7360961 6.7360961 5.7449411 6.3941829 5.4219843 6.0961067 5.7365367 5.3345367 5.2338013 6.4028982 6.1982326 5.8401518 6.5740320 6.5134357 4.8126592 5.1330766 5.2919293 4.6189139 5.1638282 5.0501485 5.0029792 4.8557386 4.9872836 4.6566789 5.2148539 5.2768166 5.0777202 4.8626433 4.9553580 6.0359459 5.3210904 5.2817543 5.1495533 4.9415834 4.6259979 5.4402464 4.7873497 5.7515092 5.1624878 4.7787517 4.9615549 5.3001438 5.0786621 5.1920604 4.6261891 4.8385050 5.7869539 5.0371372 5.1741389 5.2962462 5.1539573 
OP3229571_Temnothorax_19  0.1389895 0.1389895 0.2179247 0.2716702 0.2337359 0.2337359 0.2365433 7.1511461 0.0000010 0.0000010 0.0085236 0.0037518 0.0027990 0.0027990 0.0027990 0.0027990 0.0027990 0.0009301 0.0000000 0.0000010 0.0009297 0.0000010 0.0000010 0.0018849 0.0009279 0.0000010 0.0000010 0.0000010 0.0000010 0.0000010 0.0000010 0.0000010 0.0009279 0.0000010 5.3574104 4.7804881 0.0000010 0.0233912 0.0233912 0.0267101 0.0244769 0.0233912 0.0233912 0.0233912 0.0254350 0.0244006 0.0244006 0.0244139 0.0234140 0.0233912 4.6114228 5.1880629 5.1329837 5.3789589 4.9984745 5.0835068 5.0868894 5.1103305 5.0555615 4.9984745 5.1893061 5.0119712 5.0047499 5.2004815 5.3650953 5.2062857 5.2655342 6.4204509 5.1893061 4.9393849 5.1880629 5.3070209 5.7657271 5.0058300 5.3158406 5.0555615 4.9877370 5.2156375 5.4648741 5.1979780 5.0074098 0.2622634 0.2375640 0.2359444 0.2368846 0.2333087 0.2383098 0.2383098 0.2361222 0.2337359 0.2368896 0.2354877 0.2339907 0.2323532 0.2364670 0.2339907 0.2337359 0.2340980 0.2337359 0.2319395 0.2343700 0.2337359 0.2339907 0.2343700 0.2365571 0.2337359 0.2337359 0.2362083 0.2433894 0.2337359 0.2337359 0.2337359 0.2337359 0.2393790 0.2337359 0.2337359 5.5655219 5.1382260 5.5655219 5.9238546 5.3768796 5.7333663 5.7579362 6.3065235 5.4885895 5.7503501 5.3162469 5.2407325 5.2407325 5.5099684 5.7126052 5.0362378 4.8505363 4.9183973 4.9901933 4.9918370 4.9176470 4.7760755 5.0302070 6.1741405 5.6572282 4.6129264 5.0004153 5.0537254 5.0262291 5.1832129 5.4832281 5.1846357 5.3848149 6.4832648 6.4832648 5.4820652 6.0310912 5.1667706 5.7387168 5.4746498 5.0837942 4.9812210 6.2924393 5.8734538 5.4482225 6.4016073 6.1306130 4.9376272 5.2628969 5.4281785 4.6115929 5.1969194 5.1790425 5.1267179 4.9783358 5.1092019 4.7602490 5.3443245 5.0245051 5.2038876 4.5742122 4.6662764 5.7005454 5.4537633 5.2913864 5.2759164 5.0635180 4.7295508 5.5031608 4.8982059 5.6800034 5.2933375 4.7729358 5.0868842 5.4330119 5.2079062 5.3198804 4.7301511 4.9592259 5.8619661 5.1623723 5.3025551 5.4417927 5.1613242 
