200
PQ6726201_Temnothorax_1   0.0000000 0.0000010 0.2485862 0.2728059 0.2626645 0.2583780 0.2608116 8.9999990 0.1433358 0.1434344 0.1542929 0.1442293 0.1437636 0.1435289 0.1470468 0.1432607 0.1446675 0.1477552 0.1425930 0.1476619 0.1472702 0.1441456 0.1447200 0.1471354 0.1486488 0.1452604 0.1448576 0.1444649 0.1441933 0.1430965 0.1443116 0.1444303 0.1459763 0.1430966 6.8622438 6.3767205 0.1433296 0.1346922 0.1326598 0.1404443 0.1343503 0.1325239 0.1327652 0.1336682 0.1344748 0.1309538 0.1329488 0.1341096 0.1339659 0.1330157 7.2537213 7.9576117 7.9568007 8.0082621 7.9513578 7.4230054 7.0153730 7.8955495 7.9522654 7.7531754 8.1201771 6.9166478 8.3005575 8.2997651 8.6276961 8.3008196 8.4637318 8.9999988 8.1201771 6.8196309 8.1580615 8.1629957 8.6745756 7.9231170 8.3466536 7.7576432 8.6437804 7.0026647 8.2861645 8.1339406 8.7223783 0.2691906 0.2495325 0.2523769 0.2588153 0.2549305 0.2540085 0.2526393 0.2754658 0.2719952 0.2693753 0.2721029 0.2632427 0.2648044 0.2654410 0.2744065 0.2632167 0.2634581 0.2648110 0.2625347 0.2616866 0.2655202 0.2634868 0.2703788 0.2655266 0.2601262 0.2701243 0.2638443 0.2754044 0.2793989 0.2719700 0.2616710 0.2616710 0.2666658 0.2622172 0.2630060 8.7075665 6.7729429 8.7075665 8.9999990 8.2159362 8.6590565 8.6977528 8.8172161 8.9999989 8.9188662 6.8626922 7.0801552 6.9205558 7.3805455 8.1712478 6.7497750 6.3969753 6.5072044 7.3597035 7.1599894 7.0741856 8.2991407 8.6441834 8.5130750 7.8221406 6.6714263 8.2551467 7.8042681 8.4022944 8.4768660 8.6982905 8.3285926 8.9132498 8.9999986 8.9999987 8.6777920 8.3071167 8.9999989 8.0418000 8.5392591 8.7415199 8.6044156 8.9999987 8.9999983 8.9999985 8.1282507 8.9999990 6.8717073 8.5164129 8.9999990 6.4849504 7.5973083 8.4342457 8.1398970 6.5755950 7.9113202 6.3812957 8.7789561 8.9429730 8.3519360 6.7363939 6.8291818 8.9999988 8.9434280 8.2400814 8.4449704 7.9245687 6.4143485 8.5660547 7.1096358 8.5923954 8.4826739 6.8539974 8.4181196 8.8097229 6.8926206 8.5887381 6.3792424 6.5938869 8.4596819 8.1592069 8.5803241 8.6623223 8.2696726 
PQ6726191_Temnothorax_2   0.0000010 0.0000000 0.2472776 0.2724067 0.2642771 0.2597084 0.2621568 8.9999990 0.1433358 0.1434344 0.1542929 0.1442293 0.1437636 0.1435289 0.1470468 0.1432607 0.1446675 0.1477552 0.1425930 0.1476619 0.1472702 0.1441456 0.1447200 0.1471354 0.1486488 0.1452604 0.1448576 0.1444649 0.1441933 0.1430965 0.1443116 0.1444303 0.1459763 0.1430966 6.8622438 6.3767205 0.1433296 0.1346922 0.1326598 0.1404443 0.1343503 0.1325239 0.1327652 0.1336682 0.1344748 0.1309538 0.1329488 0.1341096 0.1339659 0.1330157 7.2537213 7.9576117 7.9568007 8.0082621 7.9513578 7.4230054 7.0153730 7.8955495 7.9522654 7.7531754 8.1201771 6.9166478 8.3005575 8.2997651 8.6276961 8.3008196 8.4637318 8.9999988 8.1201771 6.8196309 8.1580615 8.1629957 8.6745756 7.9231170 8.3466536 7.7576432 8.6437804 7.0026647 8.2861645 8.1339406 8.7223783 0.2691906 0.2510634 0.2539222 0.2604136 0.2551547 0.2540085 0.2526393 0.2754658 0.2719952 0.2710404 0.2721029 0.2632427 0.2648044 0.2654410 0.2744065 0.2648332 0.2634581 0.2648110 0.2625347 0.2616866 0.2655202 0.2634868 0.2703788 0.2655266 0.2617273 0.2701243 0.2654667 0.2754044 0.2793989 0.2719700 0.2632793 0.2632793 0.2683106 0.2622172 0.2630060 8.7075665 6.7729429 8.7075665 8.9999990 8.2159362 8.6590565 8.6977528 8.8172161 8.9999989 8.9188662 6.8626922 7.0801552 6.9205558 7.3805455 8.1712478 6.7497750 6.3969753 6.5072044 7.3597035 7.1599894 7.0741856 8.2991407 8.6441834 8.5350974 7.8221406 6.6714263 8.2551467 7.8042681 8.4022944 8.4768660 8.6982905 8.3285926 8.9132498 8.9999986 8.9999987 8.6777920 8.3071167 8.9999989 8.0418000 8.5392591 8.7415199 8.6044156 8.9999987 8.9999983 8.9999985 8.1282507 8.9999990 6.8717073 8.5164129 8.9999990 6.4849504 7.5973083 8.4342457 8.1398970 6.5755950 7.9113202 6.3812957 8.7789561 8.9429730 8.3519360 6.7363939 6.8291818 8.9999988 8.9434280 8.2400814 8.4449704 7.9245687 6.4143485 8.5660547 7.1096358 8.5923954 8.4826739 6.8539974 8.4181196 8.8097229 6.8926206 8.5887381 6.3792424 6.5938869 8.4596819 8.1592069 8.5803241 8.6623223 8.2696726 
PQ6726181_Temnothorax_3   0.2485862 0.2472776 0.0000000 0.1317488 0.1166892 0.1176638 0.1191128 8.9999986 0.2265031 0.2236081 0.2421304 0.2217062 0.2249818 0.2245117 0.2255538 0.2239714 0.2247000 0.2300332 0.2271838 0.2298703 0.2295575 0.2268778 0.2250053 0.2332013 0.2311163 0.2263715 0.2251296 0.2243456 0.2238535 0.2236927 0.2240886 0.2243242 0.2261898 0.2236420 7.3026279 6.7224356 0.2241592 0.2504555 0.2478423 0.2541884 0.2450168 0.2445800 0.2481080 0.2481985 0.2515634 0.2488543 0.2515508 0.2497394 0.2506929 0.2485844 6.9823727 6.3884933 6.4585783 6.8371455 6.6027456 6.6970339 6.4240157 6.4468149 6.5271168 6.3331526 6.3854013 6.3323815 7.1068400 7.2308750 7.2712983 6.4378882 6.6340221 8.9999981 6.3854013 6.2423718 6.6536359 6.6008046 7.5444607 6.2552895 6.7515798 6.2677770 6.3676620 6.7580500 7.0624646 6.3127160 7.9329659 0.1217383 0.1152674 0.1152674 0.1187718 0.1200762 0.1136189 0.1110858 0.1147417 0.1133481 0.1191586 0.1141666 0.1158361 0.1169990 0.1144839 0.1142989 0.1158192 0.1146382 0.1147955 0.1165460 0.1156224 0.1172296 0.1159363 0.1154591 0.1172582 0.1179436 0.1143397 0.1182562 0.1233783 0.1171930 0.1177730 0.1168809 0.1168809 0.1198142 0.1155013 0.1157645 6.9247577 7.2609476 6.9247577 8.3481569 7.7115429 7.0652376 6.9404286 6.3360001 6.7818538 6.7228950 6.8484783 6.5064354 6.5064354 7.9227834 8.8008949 6.4616863 6.0364536 6.1441234 8.3316608 8.0701876 7.9618209 6.9899235 7.4068260 8.9999989 7.3886164 6.3698345 6.0461287 6.3569061 6.7595421 6.7686696 6.3881086 6.5344900 8.9999986 8.9999985 8.9999985 8.9999988 8.7228126 8.9999986 8.3820485 8.9999981 7.9949991 7.8738401 8.7031702 8.9999985 8.9999989 7.1151129 8.9999984 7.4990701 6.7354681 7.6458412 6.7554053 6.5743159 6.6647298 6.5228700 7.2589723 6.1978925 6.5141283 7.2786462 7.6319983 6.5332657 7.2443013 7.2443013 8.6417923 7.4033505 7.2044231 7.0042059 6.1918260 6.4944901 7.5285778 7.5541006 7.8021758 6.7896083 7.1717695 6.4489493 7.4148966 6.2192263 7.1239731 6.4557910 7.2755234 8.5993302 6.3873427 7.1116152 7.5576896 7.3346829 
PQ6726171_Temnothorax_4   0.2728059 0.2724067 0.1317488 0.0000000 0.0034463 0.0011173 0.0000010 8.9999986 0.2794996 0.2809182 0.3158176 0.2598821 0.2698521 0.2687472 0.2680835 0.2674795 0.2733546 0.2879133 0.2851826 0.2874900 0.2815579 0.2810753 0.2834284 0.2996629 0.2837485 0.2798577 0.2794895 0.2775446 0.2763803 0.2717387 0.2769578 0.2775380 0.2775446 0.2715720 8.2886064 7.6303339 0.2728562 0.2995480 0.2893472 0.3075381 0.2885460 0.2885468 0.2899561 0.2943637 0.3014824 0.2910667 0.3014922 0.2857216 0.2896034 0.2909793 8.9999989 8.3853197 8.3853197 8.8977903 8.9495948 8.9999989 8.5925763 8.2712602 8.9495948 8.2712602 8.2239800 8.3651047 8.9999988 8.9999989 8.9999983 8.8977903 8.8977903 8.9999986 8.2239800 8.1451813 8.9999988 8.2567364 8.9999989 8.1417858 8.8977903 8.2712602 8.9999980 8.5925763 8.9999985 8.2567364 8.9999985 0.0165053 0.0177720 0.0177720 0.0283158 0.0290992 0.0203864 0.0191704 0.0036595 0.0011819 0.0022997 0.0011933 0.0000010 0.0000010 0.0000010 0.0011961 0.0011399 0.0011425 0.0011399 0.0000010 0.0000010 0.0011422 0.0000010 0.0000010 0.0000010 0.0011386 0.0000010 0.0011415 0.0000010 0.0012375 0.0000010 0.0000010 0.0000010 0.0000010 0.0000010 0.0000010 8.9999990 8.9999989 8.9999990 8.9999982 8.9526739 8.9999987 8.9999987 6.8509010 8.9999988 8.4938825 8.9999980 8.5703376 8.4236713 8.2425780 8.9999989 8.9855171 7.9762648 8.2123430 8.9999988 8.9999981 8.9999987 8.7768857 8.8469822 8.9999987 8.9999990 7.7651385 8.2797501 8.2712602 8.9999981 8.5174807 8.9999981 8.6348565 8.9999989 8.9999980 8.9999980 8.9999983 8.9999989 8.9999988 8.9999989 8.9999988 8.9999986 8.9999986 8.9999989 8.9999990 8.9999981 8.0530341 8.9999989 8.6357582 8.8977903 8.9999982 8.5840067 8.9999986 8.8977903 8.3853197 8.3653492 8.1119865 8.2242373 8.9999985 8.9999987 8.8977903 8.9999990 8.9999990 8.9999983 8.9999985 8.9999981 8.9999985 8.1417858 8.0635657 8.9999984 8.9999990 8.9999986 8.8977903 8.9999987 8.5174807 8.9999985 8.0547307 8.9999985 7.9823810 8.3653492 8.9999986 8.8977903 8.9999985 8.9999985 8.9999989 
PQ6726161_Temnothorax_5   0.2626645 0.2642771 0.1166892 0.0034463 0.0000000 0.0036459 0.0029167 8.9999986 0.2410140 0.2441470 0.2615914 0.2369248 0.2419422 0.2414313 0.2400061 0.2408434 0.2436040 0.2477043 0.2435140 0.2475271 0.2440486 0.2444436 0.2455083 0.2498347 0.2465133 0.2438996 0.2440950 0.2432332 0.2427010 0.2405580 0.2429592 0.2432179 0.2450895 0.2404948 7.5142717 7.0312819 0.2410652 0.2642939 0.2595625 0.2713337 0.2618348 0.2591934 0.2598436 0.2619075 0.2653734 0.2605451 0.2653655 0.2579654 0.2595055 0.2603374 7.4369224 7.1091958 7.2137999 7.7508683 7.3851286 6.7754763 6.4980035 7.1983636 7.2731332 7.0650304 7.1314183 6.4056432 7.8681648 7.6703598 7.7207903 7.1967786 7.4526165 8.9999986 7.1314183 6.3149135 7.4223422 7.4026615 8.3483726 6.9856026 7.6032376 6.9667614 7.5368500 6.7950805 7.4662679 7.0321790 8.7576681 0.0134556 0.0141976 0.0141976 0.0198569 0.0204808 0.0160006 0.0144290 0.0007605 0.0007506 0.0029296 0.0007677 0.0022066 0.0029479 0.0029506 0.0007560 0.0014519 0.0007385 0.0014698 0.0029630 0.0022212 0.0029506 0.0022083 0.0015957 0.0029517 0.0029111 0.0015020 0.0029157 0.0016898 0.0023258 0.0016433 0.0021806 0.0021806 0.0036576 0.0022023 0.0022058 7.1319272 8.1973898 7.1319272 8.9999986 7.8620376 7.2718651 7.2004553 6.8509010 7.1919181 7.0537360 7.4113334 6.8968807 6.8968807 8.1735130 8.9999986 6.9201446 6.4607845 6.5748697 8.7839386 8.5059438 8.3918609 7.2619069 7.5106954 8.7303233 7.4469233 6.7437598 7.0890610 7.0726490 7.6964664 7.5333664 7.5251547 7.3329747 8.9999985 8.9999981 8.9999982 8.9999990 8.9999987 8.9999982 8.8144091 8.9999988 8.2087091 8.0851806 8.9999988 8.9999981 8.9999985 7.0259221 8.9999989 7.0805198 7.5746244 8.1899039 6.7537202 6.9195404 7.4949269 7.3818117 6.9542868 6.8883745 6.4245264 7.7231885 8.3588467 7.3109287 7.1873767 7.1873767 8.6914368 7.8622292 7.8587309 7.4259083 6.8891295 6.4064618 7.5230974 7.3714599 7.8810975 7.6419768 7.0582649 7.1340459 7.8804276 6.9236630 7.5551094 6.3690434 6.9719552 8.7631751 7.1388727 7.5434998 8.0166148 7.7839180 
PQ6726151_Temnothorax_6   0.2583780 0.2597084 0.1176638 0.0011173 0.0036459 0.0000000 0.0021536 8.9999986 0.2410140 0.2422495 0.2596680 0.2351009 0.2400988 0.2395927 0.2380951 0.2390106 0.2417487 0.2458038 0.2435140 0.2456283 0.2421291 0.2425567 0.2436138 0.2498347 0.2446597 0.2420172 0.2422330 0.2413795 0.2408517 0.2387261 0.2411074 0.2413637 0.2432332 0.2386643 7.5142717 7.0312819 0.2392284 0.2623817 0.2576868 0.2694206 0.2599558 0.2573212 0.2579654 0.2600138 0.2634649 0.2586739 0.2634564 0.2560900 0.2576182 0.2584563 7.4369224 7.1091958 7.2137999 7.7508683 7.3851286 6.7754763 6.4980035 7.1983636 7.2731332 7.0650304 7.1314183 6.4056432 7.8681648 7.6703598 7.7207903 7.1967786 7.4526165 8.9999986 7.1314183 6.3149135 7.4223422 7.4026615 8.3483726 6.9856026 7.6032376 6.9667614 7.5368500 6.7950805 7.4662679 7.0321790 8.7576681 0.0134025 0.0149772 0.0149772 0.0214747 0.0212108 0.0167995 0.0160148 0.0038325 0.0022557 0.0036609 0.0023070 0.0014659 0.0007320 0.0022051 0.0022717 0.0021772 0.0022192 0.0022040 0.0007357 0.0014756 0.0022051 0.0014670 0.0015930 0.0022060 0.0021757 0.0014996 0.0021791 0.0016868 0.0023220 0.0016404 0.0014486 0.0014486 0.0029158 0.0014630 0.0014654 7.1319272 8.1973898 7.1319272 8.9999986 7.8620376 7.2718651 7.2004553 6.8509010 7.1919181 7.0537360 7.4113334 6.8968807 6.8968807 8.1735130 8.9999986 6.9201446 6.4607845 6.5748697 8.7839386 8.5059438 8.3918609 7.2619069 7.5106954 8.3782215 7.4469233 6.7437598 7.0890610 7.0726490 7.6964664 7.5333664 7.5251547 7.3329747 8.9999985 8.9999981 8.9999982 8.9999990 8.9999987 8.9999982 8.8144091 8.9999988 8.2087091 8.0851806 8.9999988 8.9999981 8.9999985 7.0259221 8.9999989 7.0805198 7.5746244 8.1899039 6.7537202 6.9195404 7.4949269 7.3818117 6.9542868 6.8883745 6.4245264 7.7231885 8.3588467 7.3109287 7.1873767 7.1873767 8.6914368 7.8622292 7.8587309 7.4259083 6.8891295 6.4064618 7.5230974 7.3714599 7.8810975 7.6419768 7.0582649 7.1340459 7.8804276 6.9236630 7.5551094 6.3690434 6.9719552 8.7631751 7.1388727 7.5434998 8.0166148 7.7839180 
PQ6726141_Temnothorax_7   0.2608116 0.2621568 0.1191128 0.0000010 0.0029167 0.0021536 0.0000000 8.9999986 0.2440285 0.2452296 0.2627577 0.2363603 0.2413973 0.2408851 0.2394304 0.2402958 0.2430644 0.2488028 0.2465673 0.2486239 0.2451433 0.2455211 0.2465945 0.2529786 0.2475799 0.2449724 0.2451570 0.2442869 0.2437503 0.2415889 0.2440108 0.2442720 0.2461520 0.2415247 7.6989335 7.1994884 0.2421009 0.2654636 0.2606921 0.2725302 0.2629750 0.2603196 0.2609758 0.2630570 0.2665450 0.2616757 0.2665375 0.2590889 0.2606420 0.2614732 7.6150909 7.3052754 7.4189472 8.0100780 7.5957771 6.9602884 6.6679501 7.4025856 7.4744195 7.2653240 7.3349825 6.5724946 8.0883531 7.8894023 7.9445543 7.4032087 7.6731010 8.9999987 7.3349825 6.4787427 7.6282430 7.6326037 8.6131809 7.1867048 7.8453180 7.1582832 7.7727273 6.9805184 7.6786496 7.2290652 8.9820215 0.0152880 0.0157792 0.0157792 0.0223195 0.0220436 0.0176238 0.0168353 0.0030660 0.0015038 0.0029287 0.0015380 0.0007329 0.0014687 0.0014701 0.0015145 0.0014514 0.0014795 0.0014693 0.0014762 0.0007378 0.0014700 0.0007335 0.0007965 0.0014706 0.0014504 0.0007498 0.0014527 0.0008433 0.0015479 0.0008202 0.0007243 0.0007243 0.0021868 0.0007315 0.0007327 7.2922363 8.4020054 7.2922363 8.9999986 8.0576876 7.4363643 7.3629635 6.8509010 7.3609902 7.2400192 7.5893314 7.0545443 7.0545443 8.3941546 8.9999987 7.0810355 6.6060781 6.7232446 8.9999987 8.7143381 8.5968208 7.4278534 7.6826893 8.5364671 7.6220604 6.9422632 7.3017025 7.2678202 7.9035962 7.7751748 7.7538727 7.5492734 8.9999986 8.9999983 8.9999984 8.9999986 8.9999980 8.9999984 8.9999983 8.9999982 8.4062603 8.2779933 8.9999989 8.9999982 8.9999983 7.1831625 8.9999989 7.2951911 7.7993447 8.4363347 6.9272170 7.1208462 7.7183486 7.5874105 7.1619578 7.0783786 6.5916791 7.9443393 8.5677759 7.5213406 7.3717282 7.3717282 8.9067105 8.0895637 8.0811208 7.6377454 7.0813270 6.5713402 7.7321417 7.5813993 8.0851198 7.8695176 7.2450737 7.3399365 8.1110566 7.1162287 7.7707366 6.5328758 7.1785617 8.9999985 7.3440844 7.7596561 8.2695037 8.0070261 
OX3951501_Temnothorax_8   8.9999990 8.9999990 8.9999986 8.9999986 8.9999986 8.9999986 8.9999986 0.0000000 8.9999988 8.9999989 8.9999988 8.9999988 8.9999984 8.9999990 8.9999985 8.9999990 8.9999988 8.9999985 8.9999985 8.9999981 8.9999987 8.9999983 8.9999984 8.9999988 8.9999981 8.9999987 8.9999982 8.9999988 8.9999981 8.9999981 8.9999981 8.9999981 8.9999988 8.9999988 0.2873438 0.2763746 8.9999981 8.9999986 8.9999990 8.9999989 8.9999988 8.9999984 8.9999990 8.9999990 8.9999989 8.9999990 8.9999982 8.9999990 8.9999982 8.9999988 0.2082811 0.2454029 0.2454029 0.2500228 0.2479642 0.2990334 0.2860493 0.2537299 0.2479642 0.2537299 0.2546519 0.2734561 0.2344987 0.2933209 0.3005340 0.2500228 0.2500228 0.2824342 0.2512391 0.2611473 0.2398195 0.2413902 0.2956326 0.2498607 0.2500228 0.2537299 0.2844348 0.2860493 0.3363168 0.2413902 0.3067268 8.9999986 8.9999989 8.9999986 8.9999990 8.9999981 8.9999986 8.9999986 8.9999986 8.9999986 8.9999986 8.9999986 8.9999986 8.9999986 8.9999986 8.9999986 8.9999986 8.9999986 8.9999986 8.9999986 8.9999986 8.9999986 8.9999986 8.9999986 8.9999986 8.9999986 8.9999986 8.9999986 8.9999986 8.9999986 8.9999986 8.9999986 8.9999986 8.9999986 8.9999986 8.9999986 0.2375009 0.3908445 0.2375009 0.2967738 0.2967738 0.2581249 0.2758928 0.3214010 0.2427833 0.2680512 0.1940712 0.1779951 0.1779951 0.2498205 0.2786023 0.1687736 0.1805027 0.1896578 0.0426391 0.0298298 0.0298298 0.2539537 0.2541522 0.3952888 0.3039057 0.1999199 0.2794470 0.2537299 0.2330940 0.2551322 0.2684194 0.2500228 0.2994800 0.2411689 0.2515345 0.3086405 0.3156786 0.3193212 0.3249775 0.3042201 0.2452518 0.2452518 0.2801015 0.3264333 0.2585656 0.2691252 0.2728690 0.3487078 0.2500228 0.2866016 0.3091511 0.2838668 0.2500228 0.2454029 0.3294912 0.2597561 0.3249577 0.2823464 0.2305112 0.2500228 0.2969635 0.3053275 0.2292046 0.2823464 0.2573351 0.2862484 0.2498607 0.3294178 0.2891772 0.3408222 0.2514053 0.2500228 0.3333106 0.2551322 0.2900306 0.2825788 0.2862484 0.3160794 0.3294912 0.2824342 0.2500228 0.2823464 0.2823464 0.2864230 
OP3229671_Temnothorax_9   0.1433358 0.1433358 0.2265031 0.2794996 0.2410140 0.2410140 0.2440285 8.9999988 0.0000000 0.0000010 0.0094695 0.0037283 0.0027808 0.0027808 0.0027808 0.0027808 0.0027808 0.0009238 0.0000010 0.0000010 0.0009234 0.0000010 0.0000010 0.0028323 0.0009215 0.0000010 0.0000010 0.0000010 0.0000010 0.0000010 0.0000010 0.0000010 0.0009215 0.0000010 7.1388864 6.3319543 0.0000010 0.0233024 0.0233024 0.0266366 0.0243905 0.0233024 0.0233024 0.0233024 0.0253447 0.0243106 0.0243106 0.0243230 0.0233484 0.0233254 6.4323487 7.0048001 6.9137300 6.8928616 6.9572282 7.0480375 6.7698043 6.8690672 7.0476467 6.6813403 7.0363411 6.6734213 7.3662332 7.3174926 7.5750940 7.0622805 7.1731425 8.9999988 7.0363411 6.5787257 7.2945237 6.9585858 8.1779914 6.6933854 7.0016279 6.7709751 6.8584701 6.8250628 8.2201387 7.0215181 7.6603063 0.2701820 0.2445695 0.2429033 0.2439827 0.2405687 0.2457354 0.2457354 0.2435903 0.2410140 0.2443850 0.2428021 0.2412800 0.2395948 0.2439452 0.2412800 0.2410140 0.2414098 0.2410140 0.2391808 0.2416951 0.2410140 0.2412800 0.2416951 0.2440441 0.2410140 0.2410140 0.2436750 0.2509439 0.2410140 0.2410140 0.2410140 0.2410140 0.2470746 0.2410140 0.2410140 7.8357216 7.5769329 7.8357216 8.3717095 7.3963814 8.1569135 7.8661533 7.8412578 7.6280932 7.8674615 6.8771404 6.7403247 6.7403247 7.2406155 7.5891782 6.4191682 6.3063776 6.4326689 7.3810627 7.3396181 7.2377725 7.4527462 7.9356965 8.9999989 7.6227110 6.2119111 6.6663574 6.8099165 6.9802922 6.8746168 7.4493869 7.0679637 8.9089560 8.9999988 8.9999988 8.4568982 8.4102279 8.9999986 8.0797228 8.3048855 7.3903744 7.2758337 8.9999984 8.9999986 7.9761469 8.9999988 8.6448018 6.7763762 7.2162143 7.9121761 6.5954747 7.4357691 7.0658023 6.9703879 6.6625698 6.8868434 6.4729931 7.6658506 7.0202748 7.1040747 6.5663774 6.6605753 8.9809773 7.7947819 7.5710122 7.3889251 6.7841537 6.5073873 8.5018764 7.0278616 8.9538886 7.2738102 6.9900442 6.9441716 7.6801644 6.9692548 7.5093699 6.4701012 6.6811622 8.7953548 6.9492022 7.4983841 7.4833065 7.4167687 
OP3229661_Temnothorax_10  0.1434344 0.1434344 0.2236081 0.2809182 0.2441470 0.2422495 0.2452296 8.9999989 0.0000010 0.0000000 0.0103023 0.0036764 0.0027397 0.0027397 0.0027652 0.0027397 0.0027397 0.0009102 0.0000010 0.0000010 0.0009182 0.0000010 0.0000010 0.0028323 0.0027494 0.0000010 0.0000010 0.0000010 0.0000010 0.0000010 0.0000010 0.0000010 0.0009080 0.0000010 7.4519658 6.6003930 0.0000010 0.0229437 0.0229437 0.0262203 0.0240134 0.0229437 0.0229437 0.0229437 0.0249660 0.0239360 0.0239360 0.0239480 0.0230107 0.0229660 6.6268105 7.0048001 6.9137300 6.8928616 6.9572282 7.0480375 6.7698043 6.8690672 7.0476467 6.6813403 7.0363411 6.6734213 7.3662332 7.3174926 7.5750940 7.0622805 7.1731425 8.9999988 7.0363411 6.5787257 7.2945237 6.9585858 8.1779914 6.6933854 7.0016279 6.7709751 6.8584701 6.8250628 8.2201387 7.0215181 7.8021602 0.2737496 0.2476260 0.2459802 0.2517124 0.2437010 0.2488076 0.2488076 0.2466991 0.2441470 0.2474964 0.2459721 0.2425135 0.2408508 0.2451466 0.2444136 0.2441470 0.2445648 0.2441470 0.2404485 0.2429332 0.2422495 0.2425135 0.2429332 0.2452445 0.2422495 0.2422495 0.2448785 0.2521162 0.2422495 0.2422495 0.2422495 0.2422495 0.2482405 0.2422495 0.2422495 7.9767512 7.4986452 7.9767512 8.6065131 7.5420220 8.2986193 8.0094337 7.8412578 7.7689482 8.0210885 7.0150843 6.8772753 6.8772753 7.3923682 7.7459260 6.5536494 6.4381966 6.5652013 7.5135661 7.4721681 7.3699316 7.4934867 7.9726802 8.9999990 7.9518703 6.2119111 6.6663574 6.8099165 7.1883654 6.8746168 7.4493869 7.0679637 8.8121170 8.9999989 8.9999989 8.5902304 8.6637225 8.9999989 8.3260706 8.4382060 7.6083396 7.4898233 8.9999983 8.9999987 8.2066022 8.9999980 8.9999983 6.7763762 7.2162143 7.9121761 6.5954747 7.4357691 7.0658023 6.9703879 6.6625698 6.8868434 6.4729931 7.6658506 7.2289509 7.1040747 6.8293577 6.9292794 8.9999988 7.7947819 7.5710122 7.3889251 6.7841537 6.5073873 8.5018764 7.0278616 8.9815189 7.2738102 6.9900442 6.9441716 7.6801644 6.9692548 7.5093699 6.4701012 6.6811622 8.7953548 6.9492022 7.4983841 7.4833065 7.4167687 
OP3229651_Temnothorax_11  0.1542929 0.1542929 0.2421304 0.3158176 0.2615914 0.2596680 0.2627577 8.9999988 0.0094695 0.0103023 0.0000000 0.0102364 0.0092412 0.0092369 0.0094503 0.0092369 0.0092457 0.0121828 0.0085447 0.0121743 0.0114001 0.0102394 0.0102729 0.0116048 0.0121425 0.0111719 0.0111169 0.0111275 0.0111169 0.0111169 0.0111169 0.0111169 0.0120842 0.0111275 8.4927222 7.4968878 0.0111169 0.0320332 0.0320332 0.0355073 0.0331631 0.0320499 0.0320332 0.0320332 0.0321417 0.0330529 0.0330529 0.0330702 0.0321754 0.0320812 7.0954579 6.9482461 6.8567178 6.8278774 6.7263438 6.9892081 6.7127995 6.8124497 6.8165583 6.6254273 6.9784332 6.6167428 7.1280009 7.3409726 7.6032057 7.0043115 7.1140170 8.9999984 6.9784332 6.5223812 7.0537205 6.8967184 8.2197919 6.6367495 6.9389449 6.7154681 6.8761278 6.7659724 8.2611761 6.9642341 8.3039586 0.2918585 0.2613582 0.2596996 0.2687164 0.2575161 0.2626802 0.2626802 0.2642072 0.2615914 0.2650832 0.2637669 0.2599560 0.2582791 0.2626619 0.2618820 0.2615914 0.2621636 0.2615914 0.2579581 0.2605241 0.2596680 0.2599560 0.2605241 0.2627666 0.2596680 0.2596680 0.2623696 0.2707272 0.2596680 0.2596680 0.2596680 0.2596680 0.2658784 0.2596680 0.2596680 8.3085769 7.4589546 8.3085769 8.9999983 8.0149965 8.4542455 8.4933712 8.2548922 8.0947077 8.3972881 7.0677639 6.9326540 6.9326540 7.3058708 7.8770612 6.7797768 6.5006492 6.6253875 7.8141467 7.7718354 7.6661647 7.6020494 8.0825786 8.9999986 8.4381291 6.1540363 6.6068132 6.7543553 7.2794803 6.8119769 7.3866335 7.0091222 8.9999989 8.9999989 8.9999989 8.9999989 8.9999984 8.9999982 8.7279098 8.9999981 7.8383759 7.7174807 8.9999990 8.9999989 8.7827378 8.9999983 8.9999988 6.9124750 7.1570635 7.8507086 6.5394196 7.4641311 7.0070042 6.9145413 6.7918507 6.8304600 6.5802409 7.6952637 7.4548730 7.0460731 7.0586420 7.1656031 8.9999981 7.8265608 7.3199263 7.4138430 6.7279369 6.6150460 8.5463406 7.1638715 8.9999984 7.2143800 6.9363178 6.8862084 7.7101476 7.1044962 7.5362017 6.5763886 6.8102681 8.8494624 6.8914438 7.5251403 7.5120001 7.2486830 
OP3229641_Temnothorax_12  0.1442293 0.1442293 0.2217062 0.2598821 0.2369248 0.2351009 0.2363603 8.9999988 0.0037283 0.0036764 0.0102364 0.0000000 0.0008893 0.0008885 0.0009189 0.0008875 0.0008938 0.0055208 0.0037588 0.0055169 0.0046556 0.0036562 0.0036680 0.0066988 0.0063265 0.0045711 0.0045263 0.0045197 0.0045134 0.0044884 0.0045155 0.0045175 0.0054368 0.0044901 8.6262416 7.6876567 0.0044924 0.0267402 0.0264259 0.0307533 0.0274675 0.0264091 0.0264391 0.0265821 0.0287328 0.0273797 0.0276966 0.0274246 0.0266096 0.0264861 7.4619269 6.9973890 6.9070357 6.8854437 6.9502093 7.0399507 6.7643311 6.8627960 7.0399238 6.6767022 7.0284809 6.6687862 7.3558304 7.3072083 7.5622521 7.0541868 7.1639053 8.9999987 7.0284809 6.5749010 7.2845503 6.9509132 8.1579059 6.6885873 6.9934522 6.7656348 6.8518045 6.8189069 8.2003613 7.0138689 8.8548976 0.2587544 0.2369590 0.2353754 0.2436569 0.2330923 0.2379926 0.2379926 0.2393660 0.2369248 0.2401052 0.2385490 0.2353465 0.2337448 0.2378627 0.2371729 0.2369248 0.2372681 0.2369248 0.2333240 0.2356935 0.2351009 0.2353465 0.2356935 0.2379548 0.2351009 0.2351009 0.2376132 0.2441516 0.2351009 0.2351009 0.2351009 0.2351009 0.2408027 0.2351009 0.2351009 8.9065529 7.8473122 8.9065529 8.9999981 8.5280258 8.9999986 8.9999987 7.5445955 8.6391696 8.2524102 7.9447969 7.7532597 7.7532597 8.0931327 8.3260579 7.5433899 7.1064489 7.2395238 8.2810649 8.2386865 8.1309366 8.0892534 8.4960956 8.9999990 8.9999984 6.2110385 6.6615525 6.8042501 7.3794225 6.8676339 7.4369884 7.0596996 8.9999982 8.9999986 8.9999987 8.9999981 8.9999980 8.9999985 8.9999989 8.9999988 8.7202005 8.5822427 8.9999990 8.9999981 8.9999988 8.9999986 8.9999986 6.7702220 7.2065906 7.8958278 6.5917059 7.4231072 7.0575630 6.9633562 6.6575676 6.8804485 6.4701012 7.6522596 8.2076921 7.0956129 6.9815294 7.0839785 8.9999988 7.7798993 7.5584903 7.3778643 6.7786360 6.5042404 8.4801935 7.0199040 8.8179215 7.2636273 6.9828415 6.9371036 7.6662907 6.9617391 7.4972231 6.4672547 6.6760232 8.7688461 6.9421154 7.4862924 7.4703932 7.4055598 
OP3229631_Temnothorax_13  0.1437636 0.1437636 0.2249818 0.2698521 0.2419422 0.2400988 0.2413973 8.9999984 0.0027808 0.0027397 0.0092412 0.0008893 0.0000000 0.0000010 0.0000010 0.0000010 0.0000010 0.0045670 0.0028035 0.0045659 0.0037040 0.0027222 0.0027309 0.0057093 0.0063214 0.0036319 0.0035966 0.0035914 0.0035864 0.0035698 0.0035880 0.0035896 0.0045000 0.0035732 8.2939964 7.4040017 0.0035698 0.0256046 0.0253183 0.0285678 0.0263782 0.0253309 0.0253183 0.0254543 0.0275793 0.0262945 0.0265534 0.0263207 0.0254921 0.0253916 7.2000301 6.9973890 6.9070357 6.8854437 6.9502093 7.0399507 6.7643311 6.8627960 7.0399238 6.6767022 7.0284809 6.6687862 7.3558304 7.3072083 7.5622521 7.0541868 7.1639053 8.9999987 7.0284809 6.5749010 7.2845503 6.9509132 8.1579059 6.6885873 6.9934522 6.7656348 6.8518045 6.8189069 8.2003613 7.0138689 8.7382435 0.2654129 0.2419211 0.2403229 0.2487500 0.2380624 0.2430135 0.2430135 0.2444174 0.2419422 0.2451833 0.2436746 0.2403528 0.2387365 0.2429059 0.2421987 0.2419422 0.2423298 0.2419422 0.2383355 0.2407433 0.2400988 0.2403528 0.2407433 0.2430004 0.2400988 0.2400988 0.2426480 0.2495416 0.2400988 0.2400988 0.2400988 0.2400988 0.2459005 0.2400988 0.2400988 8.5743454 7.7491486 8.5743454 8.9999987 8.2002908 8.7654490 8.8065915 7.5445955 8.5709605 8.3224688 7.8424508 7.6542006 7.6542006 7.9810956 8.4867403 7.2699896 7.0172340 7.1485494 7.9894944 7.9485142 7.8454713 7.9917791 8.3929181 8.9999988 8.7546085 6.2110385 6.6615525 6.8042501 7.4371009 6.8676339 7.4369884 7.0596996 8.9999982 8.9999983 8.9999984 8.9999985 8.9999990 8.9999988 8.7852919 8.8775969 8.4034256 8.2729423 8.9999986 8.9999989 8.9999989 8.9999989 8.9999986 6.7702220 7.2065906 7.8958278 6.5917059 7.4231072 7.0575630 6.9633562 6.6575676 6.8804485 6.4701012 7.6522596 7.9145854 7.0956129 7.0362377 7.1396636 8.9999984 7.7798993 7.5584903 7.3778643 6.7786360 6.5042404 8.4801935 7.0199040 8.9574700 7.2636273 6.9828415 6.9371036 7.6662907 6.9617391 7.4972231 6.4672547 6.6760232 8.7688461 6.9421154 7.4862924 7.4703932 7.4055598 
OP3229621_Temnothorax_14  0.1435289 0.1435289 0.2245117 0.2687472 0.2414313 0.2395927 0.2408851 8.9999990 0.0027808 0.0027397 0.0092369 0.0008885 0.0000010 0.0000000 0.0000010 0.0000010 0.0000010 0.0045670 0.0028035 0.0045638 0.0037040 0.0027222 0.0027309 0.0057093 0.0063157 0.0036303 0.0035950 0.0035898 0.0035848 0.0035667 0.0035864 0.0035880 0.0044980 0.0035700 8.5569665 7.6304660 0.0035683 0.0255917 0.0252933 0.0285389 0.0263519 0.0253058 0.0253058 0.0254416 0.0275653 0.0262684 0.0265401 0.0262945 0.0254921 0.0253790 7.4096647 6.9973890 6.9070357 6.8854437 6.9502093 7.0399507 6.7643311 6.8627960 7.0399238 6.6767022 7.0284809 6.6687862 7.3558304 7.3072083 7.5622521 7.0541868 7.1639053 8.9999987 7.0284809 6.5749010 7.2845503 6.9509132 8.1579059 6.6885873 6.9934522 6.7656348 6.8518045 6.8189069 8.2003613 7.0138689 8.7841607 0.2646861 0.2414157 0.2398215 0.2482204 0.2375623 0.2425005 0.2425005 0.2438990 0.2414313 0.2446609 0.2431498 0.2398455 0.2382332 0.2423907 0.2416864 0.2414313 0.2418136 0.2414313 0.2378308 0.2402309 0.2395927 0.2398455 0.2402309 0.2424848 0.2395927 0.2395927 0.2421341 0.2489797 0.2395927 0.2395927 0.2395927 0.2395927 0.2453749 0.2395927 0.2395927 8.8367017 7.7904807 8.8367017 8.9999986 8.4597982 8.9999986 8.9999984 7.5445955 8.7030616 8.3224688 7.8852559 7.6961786 7.6961786 8.0274802 8.3945183 7.4886166 7.0568083 7.1885196 8.2209423 8.1789419 8.0723983 8.0321314 8.4344849 8.9999989 8.9999986 6.2110385 6.6615525 6.8042501 7.4371009 6.8676339 7.4369884 7.0596996 8.9999989 8.9999986 8.9999986 8.9999989 8.9999988 8.9999985 8.9999987 8.9999987 8.6539520 8.5178377 8.9999987 8.9999980 8.9999986 8.9999986 8.9999987 6.7702220 7.2065906 7.8958278 6.5917059 7.4231072 7.0575630 6.9633562 6.6575676 6.8804485 6.4701012 7.6522596 8.1474383 7.0956129 7.0362377 7.1396636 8.9999982 7.7798993 7.5584903 7.3778643 6.7786360 6.5042404 8.4801935 7.0199040 8.9574700 7.2636273 6.9828415 6.9371036 7.6662907 6.9617391 7.4972231 6.4672547 6.6760232 8.7688461 6.9421154 7.4862924 7.4703932 7.4055598 
OP3229611_Temnothorax_15  0.1470468 0.1470468 0.2255538 0.2680835 0.2400061 0.2380951 0.2394304 8.9999985 0.0027808 0.0027652 0.0094503 0.0009189 0.0000010 0.0000010 0.0000000 0.0000010 0.0000010 0.0037057 0.0028035 0.0027652 0.0037040 0.0027652 0.0027679 0.0057093 0.0036961 0.0027652 0.0027652 0.0027652 0.0027652 0.0027652 0.0027652 0.0027652 0.0036961 0.0027652 7.0925323 6.3016464 0.0027652 0.0262618 0.0262618 0.0296501 0.0273660 0.0262618 0.0262618 0.0262618 0.0283331 0.0272758 0.0272758 0.0272900 0.0263136 0.0262877 6.3398645 6.9973890 6.9070357 6.8854437 6.9502093 7.0399507 6.7643311 6.8627960 7.0399238 6.6767022 7.0284809 6.6687862 7.3558304 7.3072083 7.5622521 7.0541868 7.1639053 8.9999987 7.0284809 6.5749010 7.2845503 6.9509132 8.1579059 6.6885873 6.9934522 6.7656348 6.8518045 6.8189069 8.2003613 7.0138689 7.4337704 0.2687141 0.2435571 0.2418981 0.2446361 0.2395647 0.2447080 0.2447080 0.2425688 0.2400061 0.2433558 0.2417670 0.2383560 0.2366794 0.2409986 0.2402697 0.2400061 0.2403914 0.2400061 0.2362532 0.2387445 0.2380951 0.2383560 0.2387445 0.2410960 0.2380951 0.2380951 0.2407334 0.2477848 0.2380951 0.2380951 0.2380951 0.2380951 0.2440951 0.2380951 0.2380951 7.6008310 7.3602353 7.6008310 7.7486507 7.1777273 7.9032822 7.6258207 7.5445955 7.4043904 7.6104305 6.6943298 6.5650181 6.5650181 7.0213200 7.3434426 6.2609042 6.1557939 6.2760050 7.1822583 7.1426906 7.0460995 7.2560259 7.7131429 8.9999987 7.5674557 6.2110385 6.6615525 6.8042501 6.8688109 6.8676339 7.4369884 7.0596996 8.6272200 8.9999987 8.9999987 8.2912348 8.2349329 8.9999989 7.9182679 8.1438380 7.2638849 7.1542800 8.9844941 8.9999980 7.8279261 8.8909508 8.1358538 6.7702220 7.2065906 7.8958278 6.5917059 7.4231072 7.0575630 6.9633562 6.6575676 6.8804485 6.4701012 7.6522596 6.9075518 7.0956129 6.5338017 6.6261753 8.7959077 7.7798993 7.5584903 7.3778643 6.7786360 6.5042404 8.4801935 7.0199040 8.7708421 7.2636273 6.9828415 6.9371036 7.6662907 6.9617391 7.4972231 6.4672547 6.6760232 8.7688461 6.9421154 7.4862924 7.4703932 7.4055598 
OP3229601_Temnothorax_16  0.1432607 0.1432607 0.2239714 0.2674795 0.2408434 0.2390106 0.2402958 8.9999990 0.0027808 0.0027397 0.0092369 0.0008875 0.0000010 0.0000010 0.0000010 0.0000000 0.0000010 0.0045670 0.0028035 0.0045638 0.0037040 0.0027222 0.0027309 0.0057093 0.0063093 0.0036303 0.0035950 0.0035898 0.0035848 0.0035651 0.0035864 0.0035880 0.0044980 0.0035664 8.6912049 7.7462228 0.0035683 0.0255917 0.0252933 0.0295671 0.0263221 0.0252774 0.0253058 0.0254416 0.0275653 0.0262388 0.0265401 0.0262814 0.0254921 0.0253504 7.5166957 6.9973890 6.9070357 6.8854437 6.9502093 7.0399507 6.7643311 6.8627960 7.0399238 6.6767022 7.0284809 6.6687862 7.3558304 7.3072083 7.5622521 7.0541868 7.1639053 8.9999987 7.0284809 6.5749010 7.2845503 6.9509132 8.1579059 6.6885873 6.9934522 6.7656348 6.8518045 6.8189069 8.2003613 7.0138689 8.9200769 0.2638497 0.2408342 0.2392446 0.2476108 0.2369872 0.2419102 0.2419102 0.2433024 0.2408434 0.2440597 0.2425459 0.2392618 0.2376543 0.2417979 0.2410971 0.2408434 0.2412197 0.2408434 0.2372504 0.2396415 0.2390106 0.2392618 0.2396415 0.2418915 0.2390106 0.2390106 0.2415427 0.2483330 0.2390106 0.2390106 0.2390106 0.2390106 0.2447701 0.2390106 0.2390106 8.9705595 7.9045492 8.9705595 8.9999986 8.5926050 8.9999987 8.9999988 7.5445955 8.7030616 8.3224688 8.0042068 7.8113094 7.8113094 8.1577651 8.3945183 7.6003112 7.1605438 7.2942874 8.3392030 8.2966837 8.1883301 8.1454827 8.5545558 8.9999980 8.9999988 6.2110385 6.6615525 6.8042501 7.4371009 6.8676339 7.4369884 7.0596996 8.9999985 8.9999987 8.9999987 8.9999982 8.9999984 8.9999985 8.9999989 8.9999989 8.7818422 8.6428717 8.9999982 8.9999981 8.9999990 8.9999986 8.9999987 6.7702220 7.2065906 7.8958278 6.5917059 7.4231072 7.0575630 6.9633562 6.6575676 6.8804485 6.4701012 7.6522596 8.2663353 7.0956129 7.0362377 7.1396636 8.9999982 7.7798993 7.5584903 7.3778643 6.7786360 6.5042404 8.4801935 7.0199040 8.9574700 7.2636273 6.9828415 6.9371036 7.6662907 6.9617391 7.4972231 6.4672547 6.6760232 8.7688461 6.9421154 7.4862924 7.4703932 7.4055598 
OP3229591_Temnothorax_17  0.1446675 0.1446675 0.2247000 0.2733546 0.2436040 0.2417487 0.2430644 8.9999988 0.0027808 0.0027397 0.0092457 0.0008938 0.0000010 0.0000010 0.0000010 0.0000010 0.0000000 0.0045670 0.0028035 0.0045638 0.0037040 0.0027248 0.0027335 0.0057093 0.0063483 0.0036303 0.0035984 0.0035898 0.0035882 0.0035882 0.0035898 0.0035914 0.0044980 0.0035882 8.3760492 7.4700777 0.0035882 0.0256163 0.0254532 0.0287222 0.0265193 0.0254659 0.0254532 0.0254659 0.0275653 0.0264347 0.0265655 0.0264479 0.0255762 0.0255157 7.2601802 6.9973890 6.9070357 6.8854437 6.9502093 7.0399507 6.7643311 6.8627960 7.0399238 6.6767022 7.0284809 6.6687862 7.3558304 7.3072083 7.5622521 7.0541868 7.1639053 8.9999987 7.0284809 6.5749010 7.2845503 6.9509132 8.1579059 6.6885873 6.9934522 6.7656348 6.8518045 6.8189069 8.2003613 7.0138689 8.7029510 0.2677166 0.2435647 0.2419570 0.2504576 0.2396969 0.2446797 0.2446797 0.2460981 0.2436040 0.2468753 0.2453779 0.2420062 0.2403802 0.2445795 0.2438640 0.2436040 0.2440079 0.2436040 0.2399846 0.2424124 0.2417487 0.2420062 0.2424124 0.2446750 0.2417487 0.2417487 0.2443180 0.2513528 0.2417487 0.2417487 0.2417487 0.2417487 0.2476012 0.2417487 0.2417487 8.7570820 7.7128304 8.7570820 8.9999987 8.4755800 8.9542329 8.9978821 7.5445955 8.7725796 8.3962869 7.5887176 7.6168380 7.6168380 8.0359451 8.4671309 7.4094807 6.9788810 7.1104827 8.2315458 8.1888764 8.0805983 7.8770907 8.3594719 8.9999988 8.9457982 6.2110385 6.6615525 6.8042501 7.4927910 6.8676339 7.4369884 7.0596996 8.9999984 8.9999985 8.9999985 8.9999988 8.9999986 8.9999982 8.9790225 8.9999982 8.4821611 8.3492143 8.9999988 8.9999990 8.9999981 8.9999986 8.9999987 6.7702220 7.2065906 7.8958278 6.5917059 7.4231072 7.0575630 6.9633562 6.6575676 6.8804485 6.4701012 7.6522596 8.0702666 7.0956129 7.0867786 7.1917099 8.9999986 7.7798993 7.5584903 7.3778643 6.7786360 6.5042404 8.4801935 7.0199040 8.9574700 7.2636273 6.9828415 6.9371036 7.6662907 6.9617391 7.4972231 6.4672547 6.6760232 8.7688461 6.9421154 7.4862924 7.4703932 7.4055598 
OP3229581_Temnothorax_18  0.1477552 0.1477552 0.2300332 0.2879133 0.2477043 0.2458038 0.2488028 8.9999985 0.0009238 0.0009102 0.0121828 0.0055208 0.0045670 0.0045670 0.0037057 0.0045670 0.0045670 0.0000000 0.0009313 0.0009043 0.0018472 0.0009052 0.0009072 0.0037962 0.0036608 0.0009043 0.0009043 0.0009043 0.0009043 0.0009043 0.0009043 0.0009043 0.0018147 0.0009043 7.7381949 6.8473853 0.0009043 0.0248544 0.0248544 0.0281612 0.0259329 0.0248669 0.0248544 0.0248544 0.0259104 0.0258491 0.0258491 0.0258621 0.0249509 0.0248910 6.8630130 6.9687646 6.8772261 6.8511991 6.9210470 6.9334784 6.6621369 6.8327309 7.0119334 6.6451024 6.9995039 6.5674883 7.3311576 7.2812819 7.5384374 7.0254557 7.1358047 8.9999987 6.9995039 6.4744893 7.2586734 6.9190623 8.1779914 6.6567014 6.9616746 6.7351683 6.8192330 6.7128203 8.1820029 6.9850494 8.0918249 0.2783426 0.2511496 0.2495027 0.2583177 0.2472510 0.2523653 0.2523653 0.2502666 0.2477043 0.2510789 0.2495983 0.2460723 0.2444087 0.2487175 0.2479755 0.2477043 0.2481530 0.2477043 0.2440234 0.2465216 0.2458038 0.2460723 0.2465216 0.2488166 0.2458038 0.2458038 0.2484447 0.2558996 0.2458038 0.2458038 0.2458038 0.2458038 0.2518327 0.2458038 0.2458038 8.1731401 7.7694075 8.1731401 8.9465545 7.7395964 8.5002884 8.2092185 7.5478105 7.9625203 8.2728115 7.1966443 7.0561854 7.0561854 7.6894521 8.0636946 6.7262964 6.6063261 6.7354104 7.7760885 7.7337048 7.6280152 7.6682947 8.1555930 8.9999985 8.1529550 6.1734953 6.6277329 6.7741479 7.4696778 6.8344213 7.4103423 7.0305957 8.9999987 8.9999990 8.9999990 8.8944931 8.8806284 8.9999988 8.5356270 8.7396656 7.8195433 7.6970384 8.9999989 8.9999988 8.4988286 8.9999986 8.9999988 6.6564317 7.1789470 7.8748835 6.4961424 7.4357691 7.0284572 6.9347385 6.5461052 6.8506916 6.3721907 7.6295121 7.4866836 7.0673115 6.9884777 7.0918574 8.9999984 7.7582794 7.5351698 7.3523289 6.7479136 6.4068586 8.4651684 6.9128448 8.9474191 7.2364829 6.8818170 6.9071184 7.6434322 6.9310667 7.4729260 6.3701119 6.5652235 8.7552837 6.9122898 7.4617918 7.4437238 7.3805447 
OP3229571_Temnothorax_19  0.1425930 0.1425930 0.2271838 0.2851826 0.2435140 0.2435140 0.2465673 8.9999985 0.0000010 0.0000010 0.0085447 0.0037588 0.0028035 0.0028035 0.0028035 0.0028035 0.0028035 0.0009313 0.0000000 0.0000010 0.0009308 0.0000010 0.0000010 0.0018876 0.0009290 0.0000010 0.0000010 0.0000010 0.0000010 0.0000010 0.0000010 0.0000010 0.0009290 0.0000010 7.2336649 6.4034245 0.0000010 0.0234977 0.0234977 0.0268628 0.0245957 0.0234977 0.0234977 0.0234977 0.0255575 0.0245144 0.0245144 0.0245271 0.0235210 0.0234977 6.3440984 7.2939883 7.2009985 7.2209285 6.9521694 7.1558955 6.8675895 7.1521454 7.0438188 6.9521694 7.3342372 6.7683791 7.1816864 7.6286671 7.9081279 7.3617269 7.4843709 8.9999985 7.3342372 6.6709368 7.2939883 7.2737112 8.1779914 6.9683869 7.3232869 7.0438188 7.0290646 6.9278642 8.4421133 7.3153723 7.2760581 0.2737486 0.2470734 0.2453928 0.2464936 0.2430597 0.2482748 0.2482748 0.2461192 0.2435140 0.2469313 0.2453666 0.2437854 0.2420856 0.2464816 0.2437854 0.2435140 0.2439352 0.2435140 0.2416803 0.2442254 0.2435140 0.2437854 0.2442254 0.2465821 0.2435140 0.2435140 0.2462057 0.2536968 0.2435140 0.2435140 0.2435140 0.2435140 0.2496528 0.2435140 0.2435140 7.6324301 7.2993311 7.6324301 8.0476136 7.2103669 7.9473268 7.8742663 8.3123278 7.4282506 7.6453363 6.8708905 6.7323319 6.7323319 7.2391816 7.5933663 6.4073260 6.2934376 6.4211614 7.1204924 7.0801514 6.9819068 7.2876944 7.7627067 8.9999984 7.4192202 6.2982881 6.8984630 7.0847998 6.9756025 7.1893622 7.6428877 7.3723227 8.4886799 8.9999987 8.9999987 8.2943900 8.0863775 8.9999989 7.7696002 8.1423624 7.3338416 7.2194906 8.9999990 8.9999990 7.6882699 8.9999989 8.6807391 6.8857445 7.5297587 8.2759508 6.4264940 7.5012100 7.3698675 7.2542293 6.7671163 7.1695214 6.5607714 8.0023053 7.0161052 7.4057449 6.3975802 6.4887604 8.7662043 8.1420122 7.5743877 7.7083460 7.0612096 6.5953366 8.6564863 7.1358823 8.7407400 7.5918380 6.8099740 7.2378062 8.0213938 7.2738963 7.8357670 6.5571150 6.7854709 8.9755504 7.2420166 7.8254019 7.8370013 7.4179475 
