200
PQ6726181_Temnothorax_3   0.0000000 0.1137700 0.1177908 0.1099110 0.1117094 0.1125320 0.1099051 0.1108274 0.1085519 0.1140264 0.1097415 0.1092690 0.1130697 0.1104760 0.1109832 0.1106749 0.1108903 0.1121359 0.1128368 0.1094922 0.1121910 0.1127375 0.1118316 0.1118316 0.1105783 0.1108240 0.1138272 0.1121625 0.1096728 0.1115517 0.1119888 0.1144534 0.1394640 0.1147823 0.1087863 0.1065160 0.1137307 0.1163957 0.1104195 0.1104195 0.2284957 0.2274435 0.2309243 0.2301602 0.2283087 0.2328804 0.2293994 0.2252456 0.2286387 0.2309027 0.2248992 0.2298565 0.2276600 0.2278867 0.2278791 0.2216719 0.2136635 0.2086932 0.2039741 0.2058639 0.2063293 0.2067300 0.2064116 0.2071771 0.2110517 0.2121835 0.2108282 0.2068421 0.2079416 0.2057171 0.2062351 0.2079394 0.2107529 0.2062074 0.2061541 0.2060065 0.2057560 0.2058061 0.2069083 0.2083802 0.2081551 0.2056855 3.5498343 3.4868051 3.8967964 3.8549852 3.9744715 4.3046836 4.0327313 4.1488517 3.3706333 3.2206399 8.9999990 3.0703846 2.9335725 2.8849841 2.9684034 2.8159658 2.8502393 2.8272757 2.7164822 2.7260994 2.8157340 3.0062994 2.7445394 3.0062994 2.8059732 2.8153033 2.8583214 2.8183489 3.6230102 2.6518550 3.0484202 2.8739252 3.1082300 2.7673187 3.1734332 3.4203931 3.1022182 3.1391699 3.5908909 3.9780909 3.1195487 3.1146137 3.0323435 2.9895924 3.0949962 2.9109956 2.7316254 3.0016476 3.0016476 3.2971120 3.3510974 3.3297666 3.1595821 2.8324703 3.5259561 3.4150475 3.3808488 3.2303614 2.7301337 2.9325144 2.7419505 2.7732436 4.4434643 2.7217278 2.7562561 2.7532844 2.6857858 2.6923178 2.6810970 2.7795612 2.7301500 2.7226093 2.7231915 2.4287441 2.4543616 2.5736214 2.5302826 2.4955516 2.5299326 2.5306194 2.5001522 2.6064606 2.5370525 2.3949190 2.5743339 2.5126647 2.5171119 2.5470899 2.6058239 2.5674116 2.5840662 2.6016230 2.6267848 2.6240711 2.5481463 2.5129858 2.6170720 2.7339327 2.6130239 2.5101310 2.5771225 2.6378115 3.0682826 2.5983764 2.6503920 2.5582496 2.5545690 2.6273738 5.7072297 3.6330292 3.5121989 3.5623026 2.8745643 2.7070231 2.7070231 2.8817176 2.6142653 2.6501052 
ON0528141_Temnothorax_91  0.1137700 0.0000000 0.0008425 0.0022926 0.0029232 0.0036531 0.0014735 0.0014514 0.0015083 0.0038342 0.0014837 0.0007677 0.0029125 0.0015953 0.0022135 0.0022265 0.0022118 0.0029559 0.0029088 0.0022632 0.0023251 0.0016426 0.0021793 0.0021809 0.0022073 0.0022110 0.0029223 0.0029569 0.0029560 0.0029691 0.0029542 0.0036515 0.0081872 0.0219481 0.0175558 0.0167805 0.0221115 0.0143833 0.0156907 0.0156907 0.2472271 0.2487213 0.2464078 0.2412117 0.2418365 0.2510900 0.2396422 0.2431192 0.2420991 0.2463905 0.2408220 0.2453657 0.2411487 0.2413930 0.2432392 0.2427541 0.2321556 0.2268426 0.2209160 0.2243600 0.2248781 0.2253236 0.2268288 0.2235275 0.2303977 0.2293562 0.2272428 0.2285659 0.2283696 0.2241951 0.2266373 0.2271208 0.2300702 0.2266147 0.2246894 0.2263890 0.2242467 0.2261638 0.2273945 0.2276043 0.2245803 0.2274454 3.5519509 3.5249737 3.7077732 3.6682136 4.0495623 4.3562441 3.9858987 3.9792235 3.3672321 3.3589868 8.9676910 2.9688597 2.8002564 2.7566476 2.8228406 2.6915105 2.7238400 2.7377535 2.5983044 2.6075745 2.6094468 2.8936508 2.6247634 2.8936508 2.6267588 2.6368062 2.7173496 2.6961993 3.5698523 2.5696569 2.8838475 2.6963463 2.9511434 2.6935735 2.9977546 3.2517682 2.9455685 2.9802550 3.5091122 3.6101120 2.8646450 2.8787790 2.8858309 2.8716110 2.9990619 2.8495383 2.6342045 2.8826662 2.8826662 3.1533614 3.2947446 3.1740962 3.0407612 2.8029890 3.3849229 3.2766617 3.2441130 3.1751767 2.6445754 2.9331753 2.6273538 2.7038345 4.1805074 2.6520297 2.6852588 2.6827798 2.6178993 2.6241577 2.6128913 2.7085738 2.6449208 2.6532093 2.6538339 2.5333843 2.5630621 2.6350106 2.5617743 2.5263708 2.5605808 2.5619192 2.5314038 2.6373834 2.5607750 2.4988955 2.6063531 2.5436000 2.5478266 2.5778527 2.6380921 2.5989563 2.6155161 2.6267383 2.6584811 2.6551096 2.5795636 2.5445869 2.6413681 2.8097942 2.6456198 2.5219762 2.6081151 2.6703273 3.0771428 2.6301622 2.6830262 2.5898986 2.5570158 2.6727481 5.7115515 3.5209763 3.4045274 3.4526859 2.8275235 2.6725696 2.6725696 2.7692588 2.5572213 2.5918316 
ON0527961_Temnothorax_109 0.1177908 0.0008425 0.0000000 0.0025396 0.0016887 0.0016862 0.0008420 0.0008420 0.0008420 0.0008420 0.0008420 0.0008420 0.0000010 0.0000010 0.0000010 0.0000010 0.0000010 0.0000010 0.0000010 0.0000010 0.0000010 0.0000010 0.0000010 0.0000010 0.0000010 0.0000010 0.0008430 0.0000010 0.0008427 0.0008420 0.0008420 0.0016912 0.0068183 0.0220076 0.0174836 0.0174836 0.0212381 0.0151760 0.0156414 0.0156414 0.2527467 0.2527467 0.2499097 0.2444014 0.2450469 0.2548436 0.2424686 0.2463932 0.2453061 0.2498926 0.2439640 0.2488188 0.2443136 0.2445750 0.2465459 0.2477363 0.2386641 0.2329324 0.2245333 0.2281697 0.2287262 0.2292048 0.2308142 0.2274630 0.2346710 0.2334661 0.2313949 0.2327310 0.2324383 0.2279926 0.2306100 0.2311822 0.2343192 0.2305874 0.2285251 0.2303447 0.2280497 0.2301027 0.2314245 0.2317010 0.2304887 0.2315593 3.5519509 3.5249737 3.7077732 3.6682136 4.0495623 4.3562441 3.9858987 3.9792235 3.3672321 3.3589868 5.7143861 2.9688597 2.8002564 2.7566476 2.8228406 2.6915105 2.7238400 2.7377535 2.5983044 2.6075745 2.6094468 2.8936508 2.6247634 2.8936508 2.6267588 2.6368062 2.7173496 2.6961993 3.5698523 2.5696569 2.8838475 2.6963463 2.9511434 2.6935735 2.9977546 3.2517682 2.9455685 2.9802550 3.5091122 3.6101120 2.8646450 2.8787790 2.8858309 2.8716110 2.9990619 2.8495383 2.6342045 2.8826662 2.8826662 3.1533614 3.2947446 3.1740962 3.0407612 2.8029890 3.3849229 3.2766617 3.2441130 3.1751767 2.6445754 2.9331753 2.6273538 2.7038345 4.1805074 2.6520297 2.6852588 2.6827798 2.6178993 2.6241577 2.6128913 2.7085738 2.6449208 2.6532093 2.6538339 2.5333843 2.5630621 2.6350106 2.5617743 2.5263708 2.5605808 2.5619192 2.5314038 2.6373834 2.5607750 2.4988955 2.6063531 2.5436000 2.5478266 2.5778527 2.6380921 2.5989563 2.6155161 2.6267383 2.6584811 2.6551096 2.5795636 2.5445869 2.6413681 2.8097942 2.6456198 2.5219762 2.6081151 2.6703273 3.0771428 2.6301622 2.6830262 2.5898986 2.5570158 2.6727481 5.7115515 3.5209763 3.4045274 3.4526859 2.8275235 2.6725696 2.6725696 2.7692588 2.5572213 2.5918316 
ON0528161_Temnothorax_89  0.1099110 0.0022926 0.0025396 0.0000000 0.0007599 0.0038244 0.0015245 0.0015233 0.0015245 0.0046380 0.0015332 0.0015500 0.0030574 0.0023965 0.0022902 0.0023041 0.0022884 0.0022875 0.0030533 0.0022875 0.0031046 0.0024677 0.0022875 0.0022875 0.0022875 0.0022875 0.0030585 0.0030596 0.0030587 0.0030727 0.0030566 0.0038352 0.0099368 0.0197575 0.0148953 0.0148953 0.0190417 0.0130711 0.0132562 0.0132562 0.2531748 0.2531748 0.2456938 0.2405226 0.2411478 0.2503595 0.2389629 0.2424270 0.2414131 0.2456764 0.2401398 0.2446539 0.2404642 0.2407069 0.2425413 0.2420472 0.2314655 0.2261840 0.2203146 0.2237449 0.2242595 0.2247019 0.2261982 0.2228893 0.2297402 0.2287182 0.2265891 0.2279163 0.2277334 0.2235811 0.2260077 0.2264801 0.2294149 0.2259851 0.2240717 0.2257609 0.2236320 0.2255372 0.2267598 0.2269606 0.2239354 0.2267985 3.5624736 3.5356994 3.7189005 3.6792074 4.0618804 4.3696947 3.9978596 3.9933055 3.3772689 3.3688334 8.1027543 2.9778124 2.8102608 2.7663658 2.8329407 2.7010598 2.7334733 2.7470895 2.6075745 2.6168492 2.6200068 2.9030708 2.6340956 2.9030708 2.6371507 2.6471348 2.7272970 2.7055587 3.5804505 2.5799720 2.8951213 2.7063646 2.9609684 2.7038252 3.0096169 3.2618389 2.9545208 2.9892962 3.5202270 3.6279171 2.8738945 2.8876741 2.8946428 2.8803733 3.0223204 2.8586656 2.6438496 2.8914860 2.8914860 3.1635435 3.3059597 3.1837958 3.0501275 2.8136498 3.3948744 3.2864888 3.2538478 3.1846524 2.6548225 2.9431193 2.6370819 2.7131853 4.2019120 2.6615446 2.6948647 2.6923252 2.6272570 2.6335372 2.6223065 2.7181225 2.6551326 2.6626803 2.6632991 2.5431379 2.5731588 2.6442748 2.5711439 2.5355335 2.5697000 2.5712319 2.5406960 2.6466051 2.5708204 2.5086347 2.6158923 2.5528006 2.5569630 2.5870098 2.6477145 2.6083518 2.6248876 2.6373983 2.6679392 2.6643710 2.5889153 2.5539850 2.6516878 2.8190722 2.6553413 2.5313979 2.6173479 2.6800337 3.0863632 2.6396380 2.6927726 2.5993219 2.5673736 2.6826201 5.7115515 3.5313818 3.4145899 3.4629007 2.8361792 2.6808389 2.6808389 2.7777778 2.5652814 2.5999578 
PQ6726161_Temnothorax_5   0.1117094 0.0029232 0.0016887 0.0007599 0.0000000 0.0036404 0.0014684 0.0014507 0.0007501 0.0038308 0.0007380 0.0007670 0.0029111 0.0015938 0.0022057 0.0022186 0.0022041 0.0029455 0.0029074 0.0015008 0.0023230 0.0016411 0.0021783 0.0021783 0.0021996 0.0022032 0.0029121 0.0029465 0.0029456 0.0029587 0.0029438 0.0036498 0.0093516 0.0203221 0.0158911 0.0143427 0.0196796 0.0133924 0.0141199 0.0141199 0.2417848 0.2432356 0.2434695 0.2383294 0.2389614 0.2481262 0.2367864 0.2402409 0.2392372 0.2434514 0.2379649 0.2424271 0.2382850 0.2385245 0.2403385 0.2398116 0.2291832 0.2239540 0.2182232 0.2216387 0.2221462 0.2225827 0.2240628 0.2206960 0.2275489 0.2265816 0.2243802 0.2257337 0.2255938 0.2214772 0.2238742 0.2243137 0.2272274 0.2238510 0.2219603 0.2236299 0.2215266 0.2234093 0.2246159 0.2247884 0.2217301 0.2246138 3.5519509 3.5249737 3.7077732 3.6682136 4.0495623 4.3562441 3.9858987 3.9792235 3.3672321 3.3589868 8.9033791 2.9688597 2.8002564 2.7566476 2.8228406 2.6915105 2.7238400 2.7377535 2.5983044 2.6075745 2.6094468 2.8936508 2.6247634 2.8936508 2.6267588 2.6368062 2.7173496 2.6961993 3.5698523 2.5696569 2.8838475 2.6963463 2.9511434 2.6935735 2.9977546 3.2517682 2.9455685 2.9802550 3.5091122 3.6101120 2.8646450 2.8787790 2.8858309 2.8716110 2.9990619 2.8495383 2.6342045 2.8826662 2.8826662 3.1533614 3.2947446 3.1740962 3.0407612 2.8029890 3.3849229 3.2766617 3.2441130 3.1751767 2.6445754 2.9331753 2.6273538 2.7038345 4.1805074 2.6520297 2.6852588 2.6827798 2.6178993 2.6241577 2.6128913 2.7085738 2.6449208 2.6532093 2.6538339 2.5333843 2.5630621 2.6350106 2.5617743 2.5263708 2.5605808 2.5619192 2.5314038 2.6373834 2.5607750 2.4988955 2.6063531 2.5436000 2.5478266 2.5778527 2.6380921 2.5989563 2.6155161 2.6267383 2.6584811 2.6551096 2.5795636 2.5445869 2.6413681 2.8097942 2.6456198 2.5219762 2.6081151 2.6703273 3.0771428 2.6301622 2.6830262 2.5898986 2.5570158 2.6727481 5.7115515 3.5209763 3.4045274 3.4526859 2.8275235 2.6725696 2.6725696 2.7692588 2.5572213 2.5918316 
PQ6726151_Temnothorax_6   0.1125320 0.0036531 0.0016862 0.0038244 0.0036404 0.0000000 0.0022020 0.0021755 0.0022538 0.0053713 0.0022172 0.0023047 0.0021768 0.0015916 0.0014661 0.0014746 0.0014650 0.0022025 0.0021740 0.0014988 0.0023199 0.0016388 0.0014479 0.0014479 0.0014620 0.0014644 0.0021513 0.0022033 0.0022026 0.0007354 0.0007317 0.0029112 0.0068265 0.0210358 0.0166754 0.0159061 0.0212654 0.0133356 0.0148871 0.0148871 0.2378835 0.2390832 0.2417039 0.2365825 0.2372207 0.2463587 0.2350510 0.2385018 0.2375052 0.2416853 0.2362321 0.2406584 0.2365491 0.2367864 0.2385864 0.2380328 0.2291832 0.2239540 0.2165330 0.2199410 0.2204435 0.2208757 0.2223447 0.2189271 0.2257904 0.2248656 0.2226035 0.2239799 0.2238742 0.2197812 0.2221573 0.2225710 0.2254717 0.2221337 0.2202588 0.2219147 0.2198294 0.2216963 0.2228917 0.2230417 0.2217301 0.2228569 3.5519509 3.5249737 3.7077732 3.6682136 4.0495623 4.3562441 3.9858987 3.9792235 3.3672321 3.3589868 8.9999985 2.9688597 2.8002564 2.7566476 2.8228406 2.6915105 2.7238400 2.7377535 2.5983044 2.6075745 2.6094468 2.8936508 2.6247634 2.8936508 2.6267588 2.6368062 2.7173496 2.6961993 3.5698523 2.5696569 2.8838475 2.6963463 2.9511434 2.6935735 2.9977546 3.2517682 2.9455685 2.9802550 3.5091122 3.6101120 2.8646450 2.8787790 2.8858309 2.8716110 2.9990619 2.8495383 2.6342045 2.8826662 2.8826662 3.1533614 3.2947446 3.1740962 3.0407612 2.8029890 3.3849229 3.2766617 3.2441130 3.1751767 2.6445754 2.9331753 2.6273538 2.7038345 4.1805074 2.6520297 2.6852588 2.6827798 2.6178993 2.6241577 2.6128913 2.7085738 2.6449208 2.6532093 2.6538339 2.5333843 2.5630621 2.6350106 2.5617743 2.5263708 2.5605808 2.5619192 2.5314038 2.6373834 2.5607750 2.4988955 2.6063531 2.5436000 2.5478266 2.5778527 2.6380921 2.5989563 2.6155161 2.6267383 2.6584811 2.6551096 2.5795636 2.5445869 2.6413681 2.8097942 2.6456198 2.5219762 2.6081151 2.6703273 3.0771428 2.6301622 2.6830262 2.5898986 2.5570158 2.6727481 5.7115515 3.5209763 3.4045274 3.4526859 2.8275235 2.6725696 2.6725696 2.7692588 2.5572213 2.5918316 
ON0528061_Temnothorax_99  0.1099051 0.0014735 0.0008420 0.0015245 0.0014684 0.0022020 0.0000000 0.0000010 0.0000010 0.0030570 0.0000010 0.0000010 0.0014674 0.0007949 0.0007323 0.0007365 0.0007323 0.0014679 0.0014655 0.0007492 0.0015449 0.0008191 0.0007320 0.0007320 0.0007320 0.0007320 0.0014679 0.0014684 0.0014680 0.0014733 0.0014670 0.0022077 0.0069673 0.0198085 0.0159130 0.0151560 0.0207453 0.0134019 0.0143048 0.0143048 0.2436903 0.2436903 0.2434695 0.2383294 0.2389614 0.2481262 0.2367864 0.2402409 0.2392372 0.2434514 0.2379649 0.2424271 0.2382850 0.2385245 0.2403385 0.2398116 0.2291832 0.2239540 0.2182232 0.2216387 0.2221462 0.2225827 0.2240628 0.2206960 0.2275489 0.2265816 0.2243802 0.2257337 0.2255938 0.2214772 0.2238742 0.2243137 0.2272274 0.2238510 0.2219603 0.2236299 0.2215266 0.2234093 0.2246159 0.2247884 0.2217301 0.2246138 3.5519509 3.5249737 3.7077732 3.6682136 4.0495623 4.3562441 3.9858987 3.9792235 3.3672321 3.3589868 8.8300804 2.9688597 2.8002564 2.7566476 2.8228406 2.6915105 2.7238400 2.7377535 2.5983044 2.6075745 2.6094468 2.8936508 2.6247634 2.8936508 2.6267588 2.6368062 2.7173496 2.6961993 3.5698523 2.5696569 2.8838475 2.6963463 2.9511434 2.6935735 2.9977546 3.2517682 2.9455685 2.9802550 3.5091122 3.6101120 2.8646450 2.8787790 2.8858309 2.8716110 2.9990619 2.8495383 2.6342045 2.8826662 2.8826662 3.1533614 3.2947446 3.1740962 3.0407612 2.8029890 3.3849229 3.2766617 3.2441130 3.1751767 2.6445754 2.9331753 2.6273538 2.7038345 4.1805074 2.6520297 2.6852588 2.6827798 2.6178993 2.6241577 2.6128913 2.7085738 2.6449208 2.6532093 2.6538339 2.5333843 2.5630621 2.6350106 2.5617743 2.5263708 2.5605808 2.5619192 2.5314038 2.6373834 2.5607750 2.4988955 2.6063531 2.5436000 2.5478266 2.5778527 2.6380921 2.5989563 2.6155161 2.6267383 2.6584811 2.6551096 2.5795636 2.5445869 2.6413681 2.8097942 2.6456198 2.5219762 2.6081151 2.6703273 3.0771428 2.6301622 2.6830262 2.5898986 2.5570158 2.6727481 5.7115515 3.5209763 3.4045274 3.4526859 2.8275235 2.6725696 2.6725696 2.7692588 2.5572213 2.5918316 
ON0528081_Temnothorax_97  0.1108274 0.0014514 0.0008420 0.0015233 0.0014507 0.0021755 0.0000010 0.0000000 0.0000010 0.0030570 0.0000010 0.0000010 0.0014454 0.0007949 0.0007323 0.0007365 0.0007317 0.0014668 0.0014435 0.0007486 0.0015449 0.0008184 0.0007210 0.0007216 0.0007302 0.0007314 0.0014502 0.0014673 0.0014669 0.0014733 0.0014659 0.0021746 0.0069673 0.0202720 0.0159008 0.0151329 0.0204210 0.0134019 0.0140851 0.0140851 0.2421491 0.2436035 0.2434695 0.2383294 0.2389614 0.2481262 0.2367864 0.2402409 0.2392372 0.2434514 0.2379649 0.2424271 0.2382850 0.2385245 0.2403385 0.2398116 0.2291832 0.2239540 0.2182232 0.2216387 0.2221462 0.2225827 0.2240628 0.2206960 0.2275489 0.2265816 0.2243802 0.2257337 0.2255938 0.2214772 0.2238742 0.2243137 0.2272274 0.2238510 0.2219603 0.2236299 0.2215266 0.2234093 0.2246159 0.2247884 0.2217301 0.2246138 3.5519509 3.5249737 3.7077732 3.6682136 4.0495623 4.3562441 3.9858987 3.9792235 3.3672321 3.3589868 8.8300804 2.9688597 2.8002564 2.7566476 2.8228406 2.6915105 2.7238400 2.7377535 2.5983044 2.6075745 2.6094468 2.8936508 2.6247634 2.8936508 2.6267588 2.6368062 2.7173496 2.6961993 3.5698523 2.5696569 2.8838475 2.6963463 2.9511434 2.6935735 2.9977546 3.2517682 2.9455685 2.9802550 3.5091122 3.6101120 2.8646450 2.8787790 2.8858309 2.8716110 2.9990619 2.8495383 2.6342045 2.8826662 2.8826662 3.1533614 3.2947446 3.1740962 3.0407612 2.8029890 3.3849229 3.2766617 3.2441130 3.1751767 2.6445754 2.9331753 2.6273538 2.7038345 4.1805074 2.6520297 2.6852588 2.6827798 2.6178993 2.6241577 2.6128913 2.7085738 2.6449208 2.6532093 2.6538339 2.5333843 2.5630621 2.6350106 2.5617743 2.5263708 2.5605808 2.5619192 2.5314038 2.6373834 2.5607750 2.4988955 2.6063531 2.5436000 2.5478266 2.5778527 2.6380921 2.5989563 2.6155161 2.6267383 2.6584811 2.6551096 2.5795636 2.5445869 2.6413681 2.8097942 2.6456198 2.5219762 2.6081151 2.6703273 3.0771428 2.6301622 2.6830262 2.5898986 2.5570158 2.6727481 5.7115515 3.5209763 3.4045274 3.4526859 2.8275235 2.6725696 2.6725696 2.7692588 2.5572213 2.5918316 
ON0528151_Temnothorax_90  0.1085519 0.0015083 0.0008420 0.0015245 0.0007501 0.0022538 0.0000010 0.0000010 0.0000000 0.0030570 0.0000010 0.0000010 0.0015019 0.0007949 0.0007495 0.0007539 0.0007495 0.0007492 0.0014999 0.0007492 0.0015449 0.0008191 0.0007492 0.0007492 0.0007492 0.0007492 0.0015024 0.0015030 0.0015025 0.0015081 0.0015015 0.0022598 0.0072308 0.0194939 0.0146977 0.0146977 0.0204107 0.0128531 0.0138656 0.0138656 0.2501268 0.2501268 0.2434695 0.2383294 0.2389614 0.2481262 0.2367864 0.2402409 0.2392372 0.2434514 0.2379649 0.2424271 0.2382850 0.2385245 0.2403385 0.2398116 0.2291832 0.2239540 0.2182232 0.2216387 0.2221462 0.2225827 0.2240628 0.2206960 0.2275489 0.2265816 0.2243802 0.2257337 0.2255938 0.2214772 0.2238742 0.2243137 0.2272274 0.2238510 0.2219603 0.2236299 0.2215266 0.2234093 0.2246159 0.2247884 0.2217301 0.2246138 3.5519509 3.5249737 3.7077732 3.6682136 4.0495623 4.3562441 3.9858987 3.9792235 3.3672321 3.3589868 8.5505429 2.9688597 2.8002564 2.7566476 2.8228406 2.6915105 2.7238400 2.7377535 2.5983044 2.6075745 2.6094468 2.8936508 2.6247634 2.8936508 2.6267588 2.6368062 2.7173496 2.6961993 3.5698523 2.5696569 2.8838475 2.6963463 2.9511434 2.6935735 2.9977546 3.2517682 2.9455685 2.9802550 3.5091122 3.6101120 2.8646450 2.8787790 2.8858309 2.8716110 2.9990619 2.8495383 2.6342045 2.8826662 2.8826662 3.1533614 3.2947446 3.1740962 3.0407612 2.8029890 3.3849229 3.2766617 3.2441130 3.1751767 2.6445754 2.9331753 2.6273538 2.7038345 4.1805074 2.6520297 2.6852588 2.6827798 2.6178993 2.6241577 2.6128913 2.7085738 2.6449208 2.6532093 2.6538339 2.5333843 2.5630621 2.6350106 2.5617743 2.5263708 2.5605808 2.5619192 2.5314038 2.6373834 2.5607750 2.4988955 2.6063531 2.5436000 2.5478266 2.5778527 2.6380921 2.5989563 2.6155161 2.6267383 2.6584811 2.6551096 2.5795636 2.5445869 2.6413681 2.8097942 2.6456198 2.5219762 2.6081151 2.6703273 3.0771428 2.6301622 2.6830262 2.5898986 2.5570158 2.6727481 5.7115515 3.5209763 3.4045274 3.4526859 2.8275235 2.6725696 2.6725696 2.7692588 2.5572213 2.5918316 
ON0528091_Temnothorax_96  0.1140264 0.0038342 0.0008420 0.0046380 0.0038308 0.0053713 0.0030570 0.0030570 0.0030570 0.0000000 0.0000010 0.0000010 0.0046021 0.0007949 0.0030529 0.0007595 0.0030529 0.0038255 0.0045957 0.0038255 0.0047004 0.0041576 0.0038255 0.0038255 0.0038255 0.0038255 0.0046038 0.0046055 0.0038257 0.0022852 0.0038230 0.0053865 0.0073172 0.0231107 0.0181814 0.0181814 0.0232297 0.0129688 0.0173160 0.0173160 0.2584834 0.2584834 0.2528867 0.2475686 0.2481765 0.2576216 0.2459404 0.2494654 0.2484094 0.2528712 0.2471224 0.2518457 0.2474637 0.2477188 0.2496358 0.2492446 0.2387213 0.2332234 0.2268593 0.2303655 0.2309071 0.2313726 0.2329334 0.2297816 0.2366864 0.2354786 0.2335646 0.2348186 0.2344957 0.2301931 0.2327358 0.2333178 0.2363454 0.2327146 0.2307123 0.2324787 0.2302497 0.2322433 0.2335276 0.2338210 0.2308760 0.2336977 3.5519509 3.5249737 3.7077732 3.6682136 4.0495623 4.3562441 3.9858987 3.9792235 3.3672321 3.3589868 8.4206528 2.9688597 2.8002564 2.7566476 2.8228406 2.6915105 2.7238400 2.7377535 2.5983044 2.6075745 2.6094468 2.8936508 2.6247634 2.8936508 2.6267588 2.6368062 2.7173496 2.6961993 3.5698523 2.5696569 2.8838475 2.6963463 2.9511434 2.6935735 2.9977546 3.2517682 2.9455685 2.9802550 3.5091122 3.6101120 2.8646450 2.8787790 2.8858309 2.8716110 2.9990619 2.8495383 2.6342045 2.8826662 2.8826662 3.1533614 3.2947446 3.1740962 3.0407612 2.8029890 3.3849229 3.2766617 3.2441130 3.1751767 2.6445754 2.9331753 2.6273538 2.7038345 4.1805074 2.6520297 2.6852588 2.6827798 2.6178993 2.6241577 2.6128913 2.7085738 2.6449208 2.6532093 2.6538339 2.5333843 2.5630621 2.6350106 2.5617743 2.5263708 2.5605808 2.5619192 2.5314038 2.6373834 2.5607750 2.4988955 2.6063531 2.5436000 2.5478266 2.5778527 2.6380921 2.5989563 2.6155161 2.6267383 2.6584811 2.6551096 2.5795636 2.5445869 2.6413681 2.8097942 2.6456198 2.5219762 2.6081151 2.6703273 3.0771428 2.6301622 2.6830262 2.5898986 2.5570158 2.6727481 5.7115515 3.5209763 3.4045274 3.4526859 2.8275235 2.6725696 2.6725696 2.7692588 2.5572213 2.5918316 
ON0528071_Temnothorax_98  0.1097415 0.0014837 0.0008420 0.0015332 0.0007380 0.0022172 0.0000010 0.0000010 0.0000010 0.0000010 0.0000000 0.0000010 0.0014775 0.0007949 0.0007370 0.0007376 0.0007370 0.0014780 0.0014756 0.0007533 0.0015538 0.0008241 0.0007370 0.0007370 0.0007370 0.0007370 0.0014780 0.0014786 0.0014775 0.0014766 0.0014766 0.0022230 0.0069828 0.0199508 0.0160266 0.0152420 0.0208648 0.0134249 0.0144063 0.0144063 0.2425286 0.2425286 0.2439017 0.2387158 0.2393515 0.2485965 0.2371579 0.2406408 0.2396276 0.2438836 0.2383452 0.2428517 0.2386686 0.2389105 0.2407423 0.2402173 0.2295107 0.2242316 0.2184394 0.2218830 0.2223953 0.2228358 0.2243294 0.2209428 0.2278503 0.2268680 0.2246586 0.2260196 0.2258728 0.2217200 0.2241391 0.2245862 0.2275258 0.2241158 0.2222077 0.2238926 0.2217699 0.2236699 0.2248879 0.2250654 0.2219867 0.2248910 3.5519509 3.5249737 3.7077732 3.6682136 4.0495623 4.3562441 3.9858987 3.9792235 3.3672321 3.3589868 8.9106118 2.9688597 2.8002564 2.7566476 2.8228406 2.6915105 2.7238400 2.7377535 2.5983044 2.6075745 2.6094468 2.8936508 2.6247634 2.8936508 2.6267588 2.6368062 2.7173496 2.6961993 3.5698523 2.5696569 2.8838475 2.6963463 2.9511434 2.6935735 2.9977546 3.2517682 2.9455685 2.9802550 3.5091122 3.6101120 2.8646450 2.8787790 2.8858309 2.8716110 2.9990619 2.8495383 2.6342045 2.8826662 2.8826662 3.1533614 3.2947446 3.1740962 3.0407612 2.8029890 3.3849229 3.2766617 3.2441130 3.1751767 2.6445754 2.9331753 2.6273538 2.7038345 4.1805074 2.6520297 2.6852588 2.6827798 2.6178993 2.6241577 2.6128913 2.7085738 2.6449208 2.6532093 2.6538339 2.5333843 2.5630621 2.6350106 2.5617743 2.5263708 2.5605808 2.5619192 2.5314038 2.6373834 2.5607750 2.4988955 2.6063531 2.5436000 2.5478266 2.5778527 2.6380921 2.5989563 2.6155161 2.6267383 2.6584811 2.6551096 2.5795636 2.5445869 2.6413681 2.8097942 2.6456198 2.5219762 2.6081151 2.6703273 3.0771428 2.6301622 2.6830262 2.5898986 2.5570158 2.6727481 5.7115515 3.5209763 3.4045274 3.4526859 2.8275235 2.6725696 2.6725696 2.7692588 2.5572213 2.5918316 
ON0528131_Temnothorax_92  0.1092690 0.0007677 0.0008420 0.0015500 0.0007670 0.0023047 0.0000010 0.0000010 0.0000010 0.0000010 0.0000010 0.0000000 0.0015358 0.0008033 0.0007660 0.0007660 0.0007660 0.0007660 0.0015337 0.0007660 0.0015711 0.0008339 0.0007660 0.0007660 0.0007660 0.0007660 0.0015363 0.0015369 0.0015358 0.0015348 0.0015348 0.0023109 0.0072992 0.0199490 0.0150387 0.0150387 0.0200503 0.0129457 0.0141859 0.0141859 0.2503469 0.2503469 0.2439054 0.2386653 0.2393079 0.2486497 0.2368495 0.2406106 0.2395870 0.2438872 0.2382913 0.2428444 0.2386179 0.2388623 0.2407129 0.2417630 0.2309892 0.2256265 0.2196953 0.2231784 0.2236997 0.2241479 0.2256651 0.2222841 0.2292538 0.2282270 0.2260441 0.2274007 0.2272250 0.2230125 0.2254719 0.2259439 0.2289237 0.2254487 0.2235093 0.2252216 0.2230639 0.2249949 0.2262340 0.2264311 0.2233451 0.2262631 3.5519509 3.5249737 3.7077732 3.6682136 4.0495623 4.3562441 3.9858987 3.9792235 3.3672321 3.3589868 8.4926808 2.9688597 2.8002564 2.7566476 2.8228406 2.6915105 2.7238400 2.7377535 2.5983044 2.6075745 2.6094468 2.8936508 2.6247634 2.8936508 2.6267588 2.6368062 2.7173496 2.6961993 3.5698523 2.5696569 2.8838475 2.6963463 2.9511434 2.6935735 2.9977546 3.2517682 2.9455685 2.9802550 3.5091122 3.6101120 2.8646450 2.8787790 2.8858309 2.8716110 2.9990619 2.8495383 2.6342045 2.8826662 2.8826662 3.1533614 3.2947446 3.1740962 3.0407612 2.8029890 3.3849229 3.2766617 3.2441130 3.1751767 2.6445754 2.9331753 2.6273538 2.7038345 4.1805074 2.6520297 2.6852588 2.6827798 2.6178993 2.6241577 2.6128913 2.7085738 2.6449208 2.6532093 2.6538339 2.5333843 2.5630621 2.6350106 2.5617743 2.5263708 2.5605808 2.5619192 2.5314038 2.6373834 2.5607750 2.4988955 2.6063531 2.5436000 2.5478266 2.5778527 2.6380921 2.5989563 2.6155161 2.6267383 2.6584811 2.6551096 2.5795636 2.5445869 2.6413681 2.8097942 2.6456198 2.5219762 2.6081151 2.6703273 3.0771428 2.6301622 2.6830262 2.5898986 2.5570158 2.6727481 5.7115515 3.5209763 3.4045274 3.4526859 2.8275235 2.6725696 2.6725696 2.7692588 2.5572213 2.5918316 
ON0527971_Temnothorax_108 0.1130697 0.0029125 0.0000010 0.0030574 0.0029111 0.0021768 0.0014674 0.0014454 0.0015019 0.0046021 0.0014775 0.0015358 0.0000000 0.0007954 0.0007327 0.0007370 0.0007322 0.0014677 0.0014444 0.0007491 0.0015459 0.0008190 0.0007215 0.0007220 0.0007307 0.0007319 0.0014511 0.0014682 0.0014678 0.0014743 0.0014669 0.0021759 0.0057902 0.0218491 0.0174765 0.0167048 0.0220109 0.0152529 0.0156215 0.0156215 0.2425829 0.2440420 0.2440075 0.2388521 0.2394835 0.2486735 0.2373027 0.2407648 0.2397572 0.2439896 0.2384826 0.2429642 0.2388043 0.2390449 0.2408666 0.2403467 0.2315487 0.2262634 0.2186901 0.2221146 0.2226245 0.2230630 0.2245492 0.2211899 0.2280539 0.2270724 0.2248839 0.2262337 0.2260837 0.2219523 0.2243599 0.2248076 0.2277310 0.2243368 0.2224379 0.2241146 0.2220021 0.2238929 0.2251052 0.2252844 0.2240132 0.2251124 3.5519509 3.5249737 3.7077732 3.6682136 4.0495623 4.3562441 3.9858987 3.9792235 3.3672321 3.3589868 8.8300804 2.9688597 2.8002564 2.7566476 2.8228406 2.6915105 2.7238400 2.7377535 2.5983044 2.6075745 2.6094468 2.8936508 2.6247634 2.8936508 2.6267588 2.6368062 2.7173496 2.6961993 3.5698523 2.5696569 2.8838475 2.6963463 2.9511434 2.6935735 2.9977546 3.2517682 2.9455685 2.9802550 3.5091122 3.6101120 2.8646450 2.8787790 2.8858309 2.8716110 2.9990619 2.8495383 2.6342045 2.8826662 2.8826662 3.1533614 3.2947446 3.1740962 3.0407612 2.8029890 3.3849229 3.2766617 3.2441130 3.1751767 2.6445754 2.9331753 2.6273538 2.7038345 4.1805074 2.6520297 2.6852588 2.6827798 2.6178993 2.6241577 2.6128913 2.7085738 2.6449208 2.6532093 2.6538339 2.5333843 2.5630621 2.6350106 2.5617743 2.5263708 2.5605808 2.5619192 2.5314038 2.6373834 2.5607750 2.4988955 2.6063531 2.5436000 2.5478266 2.5778527 2.6380921 2.5989563 2.6155161 2.6267383 2.6584811 2.6551096 2.5795636 2.5445869 2.6413681 2.8097942 2.6456198 2.5219762 2.6081151 2.6703273 3.0771428 2.6301622 2.6830262 2.5898986 2.5570158 2.6727481 5.7115515 3.5209763 3.4045274 3.4526859 2.8275235 2.6725696 2.6725696 2.7692588 2.5572213 2.5918316 
ON0528011_Temnothorax_104 0.1104760 0.0015953 0.0000010 0.0023965 0.0015938 0.0015916 0.0007949 0.0007949 0.0007949 0.0007949 0.0007949 0.0008033 0.0007954 0.0000000 0.0000010 0.0000010 0.0000010 0.0000010 0.0000010 0.0000010 0.0000010 0.0000010 0.0000010 0.0000010 0.0000010 0.0000010 0.0007957 0.0007960 0.0007954 0.0007949 0.0007949 0.0015961 0.0065475 0.0215866 0.0164666 0.0164666 0.0199867 0.0147140 0.0147371 0.0147371 0.2488335 0.2488335 0.2423892 0.2372154 0.2378570 0.2470860 0.2356663 0.2391487 0.2381408 0.2423707 0.2368567 0.2413356 0.2371777 0.2374179 0.2392389 0.2386904 0.2297785 0.2244899 0.2169725 0.2204122 0.2209205 0.2213576 0.2228427 0.2194090 0.2263312 0.2253851 0.2231210 0.2245030 0.2243861 0.2202505 0.2226533 0.2230782 0.2260087 0.2226296 0.2207338 0.2224081 0.2202994 0.2221871 0.2233963 0.2235543 0.2222406 0.2233709 3.5519509 3.5249737 3.7077732 3.6682136 4.0495623 4.3562441 3.9858987 3.9792235 3.3672321 3.3589868 6.7302451 2.9688597 2.8002564 2.7566476 2.8228406 2.6915105 2.7238400 2.7377535 2.5983044 2.6075745 2.6094468 2.8936508 2.6247634 2.8936508 2.6267588 2.6368062 2.7173496 2.6961993 3.5698523 2.5696569 2.8838475 2.6963463 2.9511434 2.6935735 2.9977546 3.2517682 2.9455685 2.9802550 3.5091122 3.6101120 2.8646450 2.8787790 2.8858309 2.8716110 2.9990619 2.8495383 2.6342045 2.8826662 2.8826662 3.1533614 3.2947446 3.1740962 3.0407612 2.8029890 3.3849229 3.2766617 3.2441130 3.1751767 2.6445754 2.9331753 2.6273538 2.7038345 4.1805074 2.6520297 2.6852588 2.6827798 2.6178993 2.6241577 2.6128913 2.7085738 2.6449208 2.6532093 2.6538339 2.5333843 2.5630621 2.6350106 2.5617743 2.5263708 2.5605808 2.5619192 2.5314038 2.6373834 2.5607750 2.4988955 2.6063531 2.5436000 2.5478266 2.5778527 2.6380921 2.5989563 2.6155161 2.6267383 2.6584811 2.6551096 2.5795636 2.5445869 2.6413681 2.8097942 2.6456198 2.5219762 2.6081151 2.6703273 3.0771428 2.6301622 2.6830262 2.5898986 2.5570158 2.6727481 5.7115515 3.5209763 3.4045274 3.4526859 2.8275235 2.6725696 2.6725696 2.7692588 2.5572213 2.5918316 
ON0528021_Temnothorax_103 0.1109832 0.0022135 0.0000010 0.0022902 0.0022057 0.0014661 0.0007323 0.0007323 0.0007495 0.0030529 0.0007370 0.0007660 0.0007327 0.0000010 0.0000000 0.0000010 0.0000010 0.0007330 0.0007318 0.0000010 0.0007714 0.0000010 0.0000010 0.0000010 0.0000010 0.0000010 0.0007330 0.0007332 0.0007327 0.0007357 0.0007323 0.0014699 0.0057902 0.0206001 0.0166950 0.0159371 0.0215454 0.0143135 0.0150795 0.0150795 0.2424472 0.2424472 0.2419508 0.2368213 0.2374594 0.2466110 0.2352866 0.2387417 0.2377430 0.2419323 0.2364686 0.2409047 0.2367864 0.2370242 0.2388281 0.2382776 0.2294254 0.2241857 0.2167431 0.2201557 0.2206593 0.2210925 0.2225645 0.2191497 0.2260191 0.2250878 0.2228311 0.2242060 0.2240958 0.2199954 0.2223768 0.2227942 0.2256997 0.2223532 0.2204743 0.2221337 0.2200439 0.2219147 0.2231129 0.2232659 0.2219571 0.2230822 3.5519509 3.5249737 3.7077732 3.6682136 4.0495623 4.3562441 3.9858987 3.9792235 3.3672321 3.3589868 8.8300804 2.9688597 2.8002564 2.7566476 2.8228406 2.6915105 2.7238400 2.7377535 2.5983044 2.6075745 2.6094468 2.8936508 2.6247634 2.8936508 2.6267588 2.6368062 2.7173496 2.6961993 3.5698523 2.5696569 2.8838475 2.6963463 2.9511434 2.6935735 2.9977546 3.2517682 2.9455685 2.9802550 3.5091122 3.6101120 2.8646450 2.8787790 2.8858309 2.8716110 2.9990619 2.8495383 2.6342045 2.8826662 2.8826662 3.1533614 3.2947446 3.1740962 3.0407612 2.8029890 3.3849229 3.2766617 3.2441130 3.1751767 2.6445754 2.9331753 2.6273538 2.7038345 4.1805074 2.6520297 2.6852588 2.6827798 2.6178993 2.6241577 2.6128913 2.7085738 2.6449208 2.6532093 2.6538339 2.5333843 2.5630621 2.6350106 2.5617743 2.5263708 2.5605808 2.5619192 2.5314038 2.6373834 2.5607750 2.4988955 2.6063531 2.5436000 2.5478266 2.5778527 2.6380921 2.5989563 2.6155161 2.6267383 2.6584811 2.6551096 2.5795636 2.5445869 2.6413681 2.8097942 2.6456198 2.5219762 2.6081151 2.6703273 3.0771428 2.6301622 2.6830262 2.5898986 2.5570158 2.6727481 5.7115515 3.5209763 3.4045274 3.4526859 2.8275235 2.6725696 2.6725696 2.7692588 2.5572213 2.5918316 
ON0528041_Temnothorax_101 0.1106749 0.0022265 0.0000010 0.0023041 0.0022186 0.0014746 0.0007365 0.0007365 0.0007539 0.0007595 0.0007376 0.0007660 0.0007370 0.0000010 0.0000010 0.0000000 0.0000010 0.0007373 0.0007360 0.0000010 0.0007761 0.0000010 0.0000010 0.0000010 0.0000010 0.0000010 0.0007373 0.0007375 0.0007370 0.0007365 0.0007365 0.0014785 0.0057902 0.0207251 0.0167958 0.0160333 0.0216772 0.0143135 0.0151699 0.0151699 0.2408890 0.2408890 0.2423892 0.2372154 0.2378570 0.2470860 0.2356663 0.2391487 0.2381408 0.2423707 0.2368567 0.2413356 0.2371777 0.2374179 0.2392389 0.2386904 0.2297785 0.2244899 0.2169725 0.2204122 0.2209205 0.2213576 0.2228427 0.2194090 0.2263312 0.2253851 0.2231210 0.2245030 0.2243861 0.2202505 0.2226533 0.2230782 0.2260087 0.2226296 0.2207338 0.2224081 0.2202994 0.2221871 0.2233963 0.2235543 0.2222406 0.2233709 3.5519509 3.5249737 3.7077732 3.6682136 4.0495623 4.3562441 3.9858987 3.9792235 3.3672321 3.3589868 8.8300804 2.9688597 2.8002564 2.7566476 2.8228406 2.6915105 2.7238400 2.7377535 2.5983044 2.6075745 2.6094468 2.8936508 2.6247634 2.8936508 2.6267588 2.6368062 2.7173496 2.6961993 3.5698523 2.5696569 2.8838475 2.6963463 2.9511434 2.6935735 2.9977546 3.2517682 2.9455685 2.9802550 3.5091122 3.6101120 2.8646450 2.8787790 2.8858309 2.8716110 2.9990619 2.8495383 2.6342045 2.8826662 2.8826662 3.1533614 3.2947446 3.1740962 3.0407612 2.8029890 3.3849229 3.2766617 3.2441130 3.1751767 2.6445754 2.9331753 2.6273538 2.7038345 4.1805074 2.6520297 2.6852588 2.6827798 2.6178993 2.6241577 2.6128913 2.7085738 2.6449208 2.6532093 2.6538339 2.5333843 2.5630621 2.6350106 2.5617743 2.5263708 2.5605808 2.5619192 2.5314038 2.6373834 2.5607750 2.4988955 2.6063531 2.5436000 2.5478266 2.5778527 2.6380921 2.5989563 2.6155161 2.6267383 2.6584811 2.6551096 2.5795636 2.5445869 2.6413681 2.8097942 2.6456198 2.5219762 2.6081151 2.6703273 3.0771428 2.6301622 2.6830262 2.5898986 2.5570158 2.6727481 5.7115515 3.5209763 3.4045274 3.4526859 2.8275235 2.6725696 2.6725696 2.7692588 2.5572213 2.5918316 
ON0528121_Temnothorax_93  0.1108903 0.0022118 0.0000010 0.0022884 0.0022041 0.0014650 0.0007323 0.0007317 0.0007495 0.0030529 0.0007370 0.0007660 0.0007322 0.0000010 0.0000010 0.0000010 0.0000000 0.0007324 0.0007312 0.0000010 0.0007714 0.0000010 0.0000010 0.0000010 0.0000010 0.0000010 0.0007324 0.0007327 0.0007322 0.0007357 0.0007317 0.0014688 0.0057902 0.0205843 0.0166823 0.0159249 0.0215287 0.0143135 0.0150680 0.0150680 0.2422295 0.2422295 0.2419508 0.2368213 0.2374594 0.2466110 0.2352866 0.2387417 0.2377430 0.2419323 0.2364686 0.2409047 0.2367864 0.2370242 0.2388281 0.2382776 0.2294254 0.2241857 0.2167431 0.2201557 0.2206593 0.2210925 0.2225645 0.2191497 0.2260191 0.2250878 0.2228311 0.2242060 0.2240958 0.2199954 0.2223768 0.2227942 0.2256997 0.2223532 0.2204743 0.2221337 0.2200439 0.2219147 0.2231129 0.2232659 0.2219571 0.2230822 3.5519509 3.5249737 3.7077732 3.6682136 4.0495623 4.3562441 3.9858987 3.9792235 3.3672321 3.3589868 8.8300804 2.9688597 2.8002564 2.7566476 2.8228406 2.6915105 2.7238400 2.7377535 2.5983044 2.6075745 2.6094468 2.8936508 2.6247634 2.8936508 2.6267588 2.6368062 2.7173496 2.6961993 3.5698523 2.5696569 2.8838475 2.6963463 2.9511434 2.6935735 2.9977546 3.2517682 2.9455685 2.9802550 3.5091122 3.6101120 2.8646450 2.8787790 2.8858309 2.8716110 2.9990619 2.8495383 2.6342045 2.8826662 2.8826662 3.1533614 3.2947446 3.1740962 3.0407612 2.8029890 3.3849229 3.2766617 3.2441130 3.1751767 2.6445754 2.9331753 2.6273538 2.7038345 4.1805074 2.6520297 2.6852588 2.6827798 2.6178993 2.6241577 2.6128913 2.7085738 2.6449208 2.6532093 2.6538339 2.5333843 2.5630621 2.6350106 2.5617743 2.5263708 2.5605808 2.5619192 2.5314038 2.6373834 2.5607750 2.4988955 2.6063531 2.5436000 2.5478266 2.5778527 2.6380921 2.5989563 2.6155161 2.6267383 2.6584811 2.6551096 2.5795636 2.5445869 2.6413681 2.8097942 2.6456198 2.5219762 2.6081151 2.6703273 3.0771428 2.6301622 2.6830262 2.5898986 2.5570158 2.6727481 5.7115515 3.5209763 3.4045274 3.4526859 2.8275235 2.6725696 2.6725696 2.7692588 2.5572213 2.5918316 
ON0528031_Temnothorax_102 0.1121359 0.0029559 0.0000010 0.0022875 0.0029455 0.0022025 0.0014679 0.0014668 0.0007492 0.0038255 0.0014780 0.0007660 0.0014677 0.0000010 0.0007330 0.0007373 0.0007324 0.0000000 0.0014658 0.0000010 0.0007710 0.0000010 0.0007321 0.0007321 0.0007321 0.0007321 0.0014682 0.0014687 0.0014683 0.0014748 0.0014674 0.0022082 0.0069784 0.0213989 0.0174831 0.0167239 0.0223530 0.0152597 0.0158597 0.0158597 0.2441442 0.2441442 0.2417039 0.2365825 0.2372207 0.2463587 0.2350510 0.2385018 0.2375052 0.2416853 0.2362321 0.2406584 0.2365491 0.2367864 0.2385864 0.2380328 0.2291832 0.2239540 0.2165330 0.2199410 0.2204435 0.2208757 0.2223447 0.2189271 0.2257904 0.2248656 0.2226035 0.2239799 0.2238742 0.2197812 0.2221573 0.2225710 0.2254717 0.2221337 0.2202588 0.2219147 0.2198294 0.2216963 0.2228917 0.2230417 0.2217301 0.2228569 3.5519509 3.5249737 3.7077732 3.6682136 4.0495623 4.3562441 3.9858987 3.9792235 3.3672321 3.3589868 8.9602771 2.9688597 2.8002564 2.7566476 2.8228406 2.6915105 2.7238400 2.7377535 2.5983044 2.6075745 2.6094468 2.8936508 2.6247634 2.8936508 2.6267588 2.6368062 2.7173496 2.6961993 3.5698523 2.5696569 2.8838475 2.6963463 2.9511434 2.6935735 2.9977546 3.2517682 2.9455685 2.9802550 3.5091122 3.6101120 2.8646450 2.8787790 2.8858309 2.8716110 2.9990619 2.8495383 2.6342045 2.8826662 2.8826662 3.1533614 3.2947446 3.1740962 3.0407612 2.8029890 3.3849229 3.2766617 3.2441130 3.1751767 2.6445754 2.9331753 2.6273538 2.7038345 4.1805074 2.6520297 2.6852588 2.6827798 2.6178993 2.6241577 2.6128913 2.7085738 2.6449208 2.6532093 2.6538339 2.5333843 2.5630621 2.6350106 2.5617743 2.5263708 2.5605808 2.5619192 2.5314038 2.6373834 2.5607750 2.4988955 2.6063531 2.5436000 2.5478266 2.5778527 2.6380921 2.5989563 2.6155161 2.6267383 2.6584811 2.6551096 2.5795636 2.5445869 2.6413681 2.8097942 2.6456198 2.5219762 2.6081151 2.6703273 3.0771428 2.6301622 2.6830262 2.5898986 2.5570158 2.6727481 5.7115515 3.5209763 3.4045274 3.4526859 2.8275235 2.6725696 2.6725696 2.7692588 2.5572213 2.5918316 
ON0527991_Temnothorax_106 0.1128368 0.0029088 0.0000010 0.0030533 0.0029074 0.0021740 0.0014655 0.0014435 0.0014999 0.0045957 0.0014756 0.0015337 0.0014444 0.0000010 0.0007318 0.0007360 0.0007312 0.0014658 0.0000000 0.0007481 0.0007710 0.0000010 0.0007206 0.0007211 0.0007298 0.0007310 0.0014493 0.0014663 0.0014659 0.0014724 0.0014650 0.0021732 0.0069600 0.0218177 0.0174515 0.0166810 0.0219791 0.0152273 0.0155997 0.0155997 0.2392890 0.2407282 0.2417039 0.2365825 0.2372207 0.2463587 0.2350510 0.2385018 0.2375052 0.2416853 0.2362321 0.2406584 0.2365491 0.2367864 0.2385864 0.2380328 0.2291832 0.2239540 0.2165330 0.2199410 0.2204435 0.2208757 0.2223447 0.2189271 0.2257904 0.2248656 0.2226035 0.2239799 0.2238742 0.2197812 0.2221573 0.2225710 0.2254717 0.2221337 0.2202588 0.2219147 0.2198294 0.2216963 0.2228917 0.2230417 0.2217301 0.2228569 3.5519509 3.5249737 3.7077732 3.6682136 4.0495623 4.3562441 3.9858987 3.9792235 3.3672321 3.3589868 8.8887848 2.9688597 2.8002564 2.7566476 2.8228406 2.6915105 2.7238400 2.7377535 2.5983044 2.6075745 2.6094468 2.8936508 2.6247634 2.8936508 2.6267588 2.6368062 2.7173496 2.6961993 3.5698523 2.5696569 2.8838475 2.6963463 2.9511434 2.6935735 2.9977546 3.2517682 2.9455685 2.9802550 3.5091122 3.6101120 2.8646450 2.8787790 2.8858309 2.8716110 2.9990619 2.8495383 2.6342045 2.8826662 2.8826662 3.1533614 3.2947446 3.1740962 3.0407612 2.8029890 3.3849229 3.2766617 3.2441130 3.1751767 2.6445754 2.9331753 2.6273538 2.7038345 4.1805074 2.6520297 2.6852588 2.6827798 2.6178993 2.6241577 2.6128913 2.7085738 2.6449208 2.6532093 2.6538339 2.5333843 2.5630621 2.6350106 2.5617743 2.5263708 2.5605808 2.5619192 2.5314038 2.6373834 2.5607750 2.4988955 2.6063531 2.5436000 2.5478266 2.5778527 2.6380921 2.5989563 2.6155161 2.6267383 2.6584811 2.6551096 2.5795636 2.5445869 2.6413681 2.8097942 2.6456198 2.5219762 2.6081151 2.6703273 3.0771428 2.6301622 2.6830262 2.5898986 2.5570158 2.6727481 5.7115515 3.5209763 3.4045274 3.4526859 2.8275235 2.6725696 2.6725696 2.7692588 2.5572213 2.5918316 
