50
PQ6726171_Temnothorax_4  0.0000000 0.0000010 0.0010875 0.0033497 0.2361580 0.2358190 0.2364478 0.2332858 0.2360807 0.2325741 0.2381263 0.2368164 0.2389372 0.2439466 0.2409364 0.2388968 0.2390703 0.2418264 0.2378290 0.2427904 0.2380470 0.2369374 0.2326239 0.2369374 0.2231023 0.2280493 0.2297227 0.2289588 0.2304237 0.2333088 0.2671393 0.2426008 0.2523089 0.2534548 0.2425850 0.2495944 0.2589586 0.2455048 0.2462319 0.2458471 0.2453871 0.2476884 0.2552838 0.2554019 0.2460116 0.2471639 0.1207810 8.9999985 8.9999986 8.9999989 
PQ6726141_Temnothorax_7  0.0000010 0.0000000 0.0021030 0.0028468 0.2294479 0.2307549 0.2151533 0.2136012 0.2149786 0.2132576 0.2159571 0.2153284 0.2160997 0.2186166 0.2170606 0.2159394 0.2157630 0.2180499 0.2150514 0.2180665 0.2156748 0.2153955 0.2132911 0.2171218 0.2085130 0.2104501 0.2120180 0.2116451 0.2123597 0.2137989 0.2305574 0.2172992 0.2218364 0.2328955 0.2275638 0.2309924 0.2382121 0.2311490 0.2293097 0.2291196 0.2288927 0.2301522 0.2339090 0.2339752 0.2291049 0.2297855 0.1105008 8.9999984 8.9999987 8.9999989 
PQ6726151_Temnothorax_6  0.0010875 0.0021030 0.0000000 0.0035595 0.2276121 0.2289069 0.2129456 0.2114145 0.2127737 0.2110765 0.2137370 0.2131178 0.2138506 0.2163468 0.2147991 0.2136774 0.2134754 0.2158327 0.2127599 0.2158040 0.2134317 0.2131847 0.2111106 0.2149021 0.2081126 0.2100276 0.2116079 0.2112367 0.2119480 0.2133814 0.2282264 0.2149787 0.2194636 0.2305728 0.2252979 0.2286954 0.2358767 0.2288654 0.2270349 0.2268478 0.2266246 0.2278816 0.2315869 0.2316531 0.2268193 0.2275054 0.1092858 8.9999988 8.9999984 8.9999989 
PQ6726161_Temnothorax_5  0.0033497 0.0028468 0.0035595 0.0000000 0.2313165 0.2328603 0.2146611 0.2131166 0.2144874 0.2127749 0.2154606 0.2148352 0.2155964 0.2181038 0.2165527 0.2154335 0.2152517 0.2175501 0.2127599 0.2175564 0.2151736 0.2149021 0.2128085 0.2166232 0.2098056 0.2117968 0.2133119 0.2129366 0.2136558 0.2151008 0.2300076 0.2149787 0.2194636 0.2323433 0.2270349 0.2304498 0.2376469 0.2306093 0.2287755 0.2285865 0.2283608 0.2296174 0.2333550 0.2334211 0.2285685 0.2292491 0.1086038 8.9999983 8.9999985 8.9999989 
PQ6726201_Temnothorax_1  0.2361580 0.2294479 0.2276121 0.2313165 0.0000000 0.0000010 0.1324786 0.1316315 0.1323944 0.1314656 0.1328878 0.1325629 0.1322345 0.1353232 0.1327729 0.1316723 0.1349814 0.1362508 0.1315688 0.1350125 0.1332691 0.1326193 0.1315072 0.1340307 0.1322702 0.1348637 0.1317231 0.1315427 0.1318898 0.1327126 0.1409231 0.1310800 0.1345593 0.1232564 0.1228401 0.1223978 0.1279094 0.1230502 0.1216255 0.1215511 0.1214644 0.1200338 0.1216707 0.1231034 0.1226360 0.1218689 0.2188498 8.6572624 8.9226487 8.7964955 
PQ6726191_Temnothorax_2  0.2358190 0.2307549 0.2289069 0.2328603 0.0000010 0.0000000 0.1324786 0.1316315 0.1323944 0.1314656 0.1328878 0.1325629 0.1322345 0.1353232 0.1327729 0.1316723 0.1349814 0.1362508 0.1315688 0.1350125 0.1332691 0.1326193 0.1315072 0.1340307 0.1322702 0.1348637 0.1317231 0.1315427 0.1318898 0.1327126 0.1409231 0.1310800 0.1345593 0.1232564 0.1228401 0.1223978 0.1279094 0.1230502 0.1216255 0.1215511 0.1214644 0.1200338 0.1216707 0.1231034 0.1226360 0.1218689 0.2180048 8.6572624 8.9226487 8.7964955 
OP3229441_Temnothorax_31 0.2364478 0.2151533 0.2129456 0.2146611 0.1324786 0.1324786 0.0000000 0.0000010 0.0000010 0.0000010 0.0000010 0.0000010 0.0000010 0.0008875 0.0000010 0.0000010 0.0009011 0.0026417 0.0000010 0.0008857 0.0000010 0.0000010 0.0000010 0.0008750 0.0044216 0.0027102 0.0035140 0.0035140 0.0035153 0.0035173 0.0108481 0.0000010 0.0027710 0.0229003 0.0237181 0.0227713 0.0257878 0.0237741 0.0227713 0.0227713 0.0227806 0.0237083 0.0238100 0.0238231 0.0228777 0.0228213 0.1982846 7.6918281 8.0774224 8.0874427 
OP2971931_Temnothorax_37 0.2332858 0.2136012 0.2114145 0.2131166 0.1316315 0.1316315 0.0000010 0.0000000 0.0000010 0.0000010 0.0000010 0.0000010 0.0000010 0.0008875 0.0000010 0.0000010 0.0009011 0.0026285 0.0000010 0.0008857 0.0000010 0.0000010 0.0000010 0.0008750 0.0043994 0.0027102 0.0034964 0.0034964 0.0034977 0.0035159 0.0108481 0.0000010 0.0027710 0.0229003 0.0236044 0.0227713 0.0256523 0.0236501 0.0226530 0.0226530 0.0226622 0.0235850 0.0238100 0.0238231 0.0228127 0.0227241 0.1985423 7.6918281 8.0774224 8.0874427 
OP3229471_Temnothorax_29 0.2360807 0.2149786 0.2127737 0.2144874 0.1323944 0.1323944 0.0000010 0.0000010 0.0000000 0.0000010 0.0000010 0.0000010 0.0000010 0.0008875 0.0000010 0.0000010 0.0009011 0.0026407 0.0000010 0.0008857 0.0000010 0.0000010 0.0000010 0.0008750 0.0044200 0.0027102 0.0035126 0.0035126 0.0035140 0.0035159 0.0108481 0.0000010 0.0027710 0.0229003 0.0237083 0.0227713 0.0257770 0.0237643 0.0227619 0.0227619 0.0227713 0.0236985 0.0238100 0.0238231 0.0228683 0.0228119 0.1981263 7.6918281 8.0774224 8.0874427 
OP3229461_Temnothorax_30 0.2325741 0.2132576 0.2110765 0.2127749 0.1314656 0.1314656 0.0000010 0.0000010 0.0000010 0.0000000 0.0000010 0.0000010 0.0000010 0.0008875 0.0000010 0.0000010 0.0009011 0.0026264 0.0000010 0.0008857 0.0000010 0.0000010 0.0000010 0.0008750 0.0043960 0.0027102 0.0034950 0.0034937 0.0034977 0.0035159 0.0108481 0.0000010 0.0027710 0.0229003 0.0235850 0.0227713 0.0256310 0.0236307 0.0226530 0.0226437 0.0226437 0.0235657 0.0238100 0.0238231 0.0228127 0.0227055 0.1982274 7.6918281 8.0774224 8.0874427 
OP3229491_Temnothorax_27 0.2381263 0.2159571 0.2137370 0.2154606 0.1328878 0.1328878 0.0000010 0.0000010 0.0000010 0.0000010 0.0000000 0.0000010 0.0000010 0.0008875 0.0000010 0.0000010 0.0009011 0.0026474 0.0000010 0.0008857 0.0000010 0.0000010 0.0000010 0.0008768 0.0044311 0.0027102 0.0035216 0.0035216 0.0035229 0.0035249 0.0108481 0.0000010 0.0027710 0.0229003 0.0237717 0.0228226 0.0258468 0.0238280 0.0228226 0.0228226 0.0228320 0.0237619 0.0238100 0.0238428 0.0229200 0.0228634 0.1990193 7.6918281 8.0774224 8.0874427 
OP3229431_Temnothorax_32 0.2368164 0.2153284 0.2131178 0.2148352 0.1325629 0.1325629 0.0000010 0.0000010 0.0000010 0.0000010 0.0000010 0.0000000 0.0000010 0.0008875 0.0000010 0.0000010 0.0009011 0.0026427 0.0000010 0.0008857 0.0000010 0.0000010 0.0000010 0.0008753 0.0044233 0.0027102 0.0035153 0.0035153 0.0035167 0.0035186 0.0108481 0.0000010 0.0027710 0.0229003 0.0237279 0.0227806 0.0257986 0.0237840 0.0227806 0.0227806 0.0227900 0.0237181 0.0238100 0.0238329 0.0228777 0.0228213 0.1984431 7.6918281 8.0774224 8.0874427 
OP3229541_Temnothorax_22 0.2389372 0.2160997 0.2138506 0.2155964 0.1322345 0.1322345 0.0000010 0.0000010 0.0000010 0.0000010 0.0000010 0.0000010 0.0000000 0.0008883 0.0000010 0.0000010 0.0009011 0.0026776 0.0000010 0.0000010 0.0000010 0.0000010 0.0000010 0.0008868 0.0035804 0.0027102 0.0026681 0.0026681 0.0026681 0.0026707 0.0099944 0.0000010 0.0027710 0.0221433 0.0231016 0.0221433 0.0251925 0.0231568 0.0221433 0.0221433 0.0221526 0.0230920 0.0230920 0.0241019 0.0222296 0.0221741 0.2004122 7.6918281 8.0774224 8.0874427 
OP3229581_Temnothorax_18 0.2439466 0.2186166 0.2163468 0.2181038 0.1353232 0.1353232 0.0008875 0.0008875 0.0008875 0.0008875 0.0008875 0.0008875 0.0008883 0.0000000 0.0008904 0.0008930 0.0018093 0.0035818 0.0009066 0.0008875 0.0008875 0.0008875 0.0008875 0.0017788 0.0054000 0.0036280 0.0044705 0.0044705 0.0044705 0.0044705 0.0118738 0.0009141 0.0037109 0.0241152 0.0250814 0.0241152 0.0272031 0.0251418 0.0241152 0.0241152 0.0241253 0.0250708 0.0250708 0.0251330 0.0242095 0.0241488 0.2028562 7.9203455 8.3240800 8.2536673 
OP3229531_Temnothorax_23 0.2409364 0.2170606 0.2147991 0.2165527 0.1327729 0.1327729 0.0000010 0.0000010 0.0000010 0.0000010 0.0000010 0.0000010 0.0000010 0.0008904 0.0000000 0.0000010 0.0009019 0.0026865 0.0000010 0.0000010 0.0000010 0.0000010 0.0000010 0.0008897 0.0035934 0.0027128 0.0026770 0.0026770 0.0026770 0.0026795 0.0100283 0.0000010 0.0027738 0.0222195 0.0231812 0.0222195 0.0252801 0.0232368 0.0222195 0.0222195 0.0222195 0.0231715 0.0231715 0.0241852 0.0223064 0.0222505 0.1991102 7.6719634 8.0568412 7.9263374 
OP3229661_Temnothorax_10 0.2388968 0.2159394 0.2136774 0.2154335 0.1316723 0.1316723 0.0000010 0.0000010 0.0000010 0.0000010 0.0000010 0.0000010 0.0000010 0.0008930 0.0000010 0.0000000 0.0009011 0.0026918 0.0000010 0.0000010 0.0000010 0.0000010 0.0000010 0.0008914 0.0035996 0.0027102 0.0026848 0.0026848 0.0026848 0.0026848 0.0100541 0.0000010 0.0027710 0.0222877 0.0232525 0.0222877 0.0253589 0.0233085 0.0222877 0.0222877 0.0222877 0.0232428 0.0232428 0.0242363 0.0223532 0.0223095 0.1979550 7.5512846 7.9303833 8.0874427 
OP3229551_Temnothorax_21 0.2390703 0.2157630 0.2134754 0.2152517 0.1349814 0.1349814 0.0009011 0.0009011 0.0009011 0.0009011 0.0009011 0.0009011 0.0009011 0.0018093 0.0009019 0.0009011 0.0000000 0.0018061 0.0009062 0.0009011 0.0009011 0.0009011 0.0009011 0.0018061 0.0045555 0.0036265 0.0036265 0.0036265 0.0036265 0.0036265 0.0111154 0.0009137 0.0037095 0.0235323 0.0245122 0.0235323 0.0266603 0.0245721 0.0235323 0.0235323 0.0235323 0.0245017 0.0245017 0.0255121 0.0235790 0.0235556 0.2028578 7.5641289 7.9502667 8.3716752 
OP3229511_Temnothorax_25 0.2418264 0.2180499 0.2158327 0.2175501 0.1362508 0.1362508 0.0026417 0.0026285 0.0026407 0.0026264 0.0026474 0.0026427 0.0026776 0.0035818 0.0026865 0.0026918 0.0018061 0.0000000 0.0009049 0.0035748 0.0026714 0.0026417 0.0026253 0.0035298 0.0061895 0.0036215 0.0061765 0.0061715 0.0061812 0.0062079 0.0118295 0.0009124 0.0037041 0.0259060 0.0265677 0.0257585 0.0296602 0.0266070 0.0256233 0.0256126 0.0256005 0.0265329 0.0268238 0.0248811 0.0258056 0.0256710 0.2043520 7.9380441 8.3433012 8.0874427 
OP3229671_Temnothorax_9  0.2378290 0.2150514 0.2127599 0.2127599 0.1315688 0.1315688 0.0000010 0.0000010 0.0000010 0.0000010 0.0000010 0.0000010 0.0000010 0.0009066 0.0000010 0.0000010 0.0009062 0.0009049 0.0000000 0.0000010 0.0000010 0.0000010 0.0000010 0.0009049 0.0036511 0.0027257 0.0027257 0.0027257 0.0027257 0.0027257 0.0092529 0.0000010 0.0027710 0.0226390 0.0236195 0.0226390 0.0257630 0.0236773 0.0226390 0.0226390 0.0226390 0.0236094 0.0236094 0.0246089 0.0226840 0.0226615 0.2003318 7.7404574 8.1426730 8.0874427 
OP3229561_Temnothorax_20 0.2427904 0.2180665 0.2158040 0.2175564 0.1350125 0.1350125 0.0008857 0.0008857 0.0008857 0.0008857 0.0008857 0.0008857 0.0000010 0.0008875 0.0000010 0.0000010 0.0009011 0.0035748 0.0000010 0.0000000 0.0000010 0.0008857 0.0008857 0.0017753 0.0053895 0.0027102 0.0044618 0.0044618 0.0044635 0.0044618 0.0118503 0.0000010 0.0027710 0.0240672 0.0250315 0.0240672 0.0271485 0.0250916 0.0240672 0.0240672 0.0240773 0.0250209 0.0250209 0.0250829 0.0241713 0.0241108 0.2023412 7.7382058 8.1275251 8.0874427 
OP3229501_Temnothorax_26 0.2380470 0.2156748 0.2134317 0.2151736 0.1332691 0.1332691 0.0000010 0.0000010 0.0000010 0.0000010 0.0000010 0.0000010 0.0000010 0.0008875 0.0000010 0.0000010 0.0009011 0.0026714 0.0000010 0.0000010 0.0000000 0.0000010 0.0000010 0.0008847 0.0044760 0.0027102 0.0035568 0.0035568 0.0035582 0.0035568 0.0109008 0.0000010 0.0027710 0.0230599 0.0240193 0.0230599 0.0261185 0.0240767 0.0230599 0.0230599 0.0230696 0.0240092 0.0240092 0.0240684 0.0231594 0.0231016 0.2000171 7.7382058 8.1275251 8.0874427 
OP3229481_Temnothorax_28 0.2369374 0.2153955 0.2131847 0.2149021 0.1326193 0.1326193 0.0000010 0.0000010 0.0000010 0.0000010 0.0000010 0.0000010 0.0000010 0.0008875 0.0000010 0.0000010 0.0009011 0.0026417 0.0000010 0.0008857 0.0000010 0.0000000 0.0000010 0.0008750 0.0044258 0.0027102 0.0035173 0.0035173 0.0035186 0.0035173 0.0108585 0.0000010 0.0027710 0.0229223 0.0237409 0.0227931 0.0258128 0.0237970 0.0227931 0.0227931 0.0228025 0.0237310 0.0238329 0.0238231 0.0228997 0.0228432 0.1985114 7.7382058 8.1275251 8.0874427 
OP3229401_Temnothorax_34 0.2326239 0.2132911 0.2111106 0.2128085 0.1315072 0.1315072 0.0000010 0.0000010 0.0000010 0.0000010 0.0000010 0.0000010 0.0000010 0.0008875 0.0000010 0.0000010 0.0009011 0.0026253 0.0000010 0.0008857 0.0000010 0.0000010 0.0000000 0.0008750 0.0043983 0.0027102 0.0034983 0.0034954 0.0035010 0.0035159 0.0108585 0.0000010 0.0027710 0.0229223 0.0236075 0.0227931 0.0266374 0.0236421 0.0226746 0.0226653 0.0226547 0.0235771 0.0238329 0.0238231 0.0228346 0.0227166 0.1982655 7.7382058 8.1275251 8.0874427 
OP3229411_Temnothorax_33 0.2369374 0.2171218 0.2149021 0.2166232 0.1340307 0.1340307 0.0008750 0.0008750 0.0008750 0.0008750 0.0008768 0.0008753 0.0008868 0.0017788 0.0008897 0.0008914 0.0018061 0.0035298 0.0009049 0.0017753 0.0008847 0.0008750 0.0008750 0.0000000 0.0053226 0.0036215 0.0044060 0.0044060 0.0044077 0.0044060 0.0117895 0.0009124 0.0037041 0.0238913 0.0247074 0.0237562 0.0267932 0.0247660 0.0237562 0.0237562 0.0237660 0.0246972 0.0248035 0.0247931 0.0238676 0.0238086 0.2002215 7.7382058 8.1275251 8.0874427 
OP3229641_Temnothorax_12 0.2231023 0.2085130 0.2081126 0.2098056 0.1322702 0.1322702 0.0044216 0.0043994 0.0044200 0.0043960 0.0044311 0.0044233 0.0035804 0.0054000 0.0035934 0.0035996 0.0045555 0.0061895 0.0036511 0.0053895 0.0044760 0.0044258 0.0043983 0.0053226 0.0000000 0.0009019 0.0008722 0.0008715 0.0008729 0.0008774 0.0099828 0.0036825 0.0065407 0.0259243 0.0265862 0.0257766 0.0296810 0.0266256 0.0256412 0.0256305 0.0256183 0.0265514 0.0268428 0.0278444 0.0257988 0.0256890 0.1966926 7.9558101 8.3617534 8.2471999 
OP3229611_Temnothorax_15 0.2280493 0.2104501 0.2100276 0.2117968 0.1348637 0.1348637 0.0027102 0.0027102 0.0027102 0.0027102 0.0027102 0.0027102 0.0027102 0.0036280 0.0027128 0.0027102 0.0036265 0.0036215 0.0027257 0.0027102 0.0027102 0.0027102 0.0027102 0.0036215 0.0009019 0.0000000 0.0000010 0.0000010 0.0000010 0.0000010 0.0092231 0.0027483 0.0055791 0.0254800 0.0264652 0.0254800 0.0286384 0.0265302 0.0254800 0.0254800 0.0254800 0.0264538 0.0264538 0.0274718 0.0255305 0.0255052 0.1994111 7.6528008 8.0447155 8.0874427 
OP3229621_Temnothorax_14 0.2297227 0.2120180 0.2116079 0.2133119 0.1317231 0.1317231 0.0035140 0.0034964 0.0035126 0.0034950 0.0035216 0.0035153 0.0026681 0.0044705 0.0026770 0.0026848 0.0036265 0.0061765 0.0027257 0.0044618 0.0035568 0.0035173 0.0034983 0.0044060 0.0008722 0.0000010 0.0000000 0.0000010 0.0000010 0.0000010 0.0090152 0.0027483 0.0055791 0.0248312 0.0255101 0.0246907 0.0275830 0.0255598 0.0245619 0.0245518 0.0245619 0.0254890 0.0257439 0.0267360 0.0247356 0.0246292 0.1987231 7.8446552 8.2407484 8.0874427 
OP3229601_Temnothorax_16 0.2289588 0.2116451 0.2112367 0.2129366 0.1315427 0.1315427 0.0035140 0.0034964 0.0035126 0.0034937 0.0035216 0.0035153 0.0026681 0.0044705 0.0026770 0.0026848 0.0036265 0.0061715 0.0027257 0.0044618 0.0035568 0.0035173 0.0034954 0.0044060 0.0008715 0.0000010 0.0000010 0.0000000 0.0000010 0.0000010 0.0090152 0.0027483 0.0055791 0.0248312 0.0254996 0.0246907 0.0285610 0.0255371 0.0245619 0.0245518 0.0245402 0.0254665 0.0257439 0.0267360 0.0247356 0.0246074 0.1983780 7.8446552 8.2407484 8.0874427 
OP3229631_Temnothorax_13 0.2304237 0.2123597 0.2119480 0.2136558 0.1318898 0.1318898 0.0035153 0.0034977 0.0035140 0.0034977 0.0035229 0.0035167 0.0026681 0.0044705 0.0026770 0.0026848 0.0036265 0.0061812 0.0027257 0.0044635 0.0035582 0.0035186 0.0035010 0.0044077 0.0008729 0.0000010 0.0000010 0.0000010 0.0000000 0.0000010 0.0090187 0.0027483 0.0055791 0.0248416 0.0255313 0.0247009 0.0276062 0.0255810 0.0245720 0.0245720 0.0245822 0.0255101 0.0257547 0.0267472 0.0247356 0.0246394 0.1990399 7.8446552 8.2407484 8.0874427 
OP3229591_Temnothorax_17 0.2333088 0.2137989 0.2133814 0.2151008 0.1327126 0.1327126 0.0035173 0.0035159 0.0035159 0.0035159 0.0035249 0.0035186 0.0026707 0.0044705 0.0026795 0.0026848 0.0036265 0.0062079 0.0027257 0.0044618 0.0035568 0.0035173 0.0035159 0.0044060 0.0008774 0.0000010 0.0000010 0.0000010 0.0000010 0.0000000 0.0090238 0.0027483 0.0055791 0.0248552 0.0256581 0.0247144 0.0277561 0.0257191 0.0247042 0.0247042 0.0247144 0.0256474 0.0257688 0.0267360 0.0248201 0.0247588 0.1986935 7.8924338 8.2923116 8.0874427 
OP3229651_Temnothorax_11 0.2671393 0.2305574 0.2282264 0.2300076 0.1409231 0.1409231 0.0108481 0.0108481 0.0108481 0.0108481 0.0108481 0.0108481 0.0099944 0.0118738 0.0100283 0.0100541 0.0111154 0.0118295 0.0092529 0.0118503 0.0109008 0.0108585 0.0108585 0.0117895 0.0099828 0.0092231 0.0090152 0.0090152 0.0090187 0.0090238 0.0000000 0.0083574 0.0113115 0.0309696 0.0319576 0.0309696 0.0341738 0.0320360 0.0309696 0.0309696 0.0309830 0.0319437 0.0319437 0.0310777 0.0311049 0.0310134 0.2132202 8.0481759 8.4594887 8.2357594 
OP3229571_Temnothorax_19 0.2426008 0.2172992 0.2149787 0.2149787 0.1310800 0.1310800 0.0000010 0.0000010 0.0000010 0.0000010 0.0000010 0.0000010 0.0000010 0.0009141 0.0000010 0.0000010 0.0009137 0.0009124 0.0000010 0.0000010 0.0000010 0.0000010 0.0000010 0.0009124 0.0036825 0.0027483 0.0027483 0.0027483 0.0027483 0.0027483 0.0083574 0.0000000 0.0018487 0.0228322 0.0238213 0.0228322 0.0259851 0.0238800 0.0228322 0.0228322 0.0228322 0.0238110 0.0238110 0.0248194 0.0228551 0.0228322 0.2009389 7.6438814 8.0432350 8.0397891 
OP3229521_Temnothorax_24 0.2523089 0.2218364 0.2194636 0.2194636 0.1345593 0.1345593 0.0027710 0.0027710 0.0027710 0.0027710 0.0027710 0.0027710 0.0027710 0.0037109 0.0027738 0.0027710 0.0037095 0.0037041 0.0027710 0.0027710 0.0027710 0.0027710 0.0027710 0.0037041 0.0065407 0.0055791 0.0055791 0.0055791 0.0055791 0.0055791 0.0113115 0.0018487 0.0000000 0.0260849 0.0270947 0.0260849 0.0282145 0.0271628 0.0260849 0.0260849 0.0260849 0.0270827 0.0270827 0.0281143 0.0250722 0.0250468 0.2052371 7.5837166 7.9867098 7.8068752 
OP2971921_Temnothorax_38 0.2534548 0.2328955 0.2305728 0.2323433 0.1232564 0.1232564 0.0229003 0.0229003 0.0229003 0.0229003 0.0229003 0.0229003 0.0221433 0.0241152 0.0222195 0.0222877 0.0235323 0.0259060 0.0226390 0.0240672 0.0230599 0.0229223 0.0229223 0.0238913 0.0259243 0.0254800 0.0248312 0.0248312 0.0248416 0.0248552 0.0309696 0.0228322 0.0260849 0.0000000 0.0008703 0.0000010 0.0026345 0.0008723 0.0000010 0.0000010 0.0000010 0.0008700 0.0008700 0.0017488 0.0000010 0.0000010 0.2210685 7.5463664 7.9193533 8.1343492 
OP2971821_Temnothorax_48 0.2425850 0.2275638 0.2252979 0.2270349 0.1228401 0.1228401 0.0237181 0.0236044 0.0237083 0.0235850 0.0237717 0.0237279 0.0231016 0.0250814 0.0231812 0.0232525 0.0245122 0.0265677 0.0236195 0.0250315 0.0240193 0.0237409 0.0236075 0.0247074 0.0265862 0.0264652 0.0255101 0.0254996 0.0255313 0.0256581 0.0319576 0.0238213 0.0270947 0.0008703 0.0000000 0.0008657 0.0034803 0.0017285 0.0008617 0.0008614 0.0008614 0.0017246 0.0017403 0.0026176 0.0008675 0.0008636 0.2208516 7.5942414 7.9702217 8.1343492 
OP2971861_Temnothorax_44 0.2495944 0.2309924 0.2286954 0.2304498 0.1223978 0.1223978 0.0227713 0.0227713 0.0227713 0.0227713 0.0228226 0.0227806 0.0221433 0.0241152 0.0222195 0.0222877 0.0235323 0.0257585 0.0226390 0.0240672 0.0230599 0.0227931 0.0227931 0.0237562 0.0257766 0.0254800 0.0246907 0.0246907 0.0247009 0.0247144 0.0309696 0.0228322 0.0260849 0.0000010 0.0008657 0.0000000 0.0026203 0.0008671 0.0000010 0.0000010 0.0000010 0.0008663 0.0008688 0.0017424 0.0000010 0.0000010 0.2192626 7.5463664 7.9193533 8.1343492 
OP2971901_Temnothorax_40 0.2589586 0.2382121 0.2358767 0.2376469 0.1279094 0.1279094 0.0257878 0.0256523 0.0257770 0.0256310 0.0258468 0.0257986 0.0251925 0.0272031 0.0252801 0.0253589 0.0266603 0.0296602 0.0257630 0.0271485 0.0261185 0.0258128 0.0266374 0.0267932 0.0296810 0.0286384 0.0275830 0.0285610 0.0276062 0.0277561 0.0341738 0.0259851 0.0282145 0.0026345 0.0034803 0.0026203 0.0000000 0.0026067 0.0026073 0.0026063 0.0034831 0.0043571 0.0035121 0.0044019 0.0026251 0.0034923 0.2238196 7.4370752 7.7994226 7.8497932 
OP2971891_Temnothorax_41 0.2455048 0.2311490 0.2288654 0.2306093 0.1230502 0.1230502 0.0237741 0.0236501 0.0237643 0.0236307 0.0238280 0.0237840 0.0231568 0.0251418 0.0232368 0.0233085 0.0245721 0.0266070 0.0236773 0.0250916 0.0240767 0.0237970 0.0236421 0.0247660 0.0266256 0.0265302 0.0255598 0.0255371 0.0255810 0.0257191 0.0320360 0.0238800 0.0271628 0.0008723 0.0017285 0.0008671 0.0026067 0.0000000 0.0008626 0.0008630 0.0008626 0.0017265 0.0017441 0.0026233 0.0008693 0.0008641 0.2169618 7.4562798 7.8235050 7.9075119 
OP2971871_Temnothorax_43 0.2462319 0.2293097 0.2270349 0.2287755 0.1216255 0.1216255 0.0227713 0.0226530 0.0227619 0.0226530 0.0228226 0.0227806 0.0221433 0.0241152 0.0222195 0.0222877 0.0235323 0.0256233 0.0226390 0.0240672 0.0230599 0.0227931 0.0226746 0.0237562 0.0256412 0.0254800 0.0245619 0.0245619 0.0245720 0.0247042 0.0309696 0.0228322 0.0260849 0.0000010 0.0008617 0.0000010 0.0026073 0.0008626 0.0000000 0.0000010 0.0000010 0.0008618 0.0008688 0.0017424 0.0000010 0.0000010 0.2193990 7.5463664 7.9193533 8.1343492 
OP2971911_Temnothorax_39 0.2458471 0.2291196 0.2268478 0.2285865 0.1215511 0.1215511 0.0227713 0.0226530 0.0227619 0.0226437 0.0228226 0.0227806 0.0221433 0.0241152 0.0222195 0.0222877 0.0235323 0.0256126 0.0226390 0.0240672 0.0230599 0.0227931 0.0226653 0.0237562 0.0256305 0.0254800 0.0245518 0.0245518 0.0245720 0.0247042 0.0309696 0.0228322 0.0260849 0.0000010 0.0008614 0.0000010 0.0026063 0.0008630 0.0000010 0.0000000 0.0000010 0.0008611 0.0008688 0.0017424 0.0000010 0.0000010 0.2192189 7.5463664 7.9193533 8.1343492 
OP2971881_Temnothorax_42 0.2453871 0.2288927 0.2266246 0.2283608 0.1214644 0.1214644 0.0227806 0.0226622 0.0227713 0.0226437 0.0228320 0.0227900 0.0221526 0.0241253 0.0222195 0.0222877 0.0235323 0.0256005 0.0226390 0.0240773 0.0230696 0.0228025 0.0226547 0.0237660 0.0256183 0.0254800 0.0245619 0.0245402 0.0245822 0.0247144 0.0309830 0.0228322 0.0260849 0.0000010 0.0008614 0.0000010 0.0034831 0.0008626 0.0000010 0.0000010 0.0000000 0.0008603 0.0008692 0.0017427 0.0000010 0.0000010 0.2167742 7.4825914 7.8514780 8.1343492 
OP2971841_Temnothorax_46 0.2476884 0.2301522 0.2278816 0.2296174 0.1200338 0.1200338 0.0237083 0.0235850 0.0236985 0.0235657 0.0237619 0.0237181 0.0230920 0.0250708 0.0231715 0.0232428 0.0245017 0.0265329 0.0236094 0.0250209 0.0240092 0.0237310 0.0235771 0.0246972 0.0265514 0.0264538 0.0254890 0.0254665 0.0255101 0.0256474 0.0319437 0.0238110 0.0270827 0.0008700 0.0017246 0.0008663 0.0043571 0.0017265 0.0008618 0.0008611 0.0008603 0.0000000 0.0000010 0.0008701 0.0008669 0.0008633 0.2202732 7.5942414 7.9702217 8.1343492 
OP2971831_Temnothorax_47 0.2552838 0.2339090 0.2315869 0.2333550 0.1216707 0.1216707 0.0238100 0.0238100 0.0238100 0.0238100 0.0238100 0.0238100 0.0230920 0.0250708 0.0231715 0.0232428 0.0245017 0.0268238 0.0236094 0.0250209 0.0240092 0.0238329 0.0238329 0.0248035 0.0268428 0.0264538 0.0257439 0.0257439 0.0257547 0.0257688 0.0319437 0.0238110 0.0270827 0.0008700 0.0017403 0.0008688 0.0035121 0.0017441 0.0008688 0.0008688 0.0008692 0.0000010 0.0000000 0.0008723 0.0008724 0.0008703 0.2221031 7.5942414 7.9702217 8.1343492 
OP2971851_Temnothorax_45 0.2554019 0.2339752 0.2316531 0.2334211 0.1231034 0.1231034 0.0238231 0.0238231 0.0238231 0.0238231 0.0238428 0.0238329 0.0241019 0.0251330 0.0241852 0.0242363 0.0255121 0.0248811 0.0246089 0.0250829 0.0240684 0.0238231 0.0238231 0.0247931 0.0278444 0.0274718 0.0267360 0.0267360 0.0267472 0.0267360 0.0310777 0.0248194 0.0281143 0.0017488 0.0026176 0.0017424 0.0044019 0.0026233 0.0017424 0.0017424 0.0017427 0.0008701 0.0008723 0.0000000 0.0017503 0.0017460 0.2221706 7.7037008 8.0887114 8.1343492 
OP2971811_Temnothorax_49 0.2460116 0.2291049 0.2268193 0.2285685 0.1226360 0.1226360 0.0228777 0.0228127 0.0228683 0.0228127 0.0229200 0.0228777 0.0222296 0.0242095 0.0223064 0.0223532 0.0235790 0.0258056 0.0226840 0.0241713 0.0231594 0.0228997 0.0228346 0.0238676 0.0257988 0.0255305 0.0247356 0.0247356 0.0247356 0.0248201 0.0311049 0.0228551 0.0250722 0.0000010 0.0008675 0.0000010 0.0026251 0.0008693 0.0000010 0.0000010 0.0000010 0.0008669 0.0008724 0.0017503 0.0000000 0.0000010 0.2214756 7.6166932 7.9960621 8.0870125 
OP2971801_Temnothorax_50 0.2471639 0.2297855 0.2275054 0.2292491 0.1218689 0.1218689 0.0228213 0.0227241 0.0228119 0.0227055 0.0228634 0.0228213 0.0221741 0.0241488 0.0222505 0.0223095 0.0235556 0.0256710 0.0226615 0.0241108 0.0231016 0.0228432 0.0227166 0.0238086 0.0256890 0.0255052 0.0246292 0.0246074 0.0246394 0.0247588 0.0310134 0.0228322 0.0250468 0.0000010 0.0008636 0.0000010 0.0034923 0.0008641 0.0000010 0.0000010 0.0000010 0.0008633 0.0008703 0.0017460 0.0000010 0.0000000 0.2198591 7.4194251 7.7842788 7.9733804 
PQ6726181_Temnothorax_3  0.1207810 0.1105008 0.1092858 0.1086038 0.2188498 0.2180048 0.1982846 0.1985423 0.1981263 0.1982274 0.1990193 0.1984431 0.2004122 0.2028562 0.1991102 0.1979550 0.2028578 0.2043520 0.2003318 0.2023412 0.2000171 0.1985114 0.1982655 0.2002215 0.1966926 0.1994111 0.1987231 0.1983780 0.1990399 0.1986935 0.2132202 0.2009389 0.2052371 0.2210685 0.2208516 0.2192626 0.2238196 0.2169618 0.2193990 0.2192189 0.2167742 0.2202732 0.2221031 0.2221706 0.2214756 0.2198591 0.0000000 8.9999986 8.9999987 8.9999982 
OP2971971_Temnothorax_35 8.9999985 8.9999984 8.9999988 8.9999983 8.6572624 8.6572624 7.6918281 7.6918281 7.6918281 7.6918281 7.6918281 7.6918281 7.6918281 7.9203455 7.6719634 7.5512846 7.5641289 7.9380441 7.7404574 7.7382058 7.7382058 7.7382058 7.7382058 7.7382058 7.9558101 7.6528008 7.8446552 7.8446552 7.8446552 7.8924338 8.0481759 7.6438814 7.5837166 7.5463664 7.5942414 7.5463664 7.4370752 7.4562798 7.5463664 7.5463664 7.4825914 7.5942414 7.5942414 7.7037008 7.6166932 7.4194251 8.9999986 0.0000000 0.0323487 0.2435748 
OP2971951_Temnothorax_36 8.9999986 8.9999987 8.9999984 8.9999985 8.9226487 8.9226487 8.0774224 8.0774224 8.0774224 8.0774224 8.0774224 8.0774224 8.0774224 8.3240800 8.0568412 7.9303833 7.9502667 8.3433012 8.1426730 8.1275251 8.1275251 8.1275251 8.1275251 8.1275251 8.3617534 8.0447155 8.2407484 8.2407484 8.2407484 8.2923116 8.4594887 8.0432350 7.9867098 7.9193533 7.9702217 7.9193533 7.7994226 7.8235050 7.9193533 7.9193533 7.8514780 7.9702217 7.9702217 8.0887114 7.9960621 7.7842788 8.9999987 0.0323487 0.0000000 0.2332980 
OX3951501_Temnothorax_8  8.9999989 8.9999989 8.9999989 8.9999989 8.7964955 8.7964955 8.0874427 8.0874427 8.0874427 8.0874427 8.0874427 8.0874427 8.0874427 8.2536673 7.9263374 8.0874427 8.3716752 8.0874427 8.0874427 8.0874427 8.0874427 8.0874427 8.0874427 8.0874427 8.2471999 8.0874427 8.0874427 8.0874427 8.0874427 8.0874427 8.2357594 8.0397891 7.8068752 8.1343492 8.1343492 8.1343492 7.8497932 7.9075119 8.1343492 8.1343492 8.1343492 8.1343492 8.1343492 8.1343492 8.0870125 7.9733804 8.9999982 0.2435748 0.2332980 0.0000000 
