50
PQ6726171_Temnothorax_4  0.0000000 0.0000010 0.0010875 0.0033497 0.2361576 0.2358187 0.2364475 0.2332855 0.2360804 0.2325737 0.2381259 0.2368160 0.2389368 0.2439463 0.2409360 0.2388964 0.2390699 0.2418261 0.2378286 0.2427900 0.2380466 0.2369371 0.2326236 0.2369371 0.2231020 0.2280490 0.2297223 0.2289585 0.2304234 0.2333085 0.2671389 0.2426004 0.2523086 0.2534544 0.2425847 0.2495940 0.2589582 0.2455044 0.2462315 0.2458468 0.2453867 0.2476881 0.2552834 0.2554015 0.2460113 0.2471636 0.1207809 8.9999985 8.9999986 8.9999989 
PQ6726141_Temnothorax_7  0.0000010 0.0000000 0.0021030 0.0028468 0.2294476 0.2307546 0.2151530 0.2136009 0.2149783 0.2132572 0.2159567 0.2153281 0.2160994 0.2186162 0.2170603 0.2159390 0.2157626 0.2180496 0.2150511 0.2180662 0.2156744 0.2153951 0.2132908 0.2171215 0.2085127 0.2104498 0.2120177 0.2116448 0.2123594 0.2137986 0.2305570 0.2172989 0.2218360 0.2328951 0.2275635 0.2309921 0.2382117 0.2311486 0.2293094 0.2291193 0.2288923 0.2301518 0.2339087 0.2339748 0.2291045 0.2297851 0.1105007 8.9999984 8.9999987 8.9999989 
PQ6726151_Temnothorax_6  0.0010875 0.0021030 0.0000000 0.0035595 0.2276118 0.2289066 0.2129452 0.2114142 0.2127734 0.2110762 0.2137367 0.2131175 0.2138503 0.2163465 0.2147987 0.2136771 0.2134751 0.2158324 0.2127596 0.2158037 0.2134314 0.2131844 0.2111103 0.2149018 0.2081123 0.2100273 0.2116075 0.2112364 0.2119477 0.2133811 0.2282260 0.2149783 0.2194633 0.2305725 0.2252975 0.2286951 0.2358763 0.2288651 0.2270346 0.2268475 0.2266243 0.2278812 0.2315865 0.2316528 0.2268190 0.2275050 0.1092858 8.9999988 8.9999984 8.9999989 
PQ6726161_Temnothorax_5  0.0033497 0.0028468 0.0035595 0.0000000 0.2313162 0.2328600 0.2146608 0.2131163 0.2144870 0.2127746 0.2154603 0.2148349 0.2155961 0.2181035 0.2165524 0.2154332 0.2152514 0.2175498 0.2127596 0.2175561 0.2151733 0.2149018 0.2128082 0.2166229 0.2098053 0.2117965 0.2133116 0.2129363 0.2136555 0.2151005 0.2300072 0.2149783 0.2194633 0.2323429 0.2270346 0.2304495 0.2376465 0.2306089 0.2287752 0.2285861 0.2283605 0.2296170 0.2333546 0.2334207 0.2285682 0.2292487 0.1086037 8.9999983 8.9999985 8.9999989 
PQ6726201_Temnothorax_1  0.2361576 0.2294476 0.2276118 0.2313162 0.0000000 0.0000010 0.1324784 0.1316314 0.1323942 0.1314655 0.1328876 0.1325628 0.1322344 0.1353230 0.1327728 0.1316722 0.1349812 0.1362507 0.1315687 0.1350124 0.1332690 0.1326192 0.1315071 0.1340305 0.1322700 0.1348636 0.1317229 0.1315426 0.1318897 0.1327124 0.1409230 0.1310799 0.1345592 0.1232563 0.1228400 0.1223976 0.1279092 0.1230501 0.1216254 0.1215510 0.1214643 0.1200337 0.1216706 0.1231033 0.1226359 0.1218688 0.2188494 8.6572341 8.9226186 8.7964793 
PQ6726191_Temnothorax_2  0.2358187 0.2307546 0.2289066 0.2328600 0.0000010 0.0000000 0.1324784 0.1316314 0.1323942 0.1314655 0.1328876 0.1325628 0.1322344 0.1353230 0.1327728 0.1316722 0.1349812 0.1362507 0.1315687 0.1350124 0.1332690 0.1326192 0.1315071 0.1340305 0.1322700 0.1348636 0.1317229 0.1315426 0.1318897 0.1327124 0.1409230 0.1310799 0.1345592 0.1232563 0.1228400 0.1223976 0.1279092 0.1230501 0.1216254 0.1215510 0.1214643 0.1200337 0.1216706 0.1231033 0.1226359 0.1218688 0.2180045 8.6572341 8.9226186 8.7964793 
OP3229441_Temnothorax_31 0.2364475 0.2151530 0.2129452 0.2146608 0.1324784 0.1324784 0.0000000 0.0000010 0.0000010 0.0000010 0.0000010 0.0000010 0.0000010 0.0008875 0.0000010 0.0000010 0.0009011 0.0026417 0.0000010 0.0008857 0.0000010 0.0000010 0.0000010 0.0008750 0.0044216 0.0027102 0.0035140 0.0035140 0.0035153 0.0035173 0.0108481 0.0000010 0.0027710 0.0229003 0.0237181 0.0227713 0.0257878 0.0237741 0.0227713 0.0227713 0.0227806 0.0237083 0.0238100 0.0238230 0.0228777 0.0228213 0.1982843 7.6918018 8.0773945 8.0874238 
OP2971931_Temnothorax_37 0.2332855 0.2136009 0.2114142 0.2131163 0.1316314 0.1316314 0.0000010 0.0000000 0.0000010 0.0000010 0.0000010 0.0000010 0.0000010 0.0008875 0.0000010 0.0000010 0.0009011 0.0026285 0.0000010 0.0008857 0.0000010 0.0000010 0.0000010 0.0008750 0.0043994 0.0027102 0.0034964 0.0034964 0.0034977 0.0035159 0.0108481 0.0000010 0.0027710 0.0229003 0.0236044 0.0227713 0.0256523 0.0236501 0.0226530 0.0226530 0.0226622 0.0235850 0.0238100 0.0238230 0.0228127 0.0227241 0.1985420 7.6918018 8.0773945 8.0874238 
OP3229471_Temnothorax_29 0.2360804 0.2149783 0.2127734 0.2144870 0.1323942 0.1323942 0.0000010 0.0000010 0.0000000 0.0000010 0.0000010 0.0000010 0.0000010 0.0008875 0.0000010 0.0000010 0.0009011 0.0026407 0.0000010 0.0008857 0.0000010 0.0000010 0.0000010 0.0008750 0.0044200 0.0027102 0.0035126 0.0035126 0.0035140 0.0035159 0.0108481 0.0000010 0.0027710 0.0229003 0.0237083 0.0227713 0.0257770 0.0237643 0.0227619 0.0227619 0.0227713 0.0236985 0.0238100 0.0238230 0.0228682 0.0228119 0.1981260 7.6918018 8.0773945 8.0874238 
OP3229461_Temnothorax_30 0.2325737 0.2132572 0.2110762 0.2127746 0.1314655 0.1314655 0.0000010 0.0000010 0.0000010 0.0000000 0.0000010 0.0000010 0.0000010 0.0008875 0.0000010 0.0000010 0.0009011 0.0026264 0.0000010 0.0008857 0.0000010 0.0000010 0.0000010 0.0008750 0.0043960 0.0027102 0.0034950 0.0034937 0.0034977 0.0035159 0.0108481 0.0000010 0.0027710 0.0229003 0.0235850 0.0227713 0.0256310 0.0236307 0.0226530 0.0226437 0.0226437 0.0235657 0.0238100 0.0238230 0.0228127 0.0227055 0.1982271 7.6918018 8.0773945 8.0874238 
OP3229491_Temnothorax_27 0.2381259 0.2159567 0.2137367 0.2154603 0.1328876 0.1328876 0.0000010 0.0000010 0.0000010 0.0000010 0.0000000 0.0000010 0.0000010 0.0008875 0.0000010 0.0000010 0.0009011 0.0026474 0.0000010 0.0008857 0.0000010 0.0000010 0.0000010 0.0008768 0.0044311 0.0027102 0.0035216 0.0035216 0.0035229 0.0035249 0.0108481 0.0000010 0.0027710 0.0229003 0.0237717 0.0228226 0.0258468 0.0238280 0.0228226 0.0228226 0.0228320 0.0237619 0.0238100 0.0238428 0.0229200 0.0228634 0.1990190 7.6918018 8.0773945 8.0874238 
OP3229431_Temnothorax_32 0.2368160 0.2153281 0.2131175 0.2148349 0.1325628 0.1325628 0.0000010 0.0000010 0.0000010 0.0000010 0.0000010 0.0000000 0.0000010 0.0008875 0.0000010 0.0000010 0.0009011 0.0026427 0.0000010 0.0008857 0.0000010 0.0000010 0.0000010 0.0008753 0.0044233 0.0027102 0.0035153 0.0035153 0.0035167 0.0035186 0.0108481 0.0000010 0.0027710 0.0229003 0.0237279 0.0227806 0.0257986 0.0237839 0.0227806 0.0227806 0.0227900 0.0237181 0.0238100 0.0238329 0.0228777 0.0228213 0.1984428 7.6918018 8.0773945 8.0874238 
OP3229541_Temnothorax_22 0.2389368 0.2160994 0.2138503 0.2155961 0.1322344 0.1322344 0.0000010 0.0000010 0.0000010 0.0000010 0.0000010 0.0000010 0.0000000 0.0008883 0.0000010 0.0000010 0.0009011 0.0026776 0.0000010 0.0000010 0.0000010 0.0000010 0.0000010 0.0008868 0.0035804 0.0027102 0.0026681 0.0026681 0.0026681 0.0026707 0.0099943 0.0000010 0.0027710 0.0221433 0.0231016 0.0221433 0.0251925 0.0231568 0.0221433 0.0221433 0.0221526 0.0230919 0.0230919 0.0241019 0.0222296 0.0221741 0.2004119 7.6918018 8.0773945 8.0874238 
OP3229581_Temnothorax_18 0.2439463 0.2186162 0.2163465 0.2181035 0.1353230 0.1353230 0.0008875 0.0008875 0.0008875 0.0008875 0.0008875 0.0008875 0.0008883 0.0000000 0.0008904 0.0008930 0.0018093 0.0035818 0.0009066 0.0008875 0.0008875 0.0008875 0.0008875 0.0017788 0.0054000 0.0036280 0.0044705 0.0044705 0.0044705 0.0044705 0.0118737 0.0009141 0.0037109 0.0241151 0.0250814 0.0241151 0.0272031 0.0251418 0.0241151 0.0241151 0.0241253 0.0250708 0.0250708 0.0251330 0.0242094 0.0241488 0.2028559 7.9203181 8.3240510 8.2536478 
OP3229531_Temnothorax_23 0.2409360 0.2170603 0.2147987 0.2165524 0.1327728 0.1327728 0.0000010 0.0000010 0.0000010 0.0000010 0.0000010 0.0000010 0.0000010 0.0008904 0.0000000 0.0000010 0.0009019 0.0026865 0.0000010 0.0000010 0.0000010 0.0000010 0.0000010 0.0008897 0.0035934 0.0027128 0.0026770 0.0026770 0.0026770 0.0026795 0.0100283 0.0000010 0.0027738 0.0222195 0.0231812 0.0222195 0.0252801 0.0232368 0.0222195 0.0222195 0.0222195 0.0231715 0.0231715 0.0241852 0.0223064 0.0222505 0.1991099 7.6719372 8.0568134 7.9263189 
OP3229661_Temnothorax_10 0.2388964 0.2159390 0.2136771 0.2154332 0.1316722 0.1316722 0.0000010 0.0000010 0.0000010 0.0000010 0.0000010 0.0000010 0.0000010 0.0008930 0.0000010 0.0000000 0.0009011 0.0026918 0.0000010 0.0000010 0.0000010 0.0000010 0.0000010 0.0008914 0.0035996 0.0027102 0.0026848 0.0026848 0.0026848 0.0026848 0.0100541 0.0000010 0.0027710 0.0222877 0.0232525 0.0222877 0.0253589 0.0233085 0.0222877 0.0222877 0.0222877 0.0232428 0.0232428 0.0242363 0.0223532 0.0223095 0.1979547 7.5512591 7.9303562 8.0874238 
OP3229551_Temnothorax_21 0.2390699 0.2157626 0.2134751 0.2152514 0.1349812 0.1349812 0.0009011 0.0009011 0.0009011 0.0009011 0.0009011 0.0009011 0.0009011 0.0018093 0.0009019 0.0009011 0.0000000 0.0018061 0.0009062 0.0009011 0.0009011 0.0009011 0.0009011 0.0018061 0.0045555 0.0036265 0.0036265 0.0036265 0.0036265 0.0036265 0.0111154 0.0009137 0.0037095 0.0235323 0.0245122 0.0235323 0.0266603 0.0245721 0.0235323 0.0235323 0.0235323 0.0245017 0.0245017 0.0255121 0.0235790 0.0235556 0.2028575 7.5641025 7.9502385 8.3716559 
OP3229511_Temnothorax_25 0.2418261 0.2180496 0.2158324 0.2175498 0.1362507 0.1362507 0.0026417 0.0026285 0.0026407 0.0026264 0.0026474 0.0026427 0.0026776 0.0035818 0.0026865 0.0026918 0.0018061 0.0000000 0.0009049 0.0035748 0.0026714 0.0026417 0.0026253 0.0035298 0.0061895 0.0036215 0.0061765 0.0061715 0.0061812 0.0062079 0.0118295 0.0009124 0.0037041 0.0259060 0.0265677 0.0257585 0.0296602 0.0266070 0.0256233 0.0256126 0.0256004 0.0265329 0.0268238 0.0248811 0.0258056 0.0256710 0.2043517 7.9380165 8.3432718 8.0874238 
OP3229671_Temnothorax_9  0.2378286 0.2150511 0.2127596 0.2127596 0.1315687 0.1315687 0.0000010 0.0000010 0.0000010 0.0000010 0.0000010 0.0000010 0.0000010 0.0009066 0.0000010 0.0000010 0.0009062 0.0009049 0.0000000 0.0000010 0.0000010 0.0000010 0.0000010 0.0009049 0.0036511 0.0027257 0.0027257 0.0027257 0.0027257 0.0027257 0.0092529 0.0000010 0.0027710 0.0226390 0.0236195 0.0226390 0.0257630 0.0236772 0.0226390 0.0226390 0.0226390 0.0236094 0.0236094 0.0246089 0.0226840 0.0226615 0.2003315 7.7404304 8.1426442 8.0874238 
OP3229561_Temnothorax_20 0.2427900 0.2180662 0.2158037 0.2175561 0.1350124 0.1350124 0.0008857 0.0008857 0.0008857 0.0008857 0.0008857 0.0008857 0.0000010 0.0008875 0.0000010 0.0000010 0.0009011 0.0035748 0.0000010 0.0000000 0.0000010 0.0008857 0.0008857 0.0017753 0.0053895 0.0027102 0.0044618 0.0044618 0.0044635 0.0044618 0.0118503 0.0000010 0.0027710 0.0240672 0.0250315 0.0240672 0.0271485 0.0250916 0.0240672 0.0240672 0.0240773 0.0250209 0.0250209 0.0250829 0.0241713 0.0241108 0.2023409 7.7381793 8.1274969 8.0874238 
OP3229501_Temnothorax_26 0.2380466 0.2156744 0.2134314 0.2151733 0.1332690 0.1332690 0.0000010 0.0000010 0.0000010 0.0000010 0.0000010 0.0000010 0.0000010 0.0008875 0.0000010 0.0000010 0.0009011 0.0026714 0.0000010 0.0000010 0.0000000 0.0000010 0.0000010 0.0008847 0.0044760 0.0027102 0.0035568 0.0035568 0.0035582 0.0035568 0.0109008 0.0000010 0.0027710 0.0230599 0.0240193 0.0230599 0.0261185 0.0240767 0.0230599 0.0230599 0.0230696 0.0240092 0.0240092 0.0240684 0.0231594 0.0231016 0.2000168 7.7381793 8.1274969 8.0874238 
OP3229481_Temnothorax_28 0.2369371 0.2153951 0.2131844 0.2149018 0.1326192 0.1326192 0.0000010 0.0000010 0.0000010 0.0000010 0.0000010 0.0000010 0.0000010 0.0008875 0.0000010 0.0000010 0.0009011 0.0026417 0.0000010 0.0008857 0.0000010 0.0000000 0.0000010 0.0008750 0.0044258 0.0027102 0.0035173 0.0035173 0.0035186 0.0035173 0.0108585 0.0000010 0.0027710 0.0229223 0.0237408 0.0227931 0.0258128 0.0237970 0.0227931 0.0227931 0.0228025 0.0237310 0.0238329 0.0238230 0.0228997 0.0228432 0.1985111 7.7381793 8.1274969 8.0874238 
OP3229401_Temnothorax_34 0.2326236 0.2132908 0.2111103 0.2128082 0.1315071 0.1315071 0.0000010 0.0000010 0.0000010 0.0000010 0.0000010 0.0000010 0.0000010 0.0008875 0.0000010 0.0000010 0.0009011 0.0026253 0.0000010 0.0008857 0.0000010 0.0000010 0.0000000 0.0008750 0.0043983 0.0027102 0.0034983 0.0034954 0.0035010 0.0035159 0.0108585 0.0000010 0.0027710 0.0229223 0.0236075 0.0227931 0.0266373 0.0236421 0.0226746 0.0226653 0.0226547 0.0235771 0.0238329 0.0238230 0.0228346 0.0227166 0.1982652 7.7381793 8.1274969 8.0874238 
OP3229411_Temnothorax_33 0.2369371 0.2171215 0.2149018 0.2166229 0.1340305 0.1340305 0.0008750 0.0008750 0.0008750 0.0008750 0.0008768 0.0008753 0.0008868 0.0017788 0.0008897 0.0008914 0.0018061 0.0035298 0.0009049 0.0017753 0.0008847 0.0008750 0.0008750 0.0000000 0.0053226 0.0036215 0.0044060 0.0044060 0.0044077 0.0044060 0.0117895 0.0009124 0.0037041 0.0238913 0.0247074 0.0237562 0.0267932 0.0247660 0.0237562 0.0237562 0.0237660 0.0246972 0.0248035 0.0247931 0.0238676 0.0238086 0.2002212 7.7381793 8.1274969 8.0874238 
OP3229641_Temnothorax_12 0.2231020 0.2085127 0.2081123 0.2098053 0.1322700 0.1322700 0.0044216 0.0043994 0.0044200 0.0043960 0.0044311 0.0044233 0.0035804 0.0054000 0.0035934 0.0035996 0.0045555 0.0061895 0.0036511 0.0053895 0.0044760 0.0044258 0.0043983 0.0053226 0.0000000 0.0009019 0.0008722 0.0008715 0.0008729 0.0008774 0.0099828 0.0036825 0.0065407 0.0259243 0.0265862 0.0257766 0.0296810 0.0266256 0.0256412 0.0256305 0.0256183 0.0265514 0.0268427 0.0278444 0.0257988 0.0256890 0.1966923 7.9557829 8.3617244 8.2471803 
OP3229611_Temnothorax_15 0.2280490 0.2104498 0.2100273 0.2117965 0.1348636 0.1348636 0.0027102 0.0027102 0.0027102 0.0027102 0.0027102 0.0027102 0.0027102 0.0036280 0.0027128 0.0027102 0.0036265 0.0036215 0.0027257 0.0027102 0.0027102 0.0027102 0.0027102 0.0036215 0.0009019 0.0000000 0.0000010 0.0000010 0.0000010 0.0000010 0.0092231 0.0027483 0.0055791 0.0254800 0.0264652 0.0254800 0.0286384 0.0265302 0.0254800 0.0254800 0.0254800 0.0264538 0.0264538 0.0274718 0.0255305 0.0255052 0.1994108 7.6527746 8.0446877 8.0874238 
OP3229621_Temnothorax_14 0.2297223 0.2120177 0.2116075 0.2133116 0.1317229 0.1317229 0.0035140 0.0034964 0.0035126 0.0034950 0.0035216 0.0035153 0.0026681 0.0044705 0.0026770 0.0026848 0.0036265 0.0061765 0.0027257 0.0044618 0.0035568 0.0035173 0.0034983 0.0044060 0.0008722 0.0000010 0.0000000 0.0000010 0.0000010 0.0000010 0.0090152 0.0027483 0.0055791 0.0248312 0.0255101 0.0246907 0.0275830 0.0255598 0.0245619 0.0245518 0.0245619 0.0254890 0.0257439 0.0267360 0.0247356 0.0246292 0.1987228 7.8446288 8.2407204 8.0874238 
OP3229601_Temnothorax_16 0.2289585 0.2116448 0.2112364 0.2129363 0.1315426 0.1315426 0.0035140 0.0034964 0.0035126 0.0034937 0.0035216 0.0035153 0.0026681 0.0044705 0.0026770 0.0026848 0.0036265 0.0061715 0.0027257 0.0044618 0.0035568 0.0035173 0.0034954 0.0044060 0.0008715 0.0000010 0.0000010 0.0000000 0.0000010 0.0000010 0.0090152 0.0027483 0.0055791 0.0248312 0.0254996 0.0246907 0.0285610 0.0255371 0.0245619 0.0245518 0.0245402 0.0254665 0.0257439 0.0267360 0.0247356 0.0246074 0.1983777 7.8446288 8.2407204 8.0874238 
OP3229631_Temnothorax_13 0.2304234 0.2123594 0.2119477 0.2136555 0.1318897 0.1318897 0.0035153 0.0034977 0.0035140 0.0034977 0.0035229 0.0035167 0.0026681 0.0044705 0.0026770 0.0026848 0.0036265 0.0061812 0.0027257 0.0044635 0.0035582 0.0035186 0.0035010 0.0044077 0.0008729 0.0000010 0.0000010 0.0000010 0.0000000 0.0000010 0.0090187 0.0027483 0.0055791 0.0248416 0.0255313 0.0247009 0.0276062 0.0255810 0.0245720 0.0245720 0.0245822 0.0255101 0.0257547 0.0267472 0.0247356 0.0246394 0.1990396 7.8446288 8.2407204 8.0874238 
OP3229591_Temnothorax_17 0.2333085 0.2137986 0.2133811 0.2151005 0.1327124 0.1327124 0.0035173 0.0035159 0.0035159 0.0035159 0.0035249 0.0035186 0.0026707 0.0044705 0.0026795 0.0026848 0.0036265 0.0062079 0.0027257 0.0044618 0.0035568 0.0035173 0.0035159 0.0044060 0.0008774 0.0000010 0.0000010 0.0000010 0.0000010 0.0000000 0.0090238 0.0027483 0.0055791 0.0248552 0.0256581 0.0247144 0.0277561 0.0257191 0.0247042 0.0247042 0.0247144 0.0256474 0.0257688 0.0267360 0.0248201 0.0247587 0.1986932 7.8924072 8.2922834 8.0874238 
OP3229651_Temnothorax_11 0.2671389 0.2305570 0.2282260 0.2300072 0.1409230 0.1409230 0.0108481 0.0108481 0.0108481 0.0108481 0.0108481 0.0108481 0.0099943 0.0118737 0.0100283 0.0100541 0.0111154 0.0118295 0.0092529 0.0118503 0.0109008 0.0108585 0.0108585 0.0117895 0.0099828 0.0092231 0.0090152 0.0090152 0.0090187 0.0090238 0.0000000 0.0083574 0.0113115 0.0309696 0.0319576 0.0309696 0.0341738 0.0320360 0.0309696 0.0309696 0.0309830 0.0319437 0.0319437 0.0310777 0.0311049 0.0310134 0.2132199 8.0481485 8.4594598 8.2357408 
OP3229571_Temnothorax_19 0.2426004 0.2172989 0.2149783 0.2149783 0.1310799 0.1310799 0.0000010 0.0000010 0.0000010 0.0000010 0.0000010 0.0000010 0.0000010 0.0009141 0.0000010 0.0000010 0.0009137 0.0009124 0.0000010 0.0000010 0.0000010 0.0000010 0.0000010 0.0009124 0.0036825 0.0027483 0.0027483 0.0027483 0.0027483 0.0027483 0.0083574 0.0000000 0.0018487 0.0228322 0.0238213 0.0228322 0.0259851 0.0238800 0.0228322 0.0228322 0.0228322 0.0238110 0.0238110 0.0248194 0.0228551 0.0228322 0.2009386 7.6438541 8.0432059 8.0397701 
OP3229521_Temnothorax_24 0.2523086 0.2218360 0.2194633 0.2194633 0.1345592 0.1345592 0.0027710 0.0027710 0.0027710 0.0027710 0.0027710 0.0027710 0.0027710 0.0037109 0.0027738 0.0027710 0.0037095 0.0037041 0.0027710 0.0027710 0.0027710 0.0027710 0.0027710 0.0037041 0.0065407 0.0055791 0.0055791 0.0055791 0.0055791 0.0055791 0.0113115 0.0018487 0.0000000 0.0260849 0.0270947 0.0260849 0.0282145 0.0271628 0.0260849 0.0260849 0.0260849 0.0270827 0.0270827 0.0281143 0.0250721 0.0250468 0.2052367 7.5836901 7.9866816 7.8068570 
OP2971921_Temnothorax_38 0.2534544 0.2328951 0.2305725 0.2323429 0.1232563 0.1232563 0.0229003 0.0229003 0.0229003 0.0229003 0.0229003 0.0229003 0.0221433 0.0241151 0.0222195 0.0222877 0.0235323 0.0259060 0.0226390 0.0240672 0.0230599 0.0229223 0.0229223 0.0238913 0.0259243 0.0254800 0.0248312 0.0248312 0.0248416 0.0248552 0.0309696 0.0228322 0.0260849 0.0000000 0.0008703 0.0000010 0.0026345 0.0008723 0.0000010 0.0000010 0.0000010 0.0008700 0.0008700 0.0017488 0.0000010 0.0000010 0.2210682 7.5463412 7.9193266 8.1343318 
OP2971821_Temnothorax_48 0.2425847 0.2275635 0.2252975 0.2270346 0.1228400 0.1228400 0.0237181 0.0236044 0.0237083 0.0235850 0.0237717 0.0237279 0.0231016 0.0250814 0.0231812 0.0232525 0.0245122 0.0265677 0.0236195 0.0250315 0.0240193 0.0237408 0.0236075 0.0247074 0.0265862 0.0264652 0.0255101 0.0254996 0.0255313 0.0256581 0.0319576 0.0238213 0.0270947 0.0008703 0.0000000 0.0008657 0.0034803 0.0017285 0.0008617 0.0008614 0.0008614 0.0017246 0.0017403 0.0026176 0.0008675 0.0008636 0.2208513 7.5942162 7.9701951 8.1343318 
OP2971861_Temnothorax_44 0.2495940 0.2309921 0.2286951 0.2304495 0.1223976 0.1223976 0.0227713 0.0227713 0.0227713 0.0227713 0.0228226 0.0227806 0.0221433 0.0241151 0.0222195 0.0222877 0.0235323 0.0257585 0.0226390 0.0240672 0.0230599 0.0227931 0.0227931 0.0237562 0.0257766 0.0254800 0.0246907 0.0246907 0.0247009 0.0247144 0.0309696 0.0228322 0.0260849 0.0000010 0.0008657 0.0000000 0.0026203 0.0008671 0.0000010 0.0000010 0.0000010 0.0008663 0.0008688 0.0017424 0.0000010 0.0000010 0.2192623 7.5463412 7.9193266 8.1343318 
OP2971901_Temnothorax_40 0.2589582 0.2382117 0.2358763 0.2376465 0.1279092 0.1279092 0.0257878 0.0256523 0.0257770 0.0256310 0.0258468 0.0257986 0.0251925 0.0272031 0.0252801 0.0253589 0.0266603 0.0296602 0.0257630 0.0271485 0.0261185 0.0258128 0.0266373 0.0267932 0.0296810 0.0286384 0.0275830 0.0285610 0.0276062 0.0277561 0.0341738 0.0259851 0.0282145 0.0026345 0.0034803 0.0026203 0.0000000 0.0026067 0.0026073 0.0026063 0.0034831 0.0043571 0.0035121 0.0044019 0.0026251 0.0034923 0.2238193 7.4370509 7.7993969 7.8497771 
OP2971891_Temnothorax_41 0.2455044 0.2311486 0.2288651 0.2306089 0.1230501 0.1230501 0.0237741 0.0236501 0.0237643 0.0236307 0.0238280 0.0237839 0.0231568 0.0251418 0.0232368 0.0233085 0.0245721 0.0266070 0.0236772 0.0250916 0.0240767 0.0237970 0.0236421 0.0247660 0.0266256 0.0265302 0.0255598 0.0255371 0.0255810 0.0257191 0.0320360 0.0238800 0.0271628 0.0008723 0.0017285 0.0008671 0.0026067 0.0000000 0.0008626 0.0008630 0.0008626 0.0017265 0.0017441 0.0026233 0.0008693 0.0008641 0.2169615 7.4562552 7.8234789 7.9074953 
OP2971871_Temnothorax_43 0.2462315 0.2293094 0.2270346 0.2287752 0.1216254 0.1216254 0.0227713 0.0226530 0.0227619 0.0226530 0.0228226 0.0227806 0.0221433 0.0241151 0.0222195 0.0222877 0.0235323 0.0256233 0.0226390 0.0240672 0.0230599 0.0227931 0.0226746 0.0237562 0.0256412 0.0254800 0.0245619 0.0245619 0.0245720 0.0247042 0.0309696 0.0228322 0.0260849 0.0000010 0.0008617 0.0000010 0.0026073 0.0008626 0.0000000 0.0000010 0.0000010 0.0008618 0.0008688 0.0017424 0.0000010 0.0000010 0.2193986 7.5463412 7.9193266 8.1343318 
OP2971911_Temnothorax_39 0.2458468 0.2291193 0.2268475 0.2285861 0.1215510 0.1215510 0.0227713 0.0226530 0.0227619 0.0226437 0.0228226 0.0227806 0.0221433 0.0241151 0.0222195 0.0222877 0.0235323 0.0256126 0.0226390 0.0240672 0.0230599 0.0227931 0.0226653 0.0237562 0.0256305 0.0254800 0.0245518 0.0245518 0.0245720 0.0247042 0.0309696 0.0228322 0.0260849 0.0000010 0.0008614 0.0000010 0.0026063 0.0008630 0.0000010 0.0000000 0.0000010 0.0008611 0.0008688 0.0017424 0.0000010 0.0000010 0.2192186 7.5463412 7.9193266 8.1343318 
OP2971881_Temnothorax_42 0.2453867 0.2288923 0.2266243 0.2283605 0.1214643 0.1214643 0.0227806 0.0226622 0.0227713 0.0226437 0.0228320 0.0227900 0.0221526 0.0241253 0.0222195 0.0222877 0.0235323 0.0256004 0.0226390 0.0240773 0.0230696 0.0228025 0.0226547 0.0237660 0.0256183 0.0254800 0.0245619 0.0245402 0.0245822 0.0247144 0.0309830 0.0228322 0.0260849 0.0000010 0.0008614 0.0000010 0.0034831 0.0008626 0.0000010 0.0000010 0.0000000 0.0008603 0.0008692 0.0017427 0.0000010 0.0000010 0.2167738 7.4825664 7.8514516 8.1343318 
OP2971841_Temnothorax_46 0.2476881 0.2301518 0.2278812 0.2296170 0.1200337 0.1200337 0.0237083 0.0235850 0.0236985 0.0235657 0.0237619 0.0237181 0.0230919 0.0250708 0.0231715 0.0232428 0.0245017 0.0265329 0.0236094 0.0250209 0.0240092 0.0237310 0.0235771 0.0246972 0.0265514 0.0264538 0.0254890 0.0254665 0.0255101 0.0256474 0.0319437 0.0238110 0.0270827 0.0008700 0.0017246 0.0008663 0.0043571 0.0017265 0.0008618 0.0008611 0.0008603 0.0000000 0.0000010 0.0008701 0.0008669 0.0008633 0.2202728 7.5942162 7.9701951 8.1343318 
OP2971831_Temnothorax_47 0.2552834 0.2339087 0.2315865 0.2333546 0.1216706 0.1216706 0.0238100 0.0238100 0.0238100 0.0238100 0.0238100 0.0238100 0.0230919 0.0250708 0.0231715 0.0232428 0.0245017 0.0268238 0.0236094 0.0250209 0.0240092 0.0238329 0.0238329 0.0248035 0.0268427 0.0264538 0.0257439 0.0257439 0.0257547 0.0257688 0.0319437 0.0238110 0.0270827 0.0008700 0.0017403 0.0008688 0.0035121 0.0017441 0.0008688 0.0008688 0.0008692 0.0000010 0.0000000 0.0008723 0.0008724 0.0008703 0.2221027 7.5942162 7.9701951 8.1343318 
OP2971851_Temnothorax_45 0.2554015 0.2339748 0.2316528 0.2334207 0.1231033 0.1231033 0.0238230 0.0238230 0.0238230 0.0238230 0.0238428 0.0238329 0.0241019 0.0251330 0.0241852 0.0242363 0.0255121 0.0248811 0.0246089 0.0250829 0.0240684 0.0238230 0.0238230 0.0247931 0.0278444 0.0274718 0.0267360 0.0267360 0.0267472 0.0267360 0.0310777 0.0248194 0.0281143 0.0017488 0.0026176 0.0017424 0.0044019 0.0026233 0.0017424 0.0017424 0.0017427 0.0008701 0.0008723 0.0000000 0.0017503 0.0017460 0.2221702 7.7036751 8.0886841 8.1343318 
OP2971811_Temnothorax_49 0.2460113 0.2291045 0.2268190 0.2285682 0.1226359 0.1226359 0.0228777 0.0228127 0.0228682 0.0228127 0.0229200 0.0228777 0.0222296 0.0242094 0.0223064 0.0223532 0.0235790 0.0258056 0.0226840 0.0241713 0.0231594 0.0228997 0.0228346 0.0238676 0.0257988 0.0255305 0.0247356 0.0247356 0.0247356 0.0248201 0.0311049 0.0228551 0.0250721 0.0000010 0.0008675 0.0000010 0.0026251 0.0008693 0.0000010 0.0000010 0.0000010 0.0008669 0.0008724 0.0017503 0.0000000 0.0000010 0.2214753 7.6166677 7.9960351 8.0869951 
OP2971801_Temnothorax_50 0.2471636 0.2297851 0.2275050 0.2292487 0.1218688 0.1218688 0.0228213 0.0227241 0.0228119 0.0227055 0.0228634 0.0228213 0.0221741 0.0241488 0.0222505 0.0223095 0.0235556 0.0256710 0.0226615 0.0241108 0.0231016 0.0228432 0.0227166 0.0238086 0.0256890 0.0255052 0.0246292 0.0246074 0.0246394 0.0247587 0.0310134 0.0228322 0.0250468 0.0000010 0.0008636 0.0000010 0.0034923 0.0008641 0.0000010 0.0000010 0.0000010 0.0008633 0.0008703 0.0017460 0.0000010 0.0000000 0.2198587 7.4194004 7.7842526 7.9733632 
PQ6726181_Temnothorax_3  0.1207809 0.1105007 0.1092858 0.1086037 0.2188494 0.2180045 0.1982843 0.1985420 0.1981260 0.1982271 0.1990190 0.1984428 0.2004119 0.2028559 0.1991099 0.1979547 0.2028575 0.2043517 0.2003315 0.2023409 0.2000168 0.1985111 0.1982652 0.2002212 0.1966923 0.1994108 0.1987228 0.1983777 0.1990396 0.1986932 0.2132199 0.2009386 0.2052367 0.2210682 0.2208513 0.2192623 0.2238193 0.2169615 0.2193986 0.2192186 0.2167738 0.2202728 0.2221027 0.2221702 0.2214753 0.2198587 0.0000000 8.9999986 8.9999987 8.9999982 
OP2971971_Temnothorax_35 8.9999985 8.9999984 8.9999988 8.9999983 8.6572341 8.6572341 7.6918018 7.6918018 7.6918018 7.6918018 7.6918018 7.6918018 7.6918018 7.9203181 7.6719372 7.5512591 7.5641025 7.9380165 7.7404304 7.7381793 7.7381793 7.7381793 7.7381793 7.7381793 7.9557829 7.6527746 7.8446288 7.8446288 7.8446288 7.8924072 8.0481485 7.6438541 7.5836901 7.5463412 7.5942162 7.5463412 7.4370509 7.4562552 7.5463412 7.5463412 7.4825664 7.5942162 7.5942162 7.7036751 7.6166677 7.4194004 8.9999986 0.0000000 0.0323487 0.2435744 
OP2971951_Temnothorax_36 8.9999986 8.9999987 8.9999984 8.9999985 8.9226186 8.9226186 8.0773945 8.0773945 8.0773945 8.0773945 8.0773945 8.0773945 8.0773945 8.3240510 8.0568134 7.9303562 7.9502385 8.3432718 8.1426442 8.1274969 8.1274969 8.1274969 8.1274969 8.1274969 8.3617244 8.0446877 8.2407204 8.2407204 8.2407204 8.2922834 8.4594598 8.0432059 7.9866816 7.9193266 7.9701951 7.9193266 7.7993969 7.8234789 7.9193266 7.9193266 7.8514516 7.9701951 7.9701951 8.0886841 7.9960351 7.7842526 8.9999987 0.0323487 0.0000000 0.2332976 
OX3951501_Temnothorax_8  8.9999989 8.9999989 8.9999989 8.9999989 8.7964793 8.7964793 8.0874238 8.0874238 8.0874238 8.0874238 8.0874238 8.0874238 8.0874238 8.2536478 7.9263189 8.0874238 8.3716559 8.0874238 8.0874238 8.0874238 8.0874238 8.0874238 8.0874238 8.0874238 8.2471803 8.0874238 8.0874238 8.0874238 8.0874238 8.0874238 8.2357408 8.0397701 7.8068570 8.1343318 8.1343318 8.1343318 7.8497771 7.9074953 8.1343318 8.1343318 8.1343318 8.1343318 8.1343318 8.1343318 8.0869951 7.9733632 8.9999982 0.2435744 0.2332976 0.0000000 
