50
PQ6726201_Temnothorax_1  0.0000000 0.0000010 0.2274503 0.2462678 0.2402109 0.2363854 0.2383902 5.5392449 0.1348912 0.1349698 0.1447704 0.1356787 0.1352432 0.1350633 0.1383265 0.1348677 0.1360968 0.1388328 0.1343333 0.1385325 0.1384554 0.1355874 0.1361451 0.1381359 0.1397790 0.1366463 0.1362395 0.1359489 0.1357125 0.1347390 0.1358033 0.1358943 0.1373978 0.1347768 3.7143447 3.5677966 0.1349179 0.1263217 0.1245329 0.1313169 0.1261179 0.1244387 0.1246130 0.1254208 0.1261567 0.1229632 0.1246861 0.1258632 0.1256700 0.1248637 
PQ6726191_Temnothorax_2  0.0000010 0.0000000 0.2264824 0.2459115 0.2418000 0.2377165 0.2397342 5.5392449 0.1348912 0.1349698 0.1447704 0.1356787 0.1352432 0.1350633 0.1383265 0.1348677 0.1360968 0.1388328 0.1343333 0.1385325 0.1384554 0.1355874 0.1361451 0.1381359 0.1397790 0.1366463 0.1362395 0.1359489 0.1357125 0.1347390 0.1358033 0.1358943 0.1373978 0.1347768 3.7143447 3.5677966 0.1349179 0.1263217 0.1245329 0.1313169 0.1261179 0.1244387 0.1246130 0.1254208 0.1261567 0.1229632 0.1246861 0.1258632 0.1256700 0.1248637 
PQ6726181_Temnothorax_3  0.2274503 0.2264824 0.0000000 0.1234273 0.1107346 0.1114689 0.1127534 6.4269969 0.2083247 0.2057685 0.2221380 0.2044167 0.2070124 0.2066603 0.2074441 0.2062746 0.2066861 0.2111431 0.2089852 0.2106403 0.2110148 0.2084832 0.2070233 0.2137720 0.2125783 0.2080585 0.2069699 0.2064035 0.2059898 0.2060301 0.2061657 0.2063419 0.2081633 0.2060563 4.4943268 4.3030948 0.2063796 0.2299661 0.2279188 0.2329555 0.2254576 0.2252459 0.2281185 0.2280380 0.2310714 0.2289703 0.2310128 0.2296141 0.2303287 0.2285947 
PQ6726171_Temnothorax_4  0.2462678 0.2459115 0.1234273 0.0000000 0.0033520 0.0010877 0.0000010 6.5651591 0.2494117 0.2505130 0.2807673 0.2334179 0.2413898 0.2406001 0.2391858 0.2397351 0.2444505 0.2561320 0.2544589 0.2549935 0.2508794 0.2506246 0.2527393 0.2653994 0.2535848 0.2496558 0.2495713 0.2482269 0.2472962 0.2435078 0.2477095 0.2481245 0.2482269 0.2435263 5.5770789 5.2999686 0.2443087 0.2660990 0.2578631 0.2723168 0.2574367 0.2573388 0.2582969 0.2619188 0.2680378 0.2596852 0.2679417 0.2545001 0.2579826 0.2592717 
PQ6726161_Temnothorax_5  0.2402109 0.2418000 0.1107346 0.0033520 0.0000000 0.0035617 0.0028488 6.5651591 0.2209274 0.2237040 0.2392034 0.2177315 0.2218777 0.2214969 0.2200090 0.2210791 0.2233910 0.2266460 0.2232441 0.2261144 0.2235794 0.2239221 0.2249205 0.2282267 0.2259697 0.2234694 0.2237075 0.2230871 0.2226433 0.2208198 0.2228356 0.2230283 0.2248512 0.2208399 4.9020126 4.7271709 0.2211979 0.2415985 0.2375923 0.2474608 0.2397587 0.2373397 0.2378019 0.2395791 0.2426762 0.2386176 0.2426199 0.2360187 0.2375312 0.2382914 
PQ6726151_Temnothorax_6  0.2363854 0.2377165 0.1114689 0.0010877 0.0035617 0.0000000 0.0021039 6.5651591 0.2209274 0.2219027 0.2373787 0.2159947 0.2201255 0.2197486 0.2181928 0.2193353 0.2216273 0.2248435 0.2232441 0.2243160 0.2217570 0.2221312 0.2231219 0.2282267 0.2242087 0.2216824 0.2219397 0.2213259 0.2208860 0.2190781 0.2210762 0.2212669 0.2230871 0.2190989 4.8503595 4.6780483 0.2194522 0.2397849 0.2358112 0.2456472 0.2379726 0.2355612 0.2360187 0.2377819 0.2408658 0.2368400 0.2408092 0.2342384 0.2357393 0.2365052 
PQ6726141_Temnothorax_7  0.2383902 0.2397342 0.1127534 0.0000010 0.0028488 0.0021039 0.0000000 6.5651591 0.2234266 0.2243702 0.2399251 0.2164962 0.2206419 0.2202629 0.2187230 0.2198472 0.2221509 0.2273215 0.2257749 0.2267867 0.2242530 0.2245851 0.2255894 0.2308191 0.2266276 0.2241295 0.2243612 0.2237365 0.2232900 0.2214553 0.2234836 0.2236776 0.2255070 0.2214752 4.9773503 4.7997477 0.2218360 0.2423228 0.2382921 0.2482022 0.2404667 0.2380377 0.2385031 0.2402910 0.2434024 0.2393189 0.2433461 0.2367135 0.2382350 0.2389952 
OX3951501_Temnothorax_8  5.5392449 5.5392449 6.4269969 6.5651591 6.5651591 6.5651591 6.5651591 0.0000000 6.0681672 6.0425077 5.6853683 6.1007777 5.8807082 6.0065964 5.7332335 6.1513602 6.0837028 6.2949096 5.7951032 6.5775680 5.9530900 6.2221951 6.3444678 6.0878883 5.9696409 6.3812568 6.1863043 6.2679821 6.1863043 6.2611852 6.1863043 6.1863043 6.2679821 6.4200428 0.2553490 0.2452129 6.1863043 6.0065964 6.0065964 6.3429861 6.1323526 6.0239068 6.0065964 6.0065964 6.3583145 6.1513602 6.0065964 6.0788726 5.9010169 5.8806867 
OP3229671_Temnothorax_9  0.1348912 0.1348912 0.2083247 0.2494117 0.2209274 0.2209274 0.2234266 6.0681672 0.0000000 0.0000010 0.0092712 0.0036544 0.0027273 0.0027273 0.0027273 0.0027273 0.0027273 0.0009069 0.0000010 0.0000010 0.0009065 0.0000010 0.0000010 0.0027739 0.0009051 0.0000010 0.0000010 0.0000010 0.0000010 0.0000010 0.0000010 0.0000010 0.0009051 0.0000010 3.9791380 3.8669208 0.0000010 0.0227289 0.0227289 0.0258974 0.0237797 0.0227289 0.0227289 0.0227289 0.0247128 0.0237061 0.0237061 0.0237163 0.0227742 0.0227515 
OP3229661_Temnothorax_10 0.1349698 0.1349698 0.2057685 0.2505130 0.2237040 0.2219027 0.2243702 6.0425077 0.0000010 0.0000000 0.0100773 0.0036029 0.0026864 0.0026864 0.0027117 0.0026864 0.0026864 0.0008933 0.0000010 0.0000010 0.0009014 0.0000010 0.0000010 0.0027739 0.0026940 0.0000010 0.0000010 0.0000010 0.0000010 0.0000010 0.0000010 0.0000010 0.0008916 0.0000010 4.0583493 3.9462385 0.0000010 0.0223752 0.0223752 0.0254894 0.0234080 0.0223752 0.0223752 0.0223752 0.0243373 0.0233367 0.0233367 0.0233466 0.0224411 0.0223971 
OP3229651_Temnothorax_11 0.1447704 0.1447704 0.2221380 0.2807673 0.2392034 0.2373787 0.2399251 5.6853683 0.0092712 0.0100773 0.0000000 0.0100098 0.0090398 0.0090363 0.0092452 0.0090363 0.0090450 0.0119069 0.0083710 0.0118846 0.0111454 0.0100173 0.0100515 0.0113425 0.0118651 0.0109273 0.0108743 0.0108847 0.0108743 0.0108743 0.0108743 0.0108743 0.0118195 0.0108847 4.2858089 4.1699577 0.0108743 0.0311542 0.0311542 0.0344220 0.0322386 0.0311678 0.0311542 0.0311542 0.0312635 0.0321379 0.0321379 0.0321520 0.0312909 0.0311985 
OP3229641_Temnothorax_12 0.1356787 0.1356787 0.2044167 0.2334179 0.2177315 0.2159947 0.2164962 6.1007777 0.0036544 0.0036029 0.0100098 0.0000000 0.0008732 0.0008725 0.0009023 0.0008718 0.0008777 0.0054077 0.0036860 0.0053977 0.0045615 0.0035848 0.0035968 0.0065541 0.0061988 0.0044808 0.0044358 0.0044305 0.0044246 0.0044007 0.0044263 0.0044280 0.0053289 0.0044029 4.1860495 4.0057206 0.0044040 0.0260493 0.0257525 0.0298686 0.0267612 0.0257401 0.0257633 0.0259000 0.0279850 0.0266805 0.0269751 0.0267160 0.0259224 0.0258114 
OP3229631_Temnothorax_13 0.1352432 0.1352432 0.2070124 0.2413898 0.2218777 0.2201255 0.2206419 5.8807082 0.0027273 0.0026864 0.0090398 0.0008732 0.0000000 0.0000010 0.0000010 0.0000010 0.0000010 0.0044753 0.0027499 0.0044687 0.0036298 0.0026697 0.0026785 0.0055885 0.0061906 0.0035607 0.0035254 0.0035211 0.0035164 0.0035001 0.0035178 0.0035191 0.0044113 0.0035034 4.1170339 4.0064686 0.0035001 0.0249519 0.0246798 0.0277606 0.0257021 0.0246901 0.0246798 0.0248099 0.0268722 0.0256251 0.0258719 0.0256465 0.0248448 0.0247478 
OP3229621_Temnothorax_14 0.1350633 0.1350633 0.2066603 0.2406001 0.2214969 0.2197486 0.2202629 6.0065964 0.0027273 0.0026864 0.0090363 0.0008725 0.0000010 0.0000000 0.0000010 0.0000010 0.0000010 0.0044753 0.0027499 0.0044670 0.0036298 0.0026697 0.0026785 0.0055885 0.0061859 0.0035593 0.0035240 0.0035197 0.0035150 0.0034974 0.0035164 0.0035178 0.0044095 0.0035007 4.1561935 4.0446820 0.0034988 0.0249414 0.0246593 0.0277371 0.0256805 0.0246696 0.0246696 0.0247995 0.0268608 0.0256037 0.0258610 0.0256251 0.0248448 0.0247375 
OP3229611_Temnothorax_15 0.1383265 0.1383265 0.2074441 0.2391858 0.2200090 0.2181928 0.2187230 5.7332335 0.0027273 0.0027117 0.0092452 0.0009023 0.0000010 0.0000010 0.0000000 0.0000010 0.0000010 0.0036313 0.0027499 0.0027117 0.0036298 0.0027117 0.0027144 0.0055885 0.0036241 0.0027117 0.0027117 0.0027117 0.0027117 0.0027117 0.0027117 0.0027117 0.0036241 0.0027117 3.9831891 3.8718442 0.0027117 0.0255958 0.0255958 0.0288046 0.0266603 0.0255958 0.0255958 0.0255958 0.0276035 0.0265773 0.0265773 0.0265889 0.0256467 0.0256213 
OP3229601_Temnothorax_16 0.1348677 0.1348677 0.2062746 0.2397351 0.2210791 0.2193353 0.2198472 6.1513602 0.0027273 0.0026864 0.0090363 0.0008718 0.0000010 0.0000010 0.0000010 0.0000000 0.0000010 0.0044753 0.0027499 0.0044670 0.0036298 0.0026697 0.0026785 0.0055885 0.0061808 0.0035593 0.0035240 0.0035197 0.0035150 0.0034961 0.0035164 0.0035178 0.0044095 0.0034978 4.2054433 4.0246796 0.0034988 0.0249414 0.0246593 0.0287301 0.0256574 0.0246475 0.0246696 0.0247995 0.0268608 0.0255807 0.0258610 0.0256144 0.0248448 0.0247153 
OP3229591_Temnothorax_17 0.1360968 0.1360968 0.2066861 0.2444505 0.2233910 0.2216273 0.2221509 6.0837028 0.0027273 0.0026864 0.0090450 0.0008777 0.0000010 0.0000010 0.0000010 0.0000010 0.0000000 0.0044753 0.0027499 0.0044670 0.0036298 0.0026722 0.0026811 0.0055885 0.0062173 0.0035593 0.0035273 0.0035197 0.0035183 0.0035183 0.0035197 0.0035211 0.0044095 0.0035183 4.1761928 4.0639652 0.0035183 0.0249655 0.0248130 0.0279121 0.0258413 0.0248234 0.0248130 0.0248234 0.0268608 0.0257635 0.0258860 0.0257743 0.0249299 0.0248682 
OP3229581_Temnothorax_18 0.1388328 0.1388328 0.2111431 0.2561320 0.2266460 0.2248435 0.2273215 6.2949096 0.0009069 0.0008933 0.0119069 0.0054077 0.0044753 0.0044753 0.0036313 0.0044753 0.0044753 0.0000000 0.0009144 0.0008878 0.0018106 0.0008886 0.0008907 0.0037162 0.0035860 0.0008878 0.0008878 0.0008878 0.0008878 0.0008878 0.0008878 0.0008878 0.0017797 0.0008878 4.1476855 4.0344126 0.0008878 0.0242210 0.0242210 0.0273560 0.0252610 0.0242313 0.0242210 0.0242210 0.0252466 0.0251839 0.0251839 0.0251946 0.0243160 0.0242550 
OP3229571_Temnothorax_19 0.1343333 0.1343333 0.2089852 0.2544589 0.2232441 0.2232441 0.2257749 5.7951032 0.0000010 0.0000010 0.0083710 0.0036860 0.0027499 0.0027499 0.0027499 0.0027499 0.0027499 0.0009144 0.0000000 0.0000010 0.0009140 0.0000010 0.0000010 0.0018500 0.0009126 0.0000010 0.0000010 0.0000010 0.0000010 0.0000010 0.0000010 0.0000010 0.0009126 0.0000010 4.0208962 3.9062006 0.0000010 0.0229234 0.0229234 0.0261214 0.0239839 0.0229234 0.0229234 0.0229234 0.0249247 0.0239090 0.0239090 0.0239194 0.0229464 0.0229234 
OP3229561_Temnothorax_20 0.1385325 0.1385325 0.2106403 0.2549935 0.2261144 0.2243160 0.2267867 6.5775680 0.0000010 0.0000010 0.0118846 0.0053977 0.0044687 0.0044670 0.0027117 0.0044670 0.0044670 0.0008878 0.0000010 0.0000000 0.0009014 0.0000010 0.0000010 0.0027739 0.0035794 0.0000010 0.0008861 0.0008861 0.0008861 0.0008861 0.0008861 0.0008861 0.0017763 0.0008861 4.2363729 4.1212974 0.0008861 0.0241753 0.0241753 0.0273038 0.0252131 0.0241855 0.0241753 0.0241753 0.0251988 0.0251364 0.0251364 0.0251470 0.0242802 0.0242194 
OP3229551_Temnothorax_21 0.1384554 0.1384554 0.2110148 0.2508794 0.2235794 0.2217570 0.2242530 5.9530900 0.0009065 0.0009014 0.0111454 0.0045615 0.0036298 0.0036298 0.0036298 0.0036298 0.0036298 0.0018106 0.0009140 0.0009014 0.0000000 0.0009014 0.0009023 0.0037148 0.0018070 0.0009014 0.0009014 0.0009014 0.0009014 0.0009014 0.0009014 0.0009014 0.0018070 0.0009014 4.0162717 3.9039184 0.0009014 0.0236343 0.0236343 0.0268091 0.0246873 0.0236343 0.0236343 0.0236343 0.0256290 0.0246109 0.0246109 0.0246215 0.0236812 0.0236577 
OP3229541_Temnothorax_22 0.1355874 0.1355874 0.2084832 0.2506246 0.2239221 0.2221312 0.2245851 6.2221951 0.0000010 0.0000010 0.0100173 0.0035848 0.0026697 0.0026697 0.0027117 0.0026697 0.0026722 0.0008886 0.0000010 0.0000010 0.0009014 0.0000000 0.0000010 0.0027739 0.0026798 0.0000010 0.0000010 0.0000010 0.0000010 0.0000010 0.0000010 0.0000010 0.0008869 0.0000010 4.1365280 4.0239313 0.0000010 0.0222296 0.0222296 0.0253212 0.0232550 0.0222389 0.0222296 0.0222296 0.0242018 0.0231847 0.0231847 0.0231944 0.0223164 0.0222606 
OP3229531_Temnothorax_23 0.1361451 0.1361451 0.2070233 0.2527393 0.2249205 0.2231219 0.2255894 6.3444678 0.0000010 0.0000010 0.0100515 0.0035968 0.0026785 0.0026785 0.0027144 0.0026785 0.0026811 0.0008907 0.0000010 0.0000010 0.0009023 0.0000010 0.0000000 0.0027767 0.0026887 0.0000010 0.0000010 0.0000010 0.0000010 0.0000010 0.0000010 0.0000010 0.0008898 0.0000010 4.1559443 4.0420716 0.0000010 0.0223063 0.0223063 0.0254096 0.0233356 0.0223063 0.0223063 0.0223063 0.0242857 0.0232647 0.0232647 0.0232746 0.0223937 0.0223375 
OP3229521_Temnothorax_24 0.1381359 0.1381359 0.2137720 0.2653994 0.2282267 0.2282267 0.2308191 6.0878883 0.0027739 0.0027739 0.0113425 0.0065541 0.0055885 0.0055885 0.0055885 0.0055885 0.0055885 0.0037162 0.0018500 0.0027739 0.0037148 0.0027739 0.0027767 0.0000000 0.0037086 0.0027739 0.0027739 0.0027739 0.0027739 0.0027739 0.0027739 0.0027739 0.0037086 0.0027739 4.0285367 3.9564244 0.0027739 0.0262204 0.0262204 0.0283828 0.0273140 0.0262204 0.0262204 0.0262204 0.0282676 0.0272268 0.0272268 0.0272390 0.0251927 0.0251671 
OP3229511_Temnothorax_25 0.1397790 0.1397790 0.2125783 0.2535848 0.2259697 0.2242087 0.2266276 5.9696409 0.0009051 0.0026940 0.0118651 0.0061988 0.0061906 0.0061859 0.0036241 0.0061808 0.0062173 0.0035860 0.0009126 0.0035794 0.0018070 0.0026798 0.0026887 0.0037086 0.0000000 0.0026736 0.0026496 0.0026438 0.0026428 0.0026285 0.0026438 0.0026448 0.0035341 0.0026273 4.1614042 3.9814564 0.0026305 0.0260317 0.0257353 0.0298486 0.0267434 0.0257229 0.0257461 0.0258826 0.0249985 0.0266628 0.0269570 0.0266982 0.0259301 0.0257941 
OP3229501_Temnothorax_26 0.1366463 0.1366463 0.2080585 0.2496558 0.2234694 0.2216824 0.2241295 6.3812568 0.0000010 0.0000010 0.0109273 0.0044808 0.0035607 0.0035593 0.0027117 0.0035593 0.0035593 0.0008878 0.0000010 0.0000010 0.0009014 0.0000010 0.0000010 0.0027739 0.0026736 0.0000000 0.0000010 0.0000010 0.0000010 0.0000010 0.0000010 0.0000010 0.0008849 0.0000010 4.1817306 4.0680491 0.0000010 0.0231524 0.0231524 0.0262550 0.0241816 0.0231621 0.0231524 0.0231524 0.0241680 0.0241083 0.0241083 0.0241185 0.0232525 0.0231944 
OP3229491_Temnothorax_27 0.1362395 0.1362395 0.2069699 0.2495713 0.2237075 0.2219397 0.2243612 6.1863043 0.0000010 0.0000010 0.0108743 0.0044358 0.0035254 0.0035240 0.0027117 0.0035240 0.0035273 0.0008878 0.0000010 0.0008861 0.0009014 0.0000010 0.0000010 0.0027739 0.0026496 0.0000010 0.0000000 0.0000010 0.0000010 0.0000010 0.0000010 0.0000010 0.0008770 0.0000010 4.1739116 4.0614806 0.0000010 0.0229914 0.0229132 0.0259805 0.0239307 0.0229227 0.0229132 0.0229132 0.0239406 0.0238590 0.0239075 0.0238690 0.0230113 0.0229544 
OP3229481_Temnothorax_28 0.1359489 0.1359489 0.2064035 0.2482269 0.2230871 0.2213259 0.2237365 6.2679821 0.0000010 0.0000010 0.0108847 0.0044305 0.0035211 0.0035197 0.0027117 0.0035197 0.0035197 0.0008878 0.0000010 0.0008861 0.0009014 0.0000010 0.0000010 0.0027739 0.0026438 0.0000010 0.0000010 0.0000000 0.0000010 0.0000010 0.0000010 0.0000010 0.0008751 0.0000010 4.1941042 4.0809383 0.0000010 0.0230137 0.0228833 0.0259459 0.0238993 0.0228928 0.0228833 0.0228833 0.0239206 0.0238278 0.0239306 0.0238377 0.0229907 0.0229338 
OP3229471_Temnothorax_29 0.1357125 0.1357125 0.2059898 0.2472962 0.2226433 0.2208860 0.2232900 6.1863043 0.0000010 0.0000010 0.0108743 0.0044246 0.0035164 0.0035150 0.0027117 0.0035150 0.0035183 0.0008878 0.0000010 0.0008861 0.0009014 0.0000010 0.0000010 0.0027739 0.0026428 0.0000010 0.0000010 0.0000010 0.0000000 0.0000010 0.0000010 0.0000010 0.0008751 0.0000010 4.1739116 4.0614806 0.0000010 0.0229914 0.0228519 0.0259098 0.0238663 0.0228613 0.0228519 0.0228613 0.0239206 0.0237950 0.0239075 0.0238049 0.0229590 0.0229023 
OP3229461_Temnothorax_30 0.1347390 0.1347390 0.2060301 0.2435078 0.2208198 0.2190781 0.2214553 6.2611852 0.0000010 0.0000010 0.0108743 0.0044007 0.0035001 0.0034974 0.0027117 0.0034961 0.0035183 0.0008878 0.0000010 0.0008861 0.0009014 0.0000010 0.0000010 0.0027739 0.0026285 0.0000010 0.0000010 0.0000010 0.0000010 0.0000000 0.0000010 0.0000010 0.0008751 0.0000010 4.1986834 4.0857592 0.0000010 0.0229914 0.0227327 0.0257621 0.0237315 0.0227327 0.0227421 0.0228613 0.0239206 0.0236610 0.0239075 0.0236806 0.0229030 0.0227950 
OP3229441_Temnothorax_31 0.1358033 0.1358033 0.2061657 0.2477095 0.2228356 0.2210762 0.2234836 6.1863043 0.0000010 0.0000010 0.0108743 0.0044263 0.0035178 0.0035164 0.0027117 0.0035164 0.0035197 0.0008878 0.0000010 0.0008861 0.0009014 0.0000010 0.0000010 0.0027739 0.0026438 0.0000010 0.0000010 0.0000010 0.0000010 0.0000010 0.0000000 0.0000010 0.0008751 0.0000010 4.1739116 4.0614806 0.0000010 0.0229914 0.0228613 0.0259207 0.0238763 0.0228708 0.0228613 0.0228613 0.0239206 0.0238049 0.0239075 0.0238148 0.0229685 0.0229118 
OP3229431_Temnothorax_32 0.1358943 0.1358943 0.2063419 0.2481245 0.2230283 0.2212669 0.2236776 6.1863043 0.0000010 0.0000010 0.0108743 0.0044280 0.0035191 0.0035178 0.0027117 0.0035178 0.0035211 0.0008878 0.0000010 0.0008861 0.0009014 0.0000010 0.0000010 0.0027739 0.0026448 0.0000010 0.0000010 0.0000010 0.0000010 0.0000010 0.0000010 0.0000000 0.0008754 0.0000010 4.1739116 4.0614806 0.0000010 0.0229914 0.0228708 0.0259317 0.0238862 0.0228803 0.0228708 0.0228708 0.0239306 0.0238148 0.0239075 0.0238247 0.0229685 0.0229118 
OP3229411_Temnothorax_33 0.1373978 0.1373978 0.2081633 0.2482269 0.2248512 0.2230871 0.2255070 6.2679821 0.0009051 0.0008916 0.0118195 0.0053289 0.0044113 0.0044095 0.0036241 0.0044095 0.0044095 0.0017797 0.0009126 0.0017763 0.0018070 0.0008869 0.0008898 0.0037086 0.0035341 0.0008849 0.0008770 0.0008751 0.0008751 0.0008751 0.0008751 0.0008754 0.0000000 0.0008751 4.1941042 4.0809383 0.0008751 0.0239893 0.0238531 0.0269347 0.0248755 0.0238631 0.0238531 0.0238531 0.0248976 0.0248008 0.0249080 0.0248112 0.0239653 0.0239060 
OP3229401_Temnothorax_34 0.1347768 0.1347768 0.2060563 0.2435263 0.2208399 0.2190989 0.2214752 6.4200428 0.0000010 0.0000010 0.0108847 0.0044029 0.0035034 0.0035007 0.0027117 0.0034978 0.0035183 0.0008878 0.0000010 0.0008861 0.0009014 0.0000010 0.0000010 0.0027739 0.0026273 0.0000010 0.0000010 0.0000010 0.0000010 0.0000010 0.0000010 0.0000010 0.0008751 0.0000000 4.2439324 4.0603872 0.0000010 0.0230137 0.0227544 0.0267828 0.0237429 0.0227437 0.0227638 0.0228833 0.0239206 0.0236723 0.0239306 0.0237032 0.0229250 0.0228060 
OP2971971_Temnothorax_35 3.7143447 3.7143447 4.4943268 5.5770789 4.9020126 4.8503595 4.9773503 0.2553490 3.9791380 4.0583493 4.2858089 4.1860495 4.1170339 4.1561935 3.9831891 4.2054433 4.1761928 4.1476855 4.0208962 4.2363729 4.0162717 4.1365280 4.1559443 4.0285367 4.1614042 4.1817306 4.1739116 4.1941042 4.1739116 4.1986834 4.1739116 4.1739116 4.1941042 4.2439324 0.0000000 0.0326031 4.1739116 3.9466891 3.9466891 4.0474674 3.9887677 3.9564342 3.9466891 3.9466891 4.0939424 4.0176931 3.9703118 3.9296741 3.9362179 3.9376483 
OP2971951_Temnothorax_36 3.5677966 3.5677966 4.3030948 5.2999686 4.7271709 4.6780483 4.7997477 0.2452129 3.8669208 3.9462385 4.1699577 4.0057206 4.0064686 4.0446820 3.8718442 4.0246796 4.0639652 4.0344126 3.9062006 4.1212974 3.9039184 4.0239313 4.0420716 3.9564244 3.9814564 4.0680491 4.0614806 4.0809383 4.0614806 4.0857592 4.0614806 4.0614806 4.0809383 4.0603872 0.0326031 0.0000000 4.0614806 3.8418098 3.8418098 3.9886434 3.8194264 3.7884733 3.8418098 3.8418098 3.9838998 3.8469943 3.8647157 3.8879140 3.8310679 3.7701186 
OP2971931_Temnothorax_37 0.1349179 0.1349179 0.2063796 0.2443087 0.2211979 0.2194522 0.2218360 6.1863043 0.0000010 0.0000010 0.0108743 0.0044040 0.0035001 0.0034988 0.0027117 0.0034988 0.0035183 0.0008878 0.0000010 0.0008861 0.0009014 0.0000010 0.0000010 0.0027739 0.0026305 0.0000010 0.0000010 0.0000010 0.0000010 0.0000010 0.0000010 0.0000010 0.0008751 0.0000010 4.1739116 4.0614806 0.0000000 0.0229914 0.0227421 0.0257838 0.0237512 0.0227515 0.0227421 0.0228613 0.0239206 0.0236806 0.0239075 0.0237001 0.0229030 0.0228138 
OP2971921_Temnothorax_38 0.1263217 0.1263217 0.2299661 0.2660990 0.2415985 0.2397849 0.2423228 6.0065964 0.0227289 0.0223752 0.0311542 0.0260493 0.0249519 0.0249414 0.0255958 0.0249414 0.0249655 0.0242210 0.0229234 0.0241753 0.0236343 0.0222296 0.0223063 0.0262204 0.0260317 0.0231524 0.0229914 0.0230137 0.0229914 0.0229914 0.0229914 0.0229914 0.0239893 0.0230137 3.9466891 3.8418098 0.0229914 0.0000000 0.0000010 0.0026373 0.0008723 0.0000010 0.0000010 0.0000010 0.0017498 0.0008701 0.0008701 0.0008704 0.0000010 0.0000010 
OP2971911_Temnothorax_39 0.1245329 0.1245329 0.2279188 0.2578631 0.2375923 0.2358112 0.2382921 6.0065964 0.0227289 0.0223752 0.0311542 0.0257525 0.0246798 0.0246593 0.0255958 0.0246593 0.0248130 0.0242210 0.0229234 0.0241753 0.0236343 0.0222296 0.0223063 0.0262204 0.0257353 0.0231524 0.0229132 0.0228833 0.0228519 0.0227327 0.0228613 0.0228708 0.0238531 0.0227544 3.9466891 3.8418098 0.0227421 0.0000010 0.0000000 0.0026090 0.0008632 0.0000010 0.0000010 0.0000010 0.0017428 0.0008611 0.0008689 0.0008615 0.0000010 0.0000010 
OP2971901_Temnothorax_40 0.1313169 0.1313169 0.2329555 0.2723168 0.2474608 0.2456472 0.2482022 6.3429861 0.0258974 0.0254894 0.0344220 0.0298686 0.0277606 0.0277371 0.0288046 0.0287301 0.0279121 0.0273560 0.0261214 0.0273038 0.0268091 0.0253212 0.0254096 0.0283828 0.0298486 0.0262550 0.0259805 0.0259459 0.0259098 0.0257621 0.0259207 0.0259317 0.0269347 0.0267828 4.0474674 3.9886434 0.0257838 0.0026373 0.0026090 0.0000000 0.0026094 0.0034877 0.0026100 0.0026231 0.0044077 0.0043635 0.0035162 0.0034844 0.0026278 0.0034969 
OP2971891_Temnothorax_41 0.1261179 0.1261179 0.2254576 0.2574367 0.2397587 0.2379726 0.2404667 6.1323526 0.0237797 0.0234080 0.0322386 0.0267612 0.0257021 0.0256805 0.0266603 0.0256574 0.0258413 0.0252610 0.0239839 0.0252131 0.0246873 0.0232550 0.0233356 0.0273140 0.0267434 0.0241816 0.0239307 0.0238993 0.0238663 0.0237315 0.0238763 0.0238862 0.0248755 0.0237429 3.9887677 3.8194264 0.0237512 0.0008723 0.0008632 0.0026094 0.0000000 0.0008628 0.0008626 0.0008671 0.0026248 0.0017272 0.0017449 0.0017292 0.0008693 0.0008651 
OP2971881_Temnothorax_42 0.1244387 0.1244387 0.2252459 0.2573388 0.2373397 0.2355612 0.2380377 6.0239068 0.0227289 0.0223752 0.0311678 0.0257401 0.0246901 0.0246696 0.0255958 0.0246475 0.0248234 0.0242313 0.0229234 0.0241855 0.0236343 0.0222389 0.0223063 0.0262204 0.0257229 0.0231621 0.0229227 0.0228928 0.0228613 0.0227327 0.0228708 0.0228803 0.0238631 0.0227437 3.9564342 3.7884733 0.0227515 0.0000010 0.0000010 0.0034877 0.0008628 0.0000000 0.0000010 0.0000010 0.0017427 0.0008603 0.0008693 0.0008615 0.0000010 0.0000010 
OP2971871_Temnothorax_43 0.1246130 0.1246130 0.2281185 0.2582969 0.2378019 0.2360187 0.2385031 6.0065964 0.0227289 0.0223752 0.0311542 0.0257633 0.0246798 0.0246696 0.0255958 0.0246696 0.0248130 0.0242210 0.0229234 0.0241753 0.0236343 0.0222296 0.0223063 0.0262204 0.0257461 0.0231524 0.0229132 0.0228833 0.0228519 0.0227421 0.0228613 0.0228708 0.0238531 0.0227638 3.9466891 3.8418098 0.0227421 0.0000010 0.0000010 0.0026100 0.0008626 0.0000010 0.0000000 0.0000010 0.0017428 0.0008618 0.0008689 0.0008618 0.0000010 0.0000010 
OP2971861_Temnothorax_44 0.1254208 0.1254208 0.2280380 0.2619188 0.2395791 0.2377819 0.2402910 6.0065964 0.0227289 0.0223752 0.0311542 0.0259000 0.0248099 0.0247995 0.0255958 0.0247995 0.0248234 0.0242210 0.0229234 0.0241753 0.0236343 0.0222296 0.0223063 0.0262204 0.0258826 0.0231524 0.0229132 0.0228833 0.0228613 0.0228613 0.0228613 0.0228708 0.0238531 0.0228833 3.9466891 3.8418098 0.0228613 0.0000010 0.0000010 0.0026231 0.0008671 0.0000010 0.0000010 0.0000000 0.0017428 0.0008663 0.0008689 0.0008658 0.0000010 0.0000010 
OP2971851_Temnothorax_45 0.1261567 0.1261567 0.2310714 0.2680378 0.2426762 0.2408658 0.2434024 6.3583145 0.0247128 0.0243373 0.0312635 0.0279850 0.0268722 0.0268608 0.0276035 0.0268608 0.0268608 0.0252466 0.0249247 0.0251988 0.0256290 0.0242018 0.0242857 0.0282676 0.0249985 0.0241680 0.0239406 0.0239206 0.0239206 0.0239206 0.0239206 0.0239306 0.0248976 0.0239206 4.0939424 3.9838998 0.0239206 0.0017498 0.0017428 0.0044077 0.0026248 0.0017427 0.0017428 0.0017428 0.0000000 0.0008701 0.0008723 0.0026186 0.0017503 0.0017472 
OP2971841_Temnothorax_46 0.1229632 0.1229632 0.2289703 0.2596852 0.2386176 0.2368400 0.2393189 6.1513602 0.0237061 0.0233367 0.0321379 0.0266805 0.0256251 0.0256037 0.0265773 0.0255807 0.0257635 0.0251839 0.0239090 0.0251364 0.0246109 0.0231847 0.0232647 0.0272268 0.0266628 0.0241083 0.0238590 0.0238278 0.0237950 0.0236610 0.0238049 0.0238148 0.0248008 0.0236723 4.0176931 3.8469943 0.0236806 0.0008701 0.0008611 0.0043635 0.0017272 0.0008603 0.0008618 0.0008663 0.0008701 0.0000000 0.0000010 0.0017246 0.0008670 0.0008633 
OP2971831_Temnothorax_47 0.1246861 0.1246861 0.2310128 0.2679417 0.2426199 0.2408092 0.2433461 6.0065964 0.0237061 0.0233367 0.0321379 0.0269751 0.0258719 0.0258610 0.0265773 0.0258610 0.0258860 0.0251839 0.0239090 0.0251364 0.0246109 0.0231847 0.0232647 0.0272268 0.0269570 0.0241083 0.0239075 0.0239306 0.0239075 0.0239075 0.0239075 0.0239075 0.0249080 0.0239306 3.9703118 3.8647157 0.0239075 0.0008701 0.0008689 0.0035162 0.0017449 0.0008693 0.0008689 0.0008689 0.0008723 0.0000010 0.0000000 0.0017407 0.0008725 0.0008704 
OP2971821_Temnothorax_48 0.1258632 0.1258632 0.2296141 0.2545001 0.2360187 0.2342384 0.2367135 6.0788726 0.0237163 0.0233466 0.0321520 0.0267160 0.0256465 0.0256251 0.0265889 0.0256144 0.0257743 0.0251946 0.0239194 0.0251470 0.0246215 0.0231944 0.0232746 0.0272390 0.0266982 0.0241185 0.0238690 0.0238377 0.0238049 0.0236806 0.0238148 0.0238247 0.0248112 0.0237032 3.9296741 3.8879140 0.0237001 0.0008704 0.0008615 0.0034844 0.0017292 0.0008615 0.0008618 0.0008658 0.0026186 0.0017246 0.0017407 0.0000000 0.0008676 0.0008637 
OP2971811_Temnothorax_49 0.1256700 0.1256700 0.2303287 0.2579826 0.2375312 0.2357393 0.2382350 5.9010169 0.0227742 0.0224411 0.0312909 0.0259224 0.0248448 0.0248448 0.0256467 0.0248448 0.0249299 0.0243160 0.0229464 0.0242802 0.0236812 0.0223164 0.0223937 0.0251927 0.0259301 0.0232525 0.0230113 0.0229907 0.0229590 0.0229030 0.0229685 0.0229685 0.0239653 0.0229250 3.9362179 3.8310679 0.0229030 0.0000010 0.0000010 0.0026278 0.0008693 0.0000010 0.0000010 0.0000010 0.0017503 0.0008670 0.0008725 0.0008676 0.0000000 0.0000010 
OP2971801_Temnothorax_50 0.1248637 0.1248637 0.2285947 0.2592717 0.2382914 0.2365052 0.2389952 5.8806867 0.0227515 0.0223971 0.0311985 0.0258114 0.0247478 0.0247375 0.0256213 0.0247153 0.0248682 0.0242550 0.0229234 0.0242194 0.0236577 0.0222606 0.0223375 0.0251671 0.0257941 0.0231944 0.0229544 0.0229338 0.0229023 0.0227950 0.0229118 0.0229118 0.0239060 0.0228060 3.9376483 3.7701186 0.0228138 0.0000010 0.0000010 0.0034969 0.0008651 0.0000010 0.0000010 0.0000010 0.0017472 0.0008633 0.0008704 0.0008637 0.0000010 0.0000000 
