50
PQ6726201_Temnothorax_1  0.0000000 0.0000010 0.2258510 0.2445683 0.2385387 0.2347432 0.2367201 5.3973890 0.1342673 0.1343549 0.1440532 0.1350399 0.1346167 0.1344385 0.1376747 0.1342426 0.1354642 0.1381826 0.1337162 0.1378720 0.1378050 0.1349653 0.1355176 0.1374720 0.1391160 0.1360187 0.1356161 0.1353260 0.1350919 0.1341255 0.1351818 0.1352719 0.1367653 0.1341607 3.6195670 3.4779380 0.1343027 0.1257564 0.1239807 0.1306809 0.1255483 0.1238854 0.1240601 0.1248622 0.1255929 0.1224209 0.1241323 0.1253027 0.1251093 0.1243064 
PQ6726191_Temnothorax_2  0.0000010 0.0000000 0.2248985 0.2442158 0.2401105 0.2360596 0.2380492 5.3973890 0.1342673 0.1343549 0.1440532 0.1350399 0.1346167 0.1344385 0.1376747 0.1342426 0.1354642 0.1381826 0.1337162 0.1378720 0.1378050 0.1349653 0.1355176 0.1374720 0.1391160 0.1360187 0.1356161 0.1353260 0.1350919 0.1341255 0.1351818 0.1352719 0.1367653 0.1341607 3.6195670 3.4779380 0.1343027 0.1257564 0.1239807 0.1306809 0.1255483 0.1238854 0.1240601 0.1248622 0.1255929 0.1224209 0.1241323 0.1253027 0.1251093 0.1243064 
PQ6726181_Temnothorax_3  0.2258510 0.2248985 0.0000000 0.1229655 0.1103333 0.1110547 0.1123278 6.2550124 0.2068672 0.2043516 0.2205109 0.2029992 0.2055612 0.2052145 0.2059816 0.2048305 0.2052355 0.2096520 0.2075122 0.2091312 0.2095295 0.2070284 0.2055900 0.2122305 0.2110738 0.2066093 0.2055337 0.2049716 0.2045634 0.2046081 0.2047365 0.2049100 0.2067176 0.2046305 4.3760589 4.1915276 0.2049524 0.2283240 0.2263037 0.2312462 0.2238781 0.2236632 0.2265003 0.2264163 0.2294252 0.2273469 0.2293663 0.2279856 0.2286878 0.2269664 
PQ6726171_Temnothorax_4  0.2445683 0.2442158 0.1229655 0.0000000 0.0033529 0.0010880 0.0000010 6.3862127 0.2475165 0.2486327 0.2785158 0.2317192 0.2396028 0.2388257 0.2373850 0.2379650 0.2426363 0.2541731 0.2525036 0.2529917 0.2489598 0.2487416 0.2508306 0.2632866 0.2516469 0.2477858 0.2477141 0.2463810 0.2454627 0.2417149 0.2458695 0.2462778 0.2463810 0.2417258 5.4220268 5.1544379 0.2425030 0.2640536 0.2559069 0.2700912 0.2554796 0.2553808 0.2563337 0.2599187 0.2659883 0.2577155 0.2658911 0.2525690 0.2560379 0.2572875 
PQ6726161_Temnothorax_5  0.2385387 0.2401105 0.1103333 0.0033529 0.0000000 0.0035616 0.0028487 6.3862127 0.2193815 0.2221460 0.2374573 0.2162225 0.2203237 0.2199487 0.2184577 0.2195327 0.2218234 0.2250471 0.2216710 0.2244959 0.2220063 0.2223603 0.2233466 0.2265829 0.2243737 0.2219134 0.2221550 0.2215393 0.2211013 0.2192969 0.2212907 0.2214804 0.2232901 0.2193130 4.7683812 4.5993678 0.2196692 0.2398406 0.2358776 0.2455745 0.2380095 0.2356239 0.2360838 0.2378431 0.2409148 0.2368948 0.2408581 0.2343143 0.2358240 0.2365629 
PQ6726151_Temnothorax_6  0.2347432 0.2360596 0.1110547 0.0010880 0.0035616 0.0000000 0.0021039 6.3862127 0.2193815 0.2203585 0.2356465 0.2144991 0.2185849 0.2182139 0.2166556 0.2178024 0.2200733 0.2232584 0.2216710 0.2227116 0.2201979 0.2205830 0.2215617 0.2265829 0.2226262 0.2201400 0.2204007 0.2197916 0.2193574 0.2175684 0.2195447 0.2197325 0.2215393 0.2175853 4.7185929 4.5519903 0.2179368 0.2380410 0.2341101 0.2437751 0.2362371 0.2338590 0.2343143 0.2360596 0.2391181 0.2351308 0.2390612 0.2325476 0.2340458 0.2347904 
PQ6726141_Temnothorax_7  0.2367201 0.2380492 0.1123278 0.0000010 0.0028487 0.0021039 0.0000000 6.3862127 0.2218460 0.2227918 0.2381570 0.2149741 0.2190741 0.2187011 0.2171578 0.2182873 0.2205693 0.2257020 0.2241665 0.2251475 0.2226592 0.2230030 0.2239950 0.2291388 0.2250114 0.2225534 0.2227888 0.2221689 0.2217282 0.2199130 0.2219189 0.2221099 0.2239259 0.2199289 4.8412555 4.6695659 0.2202878 0.2405430 0.2365561 0.2462932 0.2386960 0.2363007 0.2367637 0.2385333 0.2416190 0.2375748 0.2415624 0.2349879 0.2365064 0.2372453 
OX3951501_Temnothorax_8  5.3973890 5.3973890 6.2550124 6.3862127 6.3862127 6.3862127 6.3862127 0.0000000 5.9062028 5.8838562 5.5396370 5.9404964 5.7289862 5.8512520 5.5835665 5.9900533 5.9257020 6.1284549 5.6436804 6.4011524 5.7964996 6.0598540 6.1767309 5.9292734 5.8126110 6.2137510 6.0242055 6.1029789 6.0242055 6.0959366 6.0242055 6.0242055 6.1029789 6.2485872 0.2530022 0.2428647 6.0242055 5.8512520 5.8512520 6.1745802 5.9720146 5.8663088 5.8512520 5.8512520 6.1906855 5.9900533 5.8512520 5.9205586 5.7493580 5.7275973 
OP3229671_Temnothorax_9  0.1342673 0.1342673 0.2068672 0.2475165 0.2193815 0.2193815 0.2218460 5.9062028 0.0000000 0.0000010 0.0092678 0.0036538 0.0027269 0.0027269 0.0027269 0.0027269 0.0027269 0.0009068 0.0000010 0.0000010 0.0009065 0.0000010 0.0000010 0.0027735 0.0009050 0.0000010 0.0000010 0.0000010 0.0000010 0.0000010 0.0000010 0.0000010 0.0009050 0.0000010 3.8762905 3.7678990 0.0000010 0.0227124 0.0227124 0.0258728 0.0237612 0.0227124 0.0227124 0.0227124 0.0246936 0.0236884 0.0236884 0.0236986 0.0227576 0.0227350 
OP3229661_Temnothorax_10 0.1343549 0.1343549 0.2043516 0.2486327 0.2221460 0.2203585 0.2227918 5.8838562 0.0000010 0.0000000 0.0100735 0.0036023 0.0026861 0.0026861 0.0027114 0.0026861 0.0026861 0.0008933 0.0000010 0.0000010 0.0009013 0.0000010 0.0000010 0.0027735 0.0026937 0.0000010 0.0000010 0.0000010 0.0000010 0.0000010 0.0000010 0.0000010 0.0008915 0.0000010 3.9540699 3.8457987 0.0000010 0.0223597 0.0223597 0.0254662 0.0233906 0.0223597 0.0223597 0.0223597 0.0243193 0.0233201 0.0233201 0.0233300 0.0224254 0.0223816 
OP3229651_Temnothorax_11 0.1440532 0.1440532 0.2205109 0.2785158 0.2374573 0.2356465 0.2381570 5.5396370 0.0092678 0.0100735 0.0000000 0.0100053 0.0090364 0.0090328 0.0092415 0.0090328 0.0090415 0.0119016 0.0083683 0.0118786 0.0111405 0.0100136 0.0100476 0.0113374 0.0118593 0.0109230 0.0108698 0.0108803 0.0108698 0.0108698 0.0108698 0.0108698 0.0118143 0.0108803 4.1735921 4.0617694 0.0108698 0.0311216 0.0311216 0.0343771 0.0322031 0.0311353 0.0311216 0.0311216 0.0312305 0.0321035 0.0321035 0.0321177 0.0312578 0.0311658 
OP3229641_Temnothorax_12 0.1350399 0.1350399 0.2029992 0.2317192 0.2162225 0.2144991 0.2149741 5.9404964 0.0036538 0.0036023 0.0100053 0.0000000 0.0008731 0.0008724 0.0009022 0.0008717 0.0008776 0.0054065 0.0036853 0.0053961 0.0045605 0.0035842 0.0035962 0.0065520 0.0061971 0.0044800 0.0044350 0.0044296 0.0044237 0.0043998 0.0044254 0.0044271 0.0053277 0.0044019 4.0768439 3.9027124 0.0044031 0.0260269 0.0257302 0.0298342 0.0267363 0.0257175 0.0257411 0.0258777 0.0279595 0.0266565 0.0269514 0.0266923 0.0259000 0.0257886 
OP3229631_Temnothorax_13 0.1346167 0.1346167 0.2055612 0.2396028 0.2203237 0.2185849 0.2190741 5.7289862 0.0027269 0.0026861 0.0090364 0.0008731 0.0000000 0.0000010 0.0000010 0.0000010 0.0000010 0.0044745 0.0027495 0.0044677 0.0036293 0.0026694 0.0026782 0.0055870 0.0061890 0.0035603 0.0035250 0.0035206 0.0035159 0.0034997 0.0035173 0.0035187 0.0044106 0.0035029 4.0104792 3.9036996 0.0034997 0.0249321 0.0246601 0.0277324 0.0256802 0.0246704 0.0246601 0.0247901 0.0268495 0.0256040 0.0258509 0.0256255 0.0248249 0.0247280 
OP3229621_Temnothorax_14 0.1344385 0.1344385 0.2052145 0.2388257 0.2199487 0.2182139 0.2187011 5.8512520 0.0027269 0.0026861 0.0090328 0.0008724 0.0000010 0.0000000 0.0000010 0.0000010 0.0000010 0.0044745 0.0027495 0.0044660 0.0036293 0.0026694 0.0026782 0.0055870 0.0061842 0.0035589 0.0035236 0.0035192 0.0035145 0.0034969 0.0035159 0.0035173 0.0044088 0.0035002 4.0485085 3.9408213 0.0034983 0.0249216 0.0246396 0.0277088 0.0256586 0.0246498 0.0246498 0.0247798 0.0268381 0.0255826 0.0258399 0.0256040 0.0248249 0.0247176 
OP3229611_Temnothorax_15 0.1376747 0.1376747 0.2059816 0.2373850 0.2184577 0.2166556 0.2171578 5.5835665 0.0027269 0.0027114 0.0092415 0.0009022 0.0000010 0.0000010 0.0000000 0.0000010 0.0000010 0.0036307 0.0027495 0.0027114 0.0036293 0.0027114 0.0027141 0.0055870 0.0036236 0.0027114 0.0027114 0.0027114 0.0027114 0.0027114 0.0027114 0.0027114 0.0036236 0.0027114 3.8802785 3.7727272 0.0027114 0.0255747 0.0255747 0.0287743 0.0266368 0.0255747 0.0255747 0.0255747 0.0275794 0.0265548 0.0265548 0.0265664 0.0256254 0.0256000 
OP3229601_Temnothorax_16 0.1342426 0.1342426 0.2048305 0.2379650 0.2195327 0.2178024 0.2182873 5.9900533 0.0027269 0.0026861 0.0090328 0.0008717 0.0000010 0.0000010 0.0000010 0.0000000 0.0000010 0.0044745 0.0027495 0.0044660 0.0036293 0.0026694 0.0026782 0.0055870 0.0061791 0.0035589 0.0035236 0.0035192 0.0035145 0.0034956 0.0035159 0.0035173 0.0044088 0.0034972 4.0957694 3.9212129 0.0034983 0.0249216 0.0246396 0.0286989 0.0256352 0.0246275 0.0246498 0.0247798 0.0268381 0.0255593 0.0258399 0.0255933 0.0248249 0.0246951 
OP3229591_Temnothorax_17 0.1354642 0.1354642 0.2052355 0.2426363 0.2218234 0.2200733 0.2205693 5.9257020 0.0027269 0.0026861 0.0090415 0.0008776 0.0000010 0.0000010 0.0000010 0.0000010 0.0000000 0.0044745 0.0027495 0.0044660 0.0036293 0.0026719 0.0026808 0.0055870 0.0062157 0.0035589 0.0035269 0.0035192 0.0035178 0.0035178 0.0035192 0.0035206 0.0044088 0.0035178 4.0678398 3.9594685 0.0035178 0.0249456 0.0247931 0.0278836 0.0258192 0.0248035 0.0247931 0.0248035 0.0268381 0.0257422 0.0258649 0.0257531 0.0249097 0.0248483 
OP3229581_Temnothorax_18 0.1381826 0.1381826 0.2096520 0.2541731 0.2250471 0.2232584 0.2257020 6.1284549 0.0009068 0.0008933 0.0119016 0.0054065 0.0044745 0.0044745 0.0036307 0.0044745 0.0044745 0.0000000 0.0009143 0.0008877 0.0018104 0.0008886 0.0008907 0.0037155 0.0035854 0.0008877 0.0008877 0.0008877 0.0008877 0.0008877 0.0008877 0.0008877 0.0017795 0.0008877 4.0408413 3.9314655 0.0008877 0.0242026 0.0242026 0.0273292 0.0252405 0.0242129 0.0242026 0.0242026 0.0252267 0.0251642 0.0251642 0.0251750 0.0242973 0.0242365 
OP3229571_Temnothorax_19 0.1337162 0.1337162 0.2075122 0.2525036 0.2216710 0.2216710 0.2241665 5.6436804 0.0000010 0.0000010 0.0083683 0.0036853 0.0027495 0.0027495 0.0027495 0.0027495 0.0027495 0.0009143 0.0000000 0.0000010 0.0009140 0.0000010 0.0000010 0.0018498 0.0009125 0.0000010 0.0000010 0.0000010 0.0000010 0.0000010 0.0000010 0.0000010 0.0009125 0.0000010 3.9170636 3.8062713 0.0000010 0.0229063 0.0229063 0.0260959 0.0239647 0.0229063 0.0229063 0.0229063 0.0249048 0.0238906 0.0238906 0.0239010 0.0229292 0.0229063 
OP3229561_Temnothorax_20 0.1378720 0.1378720 0.2091312 0.2529917 0.2244959 0.2227116 0.2251475 6.4011524 0.0000010 0.0000010 0.0118786 0.0053961 0.0044677 0.0044660 0.0027114 0.0044660 0.0044660 0.0008877 0.0000010 0.0000000 0.0009013 0.0000010 0.0000010 0.0027735 0.0035786 0.0000010 0.0008860 0.0008860 0.0008860 0.0008860 0.0008860 0.0008860 0.0017761 0.0008860 4.1263541 4.0152646 0.0008860 0.0241555 0.0241555 0.0272754 0.0251911 0.0241657 0.0241555 0.0241555 0.0251774 0.0251152 0.0251152 0.0251259 0.0242601 0.0241995 
OP3229551_Temnothorax_21 0.1378050 0.1378050 0.2095295 0.2489598 0.2220063 0.2201979 0.2226592 5.7964996 0.0009065 0.0009013 0.0111405 0.0045605 0.0036293 0.0036293 0.0036293 0.0036293 0.0036293 0.0018104 0.0009140 0.0009013 0.0000000 0.0009013 0.0009022 0.0037140 0.0018068 0.0009013 0.0009013 0.0009013 0.0009013 0.0009013 0.0009013 0.0009013 0.0018068 0.0009013 3.9126900 3.8041767 0.0009013 0.0236162 0.0236162 0.0267825 0.0246670 0.0236162 0.0236162 0.0236162 0.0256081 0.0245915 0.0245915 0.0246021 0.0236630 0.0236396 
OP3229541_Temnothorax_22 0.1349653 0.1349653 0.2070284 0.2487416 0.2223603 0.2205830 0.2230030 6.0598540 0.0000010 0.0000010 0.0100136 0.0035842 0.0026694 0.0026694 0.0027114 0.0026694 0.0026719 0.0008886 0.0000010 0.0000010 0.0009013 0.0000000 0.0000010 0.0027735 0.0026795 0.0000010 0.0000010 0.0000010 0.0000010 0.0000010 0.0000010 0.0000010 0.0008869 0.0000010 4.0301666 3.9214225 0.0000010 0.0222143 0.0222143 0.0252983 0.0232378 0.0222237 0.0222143 0.0222143 0.0241840 0.0231682 0.0231682 0.0231780 0.0223009 0.0222453 
OP3229531_Temnothorax_23 0.1355176 0.1355176 0.2055900 0.2508306 0.2233466 0.2215617 0.2239950 6.1767309 0.0000010 0.0000010 0.0100476 0.0035962 0.0026782 0.0026782 0.0027141 0.0026782 0.0026808 0.0008907 0.0000010 0.0000010 0.0009022 0.0000010 0.0000000 0.0027762 0.0026883 0.0000010 0.0000010 0.0000010 0.0000010 0.0000010 0.0000010 0.0000010 0.0008898 0.0000010 4.0487839 3.9388264 0.0000010 0.0222908 0.0222908 0.0253863 0.0233181 0.0222908 0.0222908 0.0222908 0.0242675 0.0232480 0.0232480 0.0232579 0.0223779 0.0223219 
OP3229521_Temnothorax_24 0.1374720 0.1374720 0.2122305 0.2632866 0.2265829 0.2265829 0.2291388 5.9292734 0.0027735 0.0027735 0.0113374 0.0065520 0.0055870 0.0055870 0.0055870 0.0055870 0.0055870 0.0037155 0.0018498 0.0027735 0.0037140 0.0027735 0.0027762 0.0000000 0.0037079 0.0027735 0.0027735 0.0027735 0.0027735 0.0027735 0.0027735 0.0027735 0.0037079 0.0027735 3.9250414 3.8555011 0.0027735 0.0261971 0.0261971 0.0283545 0.0272882 0.0261971 0.0261971 0.0261971 0.0282410 0.0272020 0.0272020 0.0272142 0.0251716 0.0251461 
OP3229511_Temnothorax_25 0.1391160 0.1391160 0.2110738 0.2516469 0.2243737 0.2226262 0.2250114 5.8126110 0.0009050 0.0026937 0.0118593 0.0061971 0.0061890 0.0061842 0.0036236 0.0061791 0.0062157 0.0035854 0.0009125 0.0035786 0.0018068 0.0026795 0.0026883 0.0037079 0.0000000 0.0026733 0.0026493 0.0026435 0.0026424 0.0026281 0.0026435 0.0026445 0.0035335 0.0026269 4.0532182 3.8794955 0.0026302 0.0260097 0.0257134 0.0298147 0.0267188 0.0257007 0.0257243 0.0258607 0.0249781 0.0266391 0.0269337 0.0266749 0.0259080 0.0257718 
OP3229501_Temnothorax_26 0.1360187 0.1360187 0.2066093 0.2477858 0.2219134 0.2201400 0.2225534 6.2137510 0.0000010 0.0000010 0.0109230 0.0044800 0.0035603 0.0035589 0.0027114 0.0035589 0.0035589 0.0008877 0.0000010 0.0000010 0.0009013 0.0000010 0.0000010 0.0027735 0.0026733 0.0000000 0.0000010 0.0000010 0.0000010 0.0000010 0.0000010 0.0000010 0.0008849 0.0000010 4.0740718 3.9642933 0.0000010 0.0231360 0.0231360 0.0262306 0.0241632 0.0231458 0.0231360 0.0231360 0.0241502 0.0240908 0.0240908 0.0241009 0.0232359 0.0231780 
OP3229491_Temnothorax_27 0.1356161 0.1356161 0.2055337 0.2477141 0.2221550 0.2204007 0.2227888 6.0242055 0.0000010 0.0000010 0.0108698 0.0044350 0.0035250 0.0035236 0.0027114 0.0035236 0.0035269 0.0008877 0.0000010 0.0008860 0.0009013 0.0000010 0.0000010 0.0027735 0.0026493 0.0000010 0.0000000 0.0000010 0.0000010 0.0000010 0.0000010 0.0000010 0.0008769 0.0000010 4.0659234 3.9573713 0.0000010 0.0229751 0.0228971 0.0259566 0.0239127 0.0229067 0.0228971 0.0228971 0.0239230 0.0238417 0.0238900 0.0238517 0.0229949 0.0229382 
OP3229481_Temnothorax_28 0.1353260 0.1353260 0.2049716 0.2463810 0.2215393 0.2197916 0.2221689 6.1029789 0.0000010 0.0000010 0.0108803 0.0044296 0.0035206 0.0035192 0.0027114 0.0035192 0.0035192 0.0008877 0.0000010 0.0008860 0.0009013 0.0000010 0.0000010 0.0027735 0.0026435 0.0000010 0.0000010 0.0000000 0.0000010 0.0000010 0.0000010 0.0000010 0.0008751 0.0000010 4.0854376 3.9761841 0.0000010 0.0229972 0.0228669 0.0259216 0.0238809 0.0228764 0.0228669 0.0228669 0.0239029 0.0238101 0.0239130 0.0238201 0.0229740 0.0229174 
OP3229471_Temnothorax_29 0.1350919 0.1350919 0.2045634 0.2454627 0.2211013 0.2193574 0.2217282 6.0242055 0.0000010 0.0000010 0.0108698 0.0044237 0.0035159 0.0035145 0.0027114 0.0035145 0.0035178 0.0008877 0.0000010 0.0008860 0.0009013 0.0000010 0.0000010 0.0027735 0.0026424 0.0000010 0.0000010 0.0000010 0.0000000 0.0000010 0.0000010 0.0000010 0.0008751 0.0000010 4.0659234 3.9573713 0.0000010 0.0229751 0.0228355 0.0258856 0.0238480 0.0228450 0.0228355 0.0228450 0.0239029 0.0237774 0.0238900 0.0237873 0.0229423 0.0228859 
OP3229461_Temnothorax_30 0.1341255 0.1341255 0.2046081 0.2417149 0.2192969 0.2175684 0.2199130 6.0959366 0.0000010 0.0000010 0.0108698 0.0043998 0.0034997 0.0034969 0.0027114 0.0034956 0.0035178 0.0008877 0.0000010 0.0008860 0.0009013 0.0000010 0.0000010 0.0027735 0.0026281 0.0000010 0.0000010 0.0000010 0.0000010 0.0000000 0.0000010 0.0000010 0.0008751 0.0000010 4.0896895 3.9806691 0.0000010 0.0229751 0.0227164 0.0257380 0.0237131 0.0227164 0.0227258 0.0228450 0.0239029 0.0236434 0.0238900 0.0236630 0.0228865 0.0227785 
OP3229441_Temnothorax_31 0.1351818 0.1351818 0.2047365 0.2458695 0.2212907 0.2195447 0.2219189 6.0242055 0.0000010 0.0000010 0.0108698 0.0044254 0.0035173 0.0035159 0.0027114 0.0035159 0.0035192 0.0008877 0.0000010 0.0008860 0.0009013 0.0000010 0.0000010 0.0027735 0.0026435 0.0000010 0.0000010 0.0000010 0.0000010 0.0000010 0.0000000 0.0000010 0.0008751 0.0000010 4.0659234 3.9573713 0.0000010 0.0229751 0.0228450 0.0258966 0.0238579 0.0228545 0.0228450 0.0228450 0.0239029 0.0237873 0.0238900 0.0237973 0.0229519 0.0228954 
OP3229431_Temnothorax_32 0.1352719 0.1352719 0.2049100 0.2462778 0.2214804 0.2197325 0.2221099 6.0242055 0.0000010 0.0000010 0.0108698 0.0044271 0.0035187 0.0035173 0.0027114 0.0035173 0.0035206 0.0008877 0.0000010 0.0008860 0.0009013 0.0000010 0.0000010 0.0027735 0.0026445 0.0000010 0.0000010 0.0000010 0.0000010 0.0000010 0.0000010 0.0000000 0.0008754 0.0000010 4.0659234 3.9573713 0.0000010 0.0229751 0.0228545 0.0259075 0.0238679 0.0228640 0.0228545 0.0228545 0.0239130 0.0237973 0.0238900 0.0238072 0.0229519 0.0228954 
OP3229411_Temnothorax_33 0.1367653 0.1367653 0.2067176 0.2463810 0.2232901 0.2215393 0.2239259 6.1029789 0.0009050 0.0008915 0.0118143 0.0053277 0.0044106 0.0044088 0.0036236 0.0044088 0.0044088 0.0017795 0.0009125 0.0017761 0.0018068 0.0008869 0.0008898 0.0037079 0.0035335 0.0008849 0.0008769 0.0008751 0.0008751 0.0008751 0.0008751 0.0008754 0.0000000 0.0008751 4.0854376 3.9761841 0.0008751 0.0239715 0.0238353 0.0269087 0.0248556 0.0238453 0.0238353 0.0238353 0.0248786 0.0247817 0.0248891 0.0247921 0.0239472 0.0238882 
OP3229401_Temnothorax_34 0.1341607 0.1341607 0.2046305 0.2417258 0.2193130 0.2175853 0.2199289 6.2485872 0.0000010 0.0000010 0.0108803 0.0044019 0.0035029 0.0035002 0.0027114 0.0034972 0.0035178 0.0008877 0.0000010 0.0008860 0.0009013 0.0000010 0.0000010 0.0027735 0.0026269 0.0000010 0.0000010 0.0000010 0.0000010 0.0000010 0.0000010 0.0000010 0.0008751 0.0000000 4.1332420 3.9560457 0.0000010 0.0229972 0.0227380 0.0267559 0.0237242 0.0227269 0.0227474 0.0228669 0.0239029 0.0236544 0.0239130 0.0236856 0.0229085 0.0227892 
OP2971971_Temnothorax_35 3.6195670 3.6195670 4.3760589 5.4220268 4.7683812 4.7185929 4.8412555 0.2530022 3.8762905 3.9540699 4.1735921 4.0768439 4.0104792 4.0485085 3.8802785 4.0957694 4.0678398 4.0408413 3.9170636 4.1263541 3.9126900 4.0301666 4.0487839 3.9250414 4.0532182 4.0740718 4.0659234 4.0854376 4.0659234 4.0896895 4.0659234 4.0659234 4.0854376 4.1332420 0.0000000 0.0325569 4.0659234 3.8458166 3.8458166 3.9427732 3.8861282 3.8547325 3.8458166 3.8458166 3.9883050 3.9141771 3.8687029 3.8291166 3.8354477 3.8364014 
OP2971951_Temnothorax_36 3.4779380 3.4779380 4.1915276 5.1544379 4.5993678 4.5519903 4.6695659 0.2428647 3.7678990 3.8457987 4.0617694 3.9027124 3.9036996 3.9408213 3.7727272 3.9212129 3.9594685 3.9314655 3.8062713 4.0152646 3.8041767 3.9214225 3.9388264 3.8555011 3.8794955 3.9642933 3.9573713 3.9761841 3.9573713 3.9806691 3.9573713 3.9573713 3.9761841 3.9560457 0.0325569 0.0000000 3.9573713 3.7444642 3.7444642 3.8857977 3.7225069 3.6924480 3.7444642 3.7444642 3.8820213 3.7492645 3.7666681 3.7889360 3.7338318 3.6745374 
OP2971931_Temnothorax_37 0.1343027 0.1343027 0.2049524 0.2425030 0.2196692 0.2179368 0.2202878 6.0242055 0.0000010 0.0000010 0.0108698 0.0044031 0.0034997 0.0034983 0.0027114 0.0034983 0.0035178 0.0008877 0.0000010 0.0008860 0.0009013 0.0000010 0.0000010 0.0027735 0.0026302 0.0000010 0.0000010 0.0000010 0.0000010 0.0000010 0.0000010 0.0000010 0.0008751 0.0000010 4.0659234 3.9573713 0.0000000 0.0229751 0.0227258 0.0257597 0.0237329 0.0227351 0.0227258 0.0228450 0.0239029 0.0236630 0.0238900 0.0236827 0.0228865 0.0227974 
OP2971921_Temnothorax_38 0.1257564 0.1257564 0.2283240 0.2640536 0.2398406 0.2380410 0.2405430 5.8512520 0.0227124 0.0223597 0.0311216 0.0260269 0.0249321 0.0249216 0.0255747 0.0249216 0.0249456 0.0242026 0.0229063 0.0241555 0.0236162 0.0222143 0.0222908 0.0261971 0.0260097 0.0231360 0.0229751 0.0229972 0.0229751 0.0229751 0.0229751 0.0229751 0.0239715 0.0229972 3.8458166 3.7444642 0.0229751 0.0000000 0.0000010 0.0026368 0.0008723 0.0000010 0.0000010 0.0000010 0.0017488 0.0008701 0.0008701 0.0008704 0.0000010 0.0000010 
OP2971911_Temnothorax_39 0.1239807 0.1239807 0.2263037 0.2559069 0.2358776 0.2341101 0.2365561 5.8512520 0.0227124 0.0223597 0.0311216 0.0257302 0.0246601 0.0246396 0.0255747 0.0246396 0.0247931 0.0242026 0.0229063 0.0241555 0.0236162 0.0222143 0.0222908 0.0261971 0.0257134 0.0231360 0.0228971 0.0228669 0.0228355 0.0227164 0.0228450 0.0228545 0.0238353 0.0227380 3.8458166 3.7444642 0.0227258 0.0000010 0.0000000 0.0026085 0.0008632 0.0000010 0.0000010 0.0000010 0.0017428 0.0008611 0.0008689 0.0008615 0.0000010 0.0000010 
OP2971901_Temnothorax_40 0.1306809 0.1306809 0.2312462 0.2700912 0.2455745 0.2437751 0.2462932 6.1745802 0.0258728 0.0254662 0.0343771 0.0298342 0.0277324 0.0277088 0.0287743 0.0286989 0.0278836 0.0273292 0.0260959 0.0272754 0.0267825 0.0252983 0.0253863 0.0283545 0.0298147 0.0262306 0.0259566 0.0259216 0.0258856 0.0257380 0.0258966 0.0259075 0.0269087 0.0267559 3.9427732 3.8857977 0.0257597 0.0026368 0.0026085 0.0000000 0.0026089 0.0034869 0.0026095 0.0026226 0.0044067 0.0043623 0.0035155 0.0034837 0.0026273 0.0034961 
OP2971891_Temnothorax_41 0.1255483 0.1255483 0.2238781 0.2554796 0.2380095 0.2362371 0.2386960 5.9720146 0.0237612 0.0233906 0.0322031 0.0267363 0.0256802 0.0256586 0.0266368 0.0256352 0.0258192 0.0252405 0.0239647 0.0251911 0.0246670 0.0232378 0.0233181 0.0272882 0.0267188 0.0241632 0.0239127 0.0238809 0.0238480 0.0237131 0.0238579 0.0238679 0.0248556 0.0237242 3.8861282 3.7225069 0.0237329 0.0008723 0.0008632 0.0026089 0.0000000 0.0008628 0.0008626 0.0008671 0.0026245 0.0017271 0.0017448 0.0017291 0.0008693 0.0008641 
OP2971881_Temnothorax_42 0.1238854 0.1238854 0.2236632 0.2553808 0.2356239 0.2338590 0.2363007 5.8663088 0.0227124 0.0223597 0.0311353 0.0257175 0.0246704 0.0246498 0.0255747 0.0246275 0.0248035 0.0242129 0.0229063 0.0241657 0.0236162 0.0222237 0.0222908 0.0261971 0.0257007 0.0231458 0.0229067 0.0228764 0.0228450 0.0227164 0.0228545 0.0228640 0.0238453 0.0227269 3.8547325 3.6924480 0.0227351 0.0000010 0.0000010 0.0034869 0.0008628 0.0000000 0.0000010 0.0000010 0.0017427 0.0008603 0.0008693 0.0008615 0.0000010 0.0000010 
OP2971871_Temnothorax_43 0.1240601 0.1240601 0.2265003 0.2563337 0.2360838 0.2343143 0.2367637 5.8512520 0.0227124 0.0223597 0.0311216 0.0257411 0.0246601 0.0246498 0.0255747 0.0246498 0.0247931 0.0242026 0.0229063 0.0241555 0.0236162 0.0222143 0.0222908 0.0261971 0.0257243 0.0231360 0.0228971 0.0228669 0.0228355 0.0227258 0.0228450 0.0228545 0.0238353 0.0227474 3.8458166 3.7444642 0.0227258 0.0000010 0.0000010 0.0026095 0.0008626 0.0000010 0.0000000 0.0000010 0.0017428 0.0008618 0.0008689 0.0008618 0.0000010 0.0000010 
OP2971861_Temnothorax_44 0.1248622 0.1248622 0.2264163 0.2599187 0.2378431 0.2360596 0.2385333 5.8512520 0.0227124 0.0223597 0.0311216 0.0258777 0.0247901 0.0247798 0.0255747 0.0247798 0.0248035 0.0242026 0.0229063 0.0241555 0.0236162 0.0222143 0.0222908 0.0261971 0.0258607 0.0231360 0.0228971 0.0228669 0.0228450 0.0228450 0.0228450 0.0228545 0.0238353 0.0228669 3.8458166 3.7444642 0.0228450 0.0000010 0.0000010 0.0026226 0.0008671 0.0000010 0.0000010 0.0000000 0.0017428 0.0008663 0.0008689 0.0008658 0.0000010 0.0000010 
OP2971851_Temnothorax_45 0.1255929 0.1255929 0.2294252 0.2659883 0.2409148 0.2391181 0.2416190 6.1906855 0.0246936 0.0243193 0.0312305 0.0279595 0.0268495 0.0268381 0.0275794 0.0268381 0.0268381 0.0252267 0.0249048 0.0251774 0.0256081 0.0241840 0.0242675 0.0282410 0.0249781 0.0241502 0.0239230 0.0239029 0.0239029 0.0239029 0.0239029 0.0239130 0.0248786 0.0239029 3.9883050 3.8820213 0.0239029 0.0017488 0.0017428 0.0044067 0.0026245 0.0017427 0.0017428 0.0017428 0.0000000 0.0008701 0.0008723 0.0026184 0.0017503 0.0017472 
OP2971841_Temnothorax_46 0.1224209 0.1224209 0.2273469 0.2577155 0.2368948 0.2351308 0.2375748 5.9900533 0.0236884 0.0233201 0.0321035 0.0266565 0.0256040 0.0255826 0.0265548 0.0255593 0.0257422 0.0251642 0.0238906 0.0251152 0.0245915 0.0231682 0.0232480 0.0272020 0.0266391 0.0240908 0.0238417 0.0238101 0.0237774 0.0236434 0.0237873 0.0237973 0.0247817 0.0236544 3.9141771 3.7492645 0.0236630 0.0008701 0.0008611 0.0043623 0.0017271 0.0008603 0.0008618 0.0008663 0.0008701 0.0000000 0.0000010 0.0017246 0.0008670 0.0008633 
OP2971831_Temnothorax_47 0.1241323 0.1241323 0.2293663 0.2658911 0.2408581 0.2390612 0.2415624 5.8512520 0.0236884 0.0233201 0.0321035 0.0269514 0.0258509 0.0258399 0.0265548 0.0258399 0.0258649 0.0251642 0.0238906 0.0251152 0.0245915 0.0231682 0.0232480 0.0272020 0.0269337 0.0240908 0.0238900 0.0239130 0.0238900 0.0238900 0.0238900 0.0238900 0.0248891 0.0239130 3.8687029 3.7666681 0.0238900 0.0008701 0.0008689 0.0035155 0.0017448 0.0008693 0.0008689 0.0008689 0.0008723 0.0000010 0.0000000 0.0017407 0.0008725 0.0008704 
OP2971821_Temnothorax_48 0.1253027 0.1253027 0.2279856 0.2525690 0.2343143 0.2325476 0.2349879 5.9205586 0.0236986 0.0233300 0.0321177 0.0266923 0.0256255 0.0256040 0.0265664 0.0255933 0.0257531 0.0251750 0.0239010 0.0251259 0.0246021 0.0231780 0.0232579 0.0272142 0.0266749 0.0241009 0.0238517 0.0238201 0.0237873 0.0236630 0.0237973 0.0238072 0.0247921 0.0236856 3.8291166 3.7889360 0.0236827 0.0008704 0.0008615 0.0034837 0.0017291 0.0008615 0.0008618 0.0008658 0.0026184 0.0017246 0.0017407 0.0000000 0.0008676 0.0008637 
OP2971811_Temnothorax_49 0.1251093 0.1251093 0.2286878 0.2560379 0.2358240 0.2340458 0.2365064 5.7493580 0.0227576 0.0224254 0.0312578 0.0259000 0.0248249 0.0248249 0.0256254 0.0248249 0.0249097 0.0242973 0.0229292 0.0242601 0.0236630 0.0223009 0.0223779 0.0251716 0.0259080 0.0232359 0.0229949 0.0229740 0.0229423 0.0228865 0.0229519 0.0229519 0.0239472 0.0229085 3.8354477 3.7338318 0.0228865 0.0000010 0.0000010 0.0026273 0.0008693 0.0000010 0.0000010 0.0000010 0.0017503 0.0008670 0.0008725 0.0008676 0.0000000 0.0000010 
OP2971801_Temnothorax_50 0.1243064 0.1243064 0.2269664 0.2572875 0.2365629 0.2347904 0.2372453 5.7275973 0.0227350 0.0223816 0.0311658 0.0257886 0.0247280 0.0247176 0.0256000 0.0246951 0.0248483 0.0242365 0.0229063 0.0241995 0.0236396 0.0222453 0.0223219 0.0251461 0.0257718 0.0231780 0.0229382 0.0229174 0.0228859 0.0227785 0.0228954 0.0228954 0.0238882 0.0227892 3.8364014 3.6745374 0.0227974 0.0000010 0.0000010 0.0034961 0.0008641 0.0000010 0.0000010 0.0000010 0.0017472 0.0008633 0.0008704 0.0008637 0.0000010 0.0000000 
