50
PQ6726181_Temnothorax_3  0.0000000 0.1016913 0.1022097 0.1130540 0.1032373 0.1925654 0.1919644 0.1950347 0.1944303 0.1930335 0.1958859 0.1939980 0.1909018 0.1935060 0.1949652 0.1906897 0.1940227 0.1926057 0.1927357 0.1925577 0.1866640 0.1801315 0.1769030 0.1735472 0.1748125 0.1751296 0.1753599 0.1750396 0.1755810 0.1785177 0.1797548 0.1785940 0.1756866 0.1765757 0.1749466 0.1751087 0.1763470 0.1779012 0.1750425 0.1751982 0.1749270 0.1749685 0.1748116 0.1755455 0.1766515 0.1765282 0.1747899 1.0957652 1.2227544 1.2740880 
PQ6726161_Temnothorax_5  0.1016913 0.0000000 0.0035559 0.0033680 0.0028440 0.2036412 0.2048961 0.2046036 0.2006548 0.2010025 0.2071227 0.1991979 0.2020533 0.2014419 0.2045335 0.2003213 0.2036073 0.2005606 0.2006965 0.2020724 0.2014986 0.1927241 0.1893516 0.1852083 0.1877233 0.1880674 0.1883172 0.1895396 0.1865783 0.1920204 0.1914941 0.1896147 0.1908680 0.1910973 0.1878620 0.1896125 0.1897807 0.1913585 0.1895447 0.1881393 0.1894180 0.1878901 0.1892914 0.1900919 0.1901077 0.1875766 0.1900021 1.0201074 1.1330940 1.1790777 
PQ6726151_Temnothorax_6  0.1022097 0.0035559 0.0000000 0.0010946 0.0021028 0.2004767 0.2015290 0.2030814 0.1991490 0.1995018 0.2056057 0.1977041 0.2005535 0.1999466 0.2030115 0.1988265 0.2020842 0.1990634 0.1991979 0.2005628 0.1999668 0.1927241 0.1893516 0.1837497 0.1862596 0.1866001 0.1868474 0.1880592 0.1850577 0.1905076 0.1900152 0.1880859 0.1893567 0.1896125 0.1863976 0.1881316 0.1882791 0.1898518 0.1880641 0.1866716 0.1879386 0.1864250 0.1878134 0.1886059 0.1886031 0.1875766 0.1884887 1.0293310 1.1419448 1.1882754 
PQ6726171_Temnothorax_4  0.1130540 0.0033680 0.0010946 0.0000000 0.0000010 0.2079944 0.2077205 0.2218865 0.2143088 0.2148399 0.2231749 0.2111790 0.2136246 0.2155493 0.2217538 0.2134962 0.2200674 0.2139737 0.2142452 0.2169772 0.2303835 0.2181144 0.2109677 0.1956374 0.2002947 0.2009810 0.2014808 0.2039008 0.1990733 0.2121679 0.2103602 0.2080446 0.2099815 0.2069600 0.2034109 0.2069600 0.2077330 0.2107853 0.2068309 0.2039858 0.2065687 0.2034780 0.2063074 0.2079551 0.2084095 0.2071970 0.2084144 1.2270264 1.1581583 1.0784902 
PQ6726141_Temnothorax_7  0.1032373 0.0028440 0.0021028 0.0000010 0.0000000 0.2018613 0.2029224 0.2048257 0.2008695 0.2012167 0.2073473 0.1994100 0.2022689 0.2016559 0.2047556 0.2005338 0.2038283 0.2007738 0.2009100 0.2022894 0.2017182 0.1945122 0.1911085 0.1838858 0.1863981 0.1867392 0.1869869 0.1882006 0.1852006 0.1922259 0.1916944 0.1898183 0.1910709 0.1912969 0.1880548 0.1898097 0.1899809 0.1915624 0.1897418 0.1883330 0.1896147 0.1880830 0.1894878 0.1902904 0.1903087 0.1893136 0.1902041 1.0201074 1.1375168 1.1836737 
PQ6726201_Temnothorax_1  0.1925654 0.2036412 0.2004767 0.2079944 0.2018613 0.0000000 0.0000010 0.1136757 0.1132533 0.1125379 0.1174104 0.1134566 0.1135208 0.1109327 0.1124035 0.1121994 0.1138013 0.1123069 0.1123680 0.1130491 0.1289315 0.1234469 0.1207024 0.1215495 0.1210353 0.1212217 0.1213572 0.1220851 0.1239273 0.1244053 0.1251141 0.1240605 0.1222263 0.1233854 0.1211325 0.1221334 0.1227169 0.1240169 0.1220831 0.1212694 0.1220145 0.1211342 0.1219459 0.1223924 0.1217770 0.1210834 0.1213237 0.8292011 1.0562163 1.0895879 
PQ6726191_Temnothorax_2  0.1919644 0.2048961 0.2015290 0.2077205 0.2029224 0.0000010 0.0000000 0.1136757 0.1132533 0.1125379 0.1174104 0.1134566 0.1135208 0.1109327 0.1124035 0.1121994 0.1138013 0.1123069 0.1123680 0.1130491 0.1289315 0.1234469 0.1207024 0.1215495 0.1210353 0.1212217 0.1213572 0.1220851 0.1239273 0.1244053 0.1251141 0.1240605 0.1222263 0.1233854 0.1211325 0.1221334 0.1227169 0.1240169 0.1220831 0.1212694 0.1220145 0.1211342 0.1219459 0.1223924 0.1217770 0.1210834 0.1213237 0.8292011 1.0562163 1.0895879 
OP2971851_Temnothorax_45 0.1950347 0.2046036 0.2030814 0.2218865 0.2048257 0.1136757 0.1136757 0.0000000 0.0017487 0.0017447 0.0043833 0.0026155 0.0026189 0.0008701 0.0008723 0.0017427 0.0017488 0.0017411 0.0017411 0.0017411 0.0304518 0.0276074 0.0244405 0.0273620 0.0263061 0.0263061 0.0263175 0.0263061 0.0270138 0.0247557 0.0244927 0.0251141 0.0238427 0.0244338 0.0234895 0.0234895 0.0237328 0.0246885 0.0234996 0.0234895 0.0234895 0.0234895 0.0234895 0.0235097 0.0237650 0.0242442 0.0238947 0.6519873 0.8777698 0.9383847 
OP2971811_Temnothorax_49 0.1944303 0.2006548 0.1991490 0.2143088 0.2008695 0.1132533 0.1132533 0.0017487 0.0000000 0.0000010 0.0026160 0.0008672 0.0008693 0.0008665 0.0008721 0.0000010 0.0000010 0.0000010 0.0000010 0.0000010 0.0304782 0.0246688 0.0225262 0.0253741 0.0243578 0.0243578 0.0243578 0.0244364 0.0251254 0.0238542 0.0253862 0.0232302 0.0220072 0.0235249 0.0225207 0.0225823 0.0228446 0.0237997 0.0225617 0.0225002 0.0225617 0.0225002 0.0225521 0.0226089 0.0219355 0.0223665 0.0220550 0.6519873 0.8695574 0.9338044 
OP2971801_Temnothorax_50 0.1930335 0.2010025 0.1995018 0.2148399 0.2012167 0.1125379 0.1125379 0.0017447 0.0000010 0.0000000 0.0034759 0.0008632 0.0008641 0.0008619 0.0008701 0.0000010 0.0000010 0.0000010 0.0000010 0.0000010 0.0303935 0.0246452 0.0225049 0.0252558 0.0242228 0.0242512 0.0242616 0.0243800 0.0251018 0.0237984 0.0252448 0.0232084 0.0219556 0.0234706 0.0223961 0.0225302 0.0227913 0.0237442 0.0225097 0.0224115 0.0225097 0.0223925 0.0225001 0.0225567 0.0218842 0.0223454 0.0220141 0.6519873 0.8766604 0.9413062 
OP2971901_Temnothorax_40 0.1958859 0.2071227 0.2056057 0.2231749 0.2073473 0.1174104 0.1174104 0.0043833 0.0026160 0.0034759 0.0000000 0.0034667 0.0025973 0.0043350 0.0034991 0.0034669 0.0026259 0.0025971 0.0025981 0.0026114 0.0333577 0.0276734 0.0255100 0.0290414 0.0279817 0.0270572 0.0270804 0.0272264 0.0280743 0.0267045 0.0290288 0.0261643 0.0248490 0.0263116 0.0261383 0.0253618 0.0256685 0.0266317 0.0253495 0.0252045 0.0253386 0.0251829 0.0253277 0.0254028 0.0247678 0.0253041 0.0249267 0.6519873 0.8744210 0.9388033 
OP2971821_Temnothorax_48 0.1939980 0.1991979 0.1977041 0.2111790 0.1994100 0.1134566 0.1134566 0.0026155 0.0008672 0.0008632 0.0034667 0.0000000 0.0017261 0.0017226 0.0017393 0.0008610 0.0008701 0.0008610 0.0008613 0.0008654 0.0313077 0.0266207 0.0234702 0.0261369 0.0251000 0.0251107 0.0251321 0.0252560 0.0260374 0.0247085 0.0261255 0.0241423 0.0228657 0.0243474 0.0232735 0.0234066 0.0236878 0.0246416 0.0233953 0.0232722 0.0233853 0.0232524 0.0233754 0.0234441 0.0227913 0.0232818 0.0229366 0.6386362 0.8807708 0.9456508 
OP2971891_Temnothorax_41 0.1909018 0.2020533 0.2005535 0.2136246 0.2022689 0.1135208 0.1135208 0.0026189 0.0008693 0.0008641 0.0025973 0.0017261 0.0000000 0.0017236 0.0017427 0.0008611 0.0008723 0.0008618 0.0008626 0.0008671 0.0313647 0.0266706 0.0235135 0.0261524 0.0251148 0.0251443 0.0251658 0.0253009 0.0260851 0.0247531 0.0261410 0.0241864 0.0229068 0.0243906 0.0232872 0.0234480 0.0237303 0.0246859 0.0234367 0.0233032 0.0234267 0.0232834 0.0234167 0.0234857 0.0228322 0.0233244 0.0229779 0.6519873 0.8805377 0.9453469 
OP2971841_Temnothorax_46 0.1935060 0.2014419 0.1999466 0.2155493 0.2016559 0.1109327 0.1109327 0.0008701 0.0008665 0.0008619 0.0043350 0.0017226 0.0017236 0.0000000 0.0000010 0.0008603 0.0008698 0.0008611 0.0008607 0.0008650 0.0312939 0.0266086 0.0234597 0.0260949 0.0250600 0.0250893 0.0251107 0.0252452 0.0260259 0.0246978 0.0260836 0.0241317 0.0228558 0.0243370 0.0232365 0.0233966 0.0236776 0.0246309 0.0233853 0.0232524 0.0233754 0.0232327 0.0233654 0.0234341 0.0227815 0.0232715 0.0229266 0.6519873 0.8823894 0.9431320 
OP2971831_Temnothorax_47 0.1949652 0.2045335 0.2030115 0.2217538 0.2047556 0.1124035 0.1124035 0.0008723 0.0008721 0.0008701 0.0034991 0.0017393 0.0017427 0.0000010 0.0000000 0.0008690 0.0008698 0.0008687 0.0008687 0.0008687 0.0312939 0.0266086 0.0234597 0.0263928 0.0253443 0.0253443 0.0253552 0.0253675 0.0260259 0.0246978 0.0263812 0.0241317 0.0228558 0.0244443 0.0234996 0.0234996 0.0236776 0.0246309 0.0234782 0.0234782 0.0234782 0.0234782 0.0234782 0.0234782 0.0227815 0.0232715 0.0229266 0.6519873 0.8823894 0.9431320 
OP2971881_Temnothorax_42 0.1906897 0.2003213 0.1988265 0.2134962 0.2005338 0.1121994 0.1121994 0.0017427 0.0000010 0.0000010 0.0034669 0.0008610 0.0008611 0.0008603 0.0008690 0.0000000 0.0000010 0.0000010 0.0000010 0.0000010 0.0303654 0.0256394 0.0225049 0.0251884 0.0241585 0.0241868 0.0242073 0.0243370 0.0250783 0.0237764 0.0251774 0.0231867 0.0219259 0.0234292 0.0223367 0.0224905 0.0227605 0.0237120 0.0224797 0.0223520 0.0224701 0.0223331 0.0224605 0.0225265 0.0218640 0.0223244 0.0219937 0.6519873 0.8785172 0.9431320 
OP2971921_Temnothorax_38 0.1940227 0.2036073 0.2020842 0.2200674 0.2038283 0.1138013 0.1138013 0.0017488 0.0000010 0.0000010 0.0026259 0.0008701 0.0008723 0.0008698 0.0008698 0.0000010 0.0000000 0.0000010 0.0000010 0.0000010 0.0303520 0.0256394 0.0225049 0.0254991 0.0244548 0.0244548 0.0244653 0.0244772 0.0250783 0.0237661 0.0254879 0.0231867 0.0219259 0.0235540 0.0226101 0.0226101 0.0227507 0.0237018 0.0225895 0.0225895 0.0225895 0.0225895 0.0225895 0.0225895 0.0218546 0.0223244 0.0219937 0.6519873 0.8785172 0.9431320 
OP2971911_Temnothorax_39 0.1926057 0.2005606 0.1990634 0.2139737 0.2007738 0.1123069 0.1123069 0.0017411 0.0000010 0.0000010 0.0025971 0.0008610 0.0008618 0.0008611 0.0008687 0.0000010 0.0000010 0.0000000 0.0000010 0.0000010 0.0303520 0.0256394 0.0225049 0.0252073 0.0241765 0.0241765 0.0241970 0.0243266 0.0250783 0.0237661 0.0251963 0.0231867 0.0219259 0.0234192 0.0223533 0.0224810 0.0227507 0.0237018 0.0224701 0.0223425 0.0224605 0.0223331 0.0224510 0.0225169 0.0218546 0.0223244 0.0219937 0.6519873 0.8785172 0.9431320 
OP2971871_Temnothorax_43 0.1927357 0.2006965 0.1991979 0.2142452 0.2009100 0.1123680 0.1123680 0.0017411 0.0000010 0.0000010 0.0025981 0.0008613 0.0008626 0.0008607 0.0008687 0.0000010 0.0000010 0.0000010 0.0000000 0.0000010 0.0303520 0.0256394 0.0225049 0.0252181 0.0241868 0.0241868 0.0241970 0.0243266 0.0250783 0.0237661 0.0252071 0.0231867 0.0219259 0.0234192 0.0223627 0.0224810 0.0227507 0.0237018 0.0224701 0.0223425 0.0224605 0.0223425 0.0224510 0.0225169 0.0218546 0.0223244 0.0219937 0.6519873 0.8785172 0.9431320 
OP2971861_Temnothorax_44 0.1925577 0.2020724 0.2005628 0.2169772 0.2022894 0.1130491 0.1130491 0.0017411 0.0000010 0.0000010 0.0026114 0.0008654 0.0008671 0.0008650 0.0008687 0.0000010 0.0000010 0.0000010 0.0000010 0.0000000 0.0303520 0.0256394 0.0225049 0.0253524 0.0243148 0.0243148 0.0243252 0.0243370 0.0250783 0.0237661 0.0253413 0.0231867 0.0219259 0.0234192 0.0224810 0.0224810 0.0227507 0.0237018 0.0224701 0.0224605 0.0224605 0.0224605 0.0224605 0.0225169 0.0218546 0.0223244 0.0219937 0.6519873 0.8785172 0.9431320 
OP3229651_Temnothorax_11 0.1866640 0.2014986 0.1999668 0.2303835 0.2017182 0.1289315 0.1289315 0.0304518 0.0304782 0.0303935 0.0333577 0.0313077 0.0313647 0.0312939 0.0312939 0.0303654 0.0303520 0.0303520 0.0303520 0.0303520 0.0000000 0.0112106 0.0083044 0.0098936 0.0089455 0.0089455 0.0089492 0.0089537 0.0091491 0.0117701 0.0117157 0.0110172 0.0099535 0.0116882 0.0107709 0.0107709 0.0108169 0.0117385 0.0107610 0.0107610 0.0107610 0.0107610 0.0107610 0.0107610 0.0099214 0.0091874 0.0099795 0.6906878 0.9094906 0.9784665 
OP3229521_Temnothorax_24 0.1801315 0.1927241 0.1927241 0.2181144 0.1945122 0.1234469 0.1234469 0.0276074 0.0246688 0.0246452 0.0276734 0.0266207 0.0266706 0.0266086 0.0266086 0.0256394 0.0256394 0.0256394 0.0256394 0.0256394 0.0112106 0.0000000 0.0018445 0.0064984 0.0055494 0.0055494 0.0055494 0.0055494 0.0055494 0.0036948 0.0036897 0.0036931 0.0027651 0.0036897 0.0027625 0.0027625 0.0027625 0.0027625 0.0027625 0.0027625 0.0027625 0.0027625 0.0027625 0.0027625 0.0027625 0.0027625 0.0027625 0.6789262 0.9060319 0.9770421 
OP3229571_Temnothorax_19 0.1769030 0.1893516 0.1893516 0.2109677 0.1911085 0.1207024 0.1207024 0.0244405 0.0225262 0.0225049 0.0255100 0.0234702 0.0235135 0.0234597 0.0234597 0.0225049 0.0225049 0.0225049 0.0225049 0.0225049 0.0083044 0.0018445 0.0000000 0.0036674 0.0027407 0.0027407 0.0027407 0.0027407 0.0027407 0.0009126 0.0009113 0.0009122 0.0000010 0.0009113 0.0000010 0.0000010 0.0000010 0.0000010 0.0000010 0.0000010 0.0000010 0.0000010 0.0000010 0.0000010 0.0000010 0.0000010 0.0000010 0.6789262 0.8871378 0.9561891 
OP3229641_Temnothorax_12 0.1735472 0.1852083 0.1837497 0.1956374 0.1838858 0.1215495 0.1215495 0.0273620 0.0253741 0.0252558 0.0290414 0.0261369 0.0261524 0.0260949 0.0263928 0.0251884 0.0254991 0.0252073 0.0252181 0.0253524 0.0098936 0.0064984 0.0036674 0.0000000 0.0008698 0.0008708 0.0008715 0.0008760 0.0009006 0.0053760 0.0061542 0.0045348 0.0035812 0.0052994 0.0043786 0.0044081 0.0044596 0.0053618 0.0044059 0.0043815 0.0044041 0.0043778 0.0044023 0.0044149 0.0035699 0.0036384 0.0035888 0.6906878 0.9019892 0.9704568 
OP3229601_Temnothorax_16 0.1748125 0.1877233 0.1862596 0.2002947 0.1863981 0.1210353 0.1210353 0.0263061 0.0243578 0.0242228 0.0279817 0.0251000 0.0251148 0.0250600 0.0253443 0.0241585 0.0244548 0.0241765 0.0241868 0.0243148 0.0089455 0.0055494 0.0027407 0.0008698 0.0000000 0.0000010 0.0000010 0.0000010 0.0000010 0.0044552 0.0061374 0.0036150 0.0026716 0.0043922 0.0034847 0.0035080 0.0035488 0.0044434 0.0035063 0.0034869 0.0035048 0.0034841 0.0035034 0.0035134 0.0026632 0.0027191 0.0026797 0.6906878 0.8884638 0.9558897 
OP3229621_Temnothorax_14 0.1751296 0.1880674 0.1866001 0.2009810 0.1867392 0.1212217 0.1212217 0.0263061 0.0243578 0.0242512 0.0270572 0.0251107 0.0251443 0.0250893 0.0253443 0.0241868 0.0244548 0.0241765 0.0241868 0.0243148 0.0089455 0.0055494 0.0027407 0.0008708 0.0000010 0.0000000 0.0000010 0.0000010 0.0000010 0.0044552 0.0061443 0.0036150 0.0026716 0.0043922 0.0034886 0.0035080 0.0035488 0.0044434 0.0035063 0.0034869 0.0035048 0.0034855 0.0035034 0.0035134 0.0026632 0.0027191 0.0026797 0.6906878 0.8884638 0.9558897 
OP3229631_Temnothorax_13 0.1753599 0.1883172 0.1868474 0.2014808 0.1869869 0.1213572 0.1213572 0.0263175 0.0243578 0.0242616 0.0270804 0.0251321 0.0251658 0.0251107 0.0253552 0.0242073 0.0244653 0.0241970 0.0241970 0.0243252 0.0089492 0.0055494 0.0027407 0.0008715 0.0000010 0.0000010 0.0000000 0.0000010 0.0000010 0.0044552 0.0061492 0.0036150 0.0026716 0.0043940 0.0034915 0.0035094 0.0035503 0.0044452 0.0035077 0.0034883 0.0035063 0.0034883 0.0035048 0.0035148 0.0026632 0.0027191 0.0026797 0.6906878 0.8884638 0.9558897 
OP3229591_Temnothorax_17 0.1750396 0.1895396 0.1880592 0.2039008 0.1882006 0.1220851 0.1220851 0.0263061 0.0244364 0.0243800 0.0272264 0.0252560 0.0253009 0.0252452 0.0253675 0.0243370 0.0244772 0.0243266 0.0243266 0.0243370 0.0089537 0.0055494 0.0027407 0.0008760 0.0000010 0.0000010 0.0000010 0.0000000 0.0000010 0.0044552 0.0061761 0.0036150 0.0026741 0.0043922 0.0035065 0.0035080 0.0035488 0.0044434 0.0035094 0.0035065 0.0035080 0.0035065 0.0035065 0.0035165 0.0026656 0.0027191 0.0026797 0.6906878 0.8884638 0.9558897 
OP3229611_Temnothorax_15 0.1755810 0.1865783 0.1850577 0.1990733 0.1852006 0.1239273 0.1239273 0.0270138 0.0251254 0.0251018 0.0280743 0.0260374 0.0260851 0.0260259 0.0260259 0.0250783 0.0250783 0.0250783 0.0250783 0.0250783 0.0091491 0.0055494 0.0027407 0.0009006 0.0000010 0.0000010 0.0000010 0.0000010 0.0000000 0.0036165 0.0036116 0.0036150 0.0027066 0.0036116 0.0027041 0.0027041 0.0027041 0.0027041 0.0027041 0.0027041 0.0027041 0.0027041 0.0027041 0.0027041 0.0027041 0.0027191 0.0027041 0.6906878 0.8856309 0.9531180 
OP3229581_Temnothorax_18 0.1785177 0.1920204 0.1905076 0.2121679 0.1922259 0.1244053 0.1244053 0.0247557 0.0238542 0.0237984 0.0267045 0.0247085 0.0247531 0.0246978 0.0246978 0.0237764 0.0237661 0.0237661 0.0237661 0.0237661 0.0117701 0.0036948 0.0009126 0.0053760 0.0044552 0.0044552 0.0044552 0.0044552 0.0036165 0.0000000 0.0035696 0.0018055 0.0008896 0.0017765 0.0008868 0.0008868 0.0008868 0.0008868 0.0008868 0.0008868 0.0008868 0.0008868 0.0008868 0.0008868 0.0008876 0.0009054 0.0008923 0.6789262 0.8930451 0.9609649 
OP3229511_Temnothorax_25 0.1797548 0.1914941 0.1900152 0.2103602 0.1916944 0.1251141 0.1251141 0.0244927 0.0253862 0.0252448 0.0290288 0.0261255 0.0261410 0.0260836 0.0263812 0.0251774 0.0254879 0.0251963 0.0252071 0.0253413 0.0117157 0.0036897 0.0009113 0.0061542 0.0061374 0.0061443 0.0061492 0.0061761 0.0036116 0.0035696 0.0000000 0.0018031 0.0026802 0.0035191 0.0026175 0.0026350 0.0026657 0.0035601 0.0026361 0.0026215 0.0026350 0.0026193 0.0026339 0.0026414 0.0026717 0.0009042 0.0026858 0.6789262 0.8884638 0.9558897 
OP3229551_Temnothorax_21 0.1785940 0.1896147 0.1880859 0.2080446 0.1898183 0.1240605 0.1240605 0.0251141 0.0232302 0.0232084 0.0261643 0.0241423 0.0241864 0.0241317 0.0241317 0.0231867 0.0231867 0.0231867 0.0231867 0.0231867 0.0110172 0.0036931 0.0009122 0.0045348 0.0036150 0.0036150 0.0036150 0.0036150 0.0036150 0.0018055 0.0018031 0.0000000 0.0009009 0.0018031 0.0009000 0.0009000 0.0009000 0.0009000 0.0009000 0.0009000 0.0009000 0.0009000 0.0009000 0.0009000 0.0009000 0.0009050 0.0009000 0.6789262 0.8856309 0.9531180 
OP3229531_Temnothorax_23 0.1756866 0.1908680 0.1893567 0.2099815 0.1910709 0.1222263 0.1222263 0.0238427 0.0220072 0.0219556 0.0248490 0.0228657 0.0229068 0.0228558 0.0228558 0.0219259 0.0219259 0.0219259 0.0219259 0.0219259 0.0099535 0.0027651 0.0000010 0.0035812 0.0026716 0.0026716 0.0026716 0.0026741 0.0027066 0.0008896 0.0026802 0.0009009 0.0000000 0.0008892 0.0000010 0.0000010 0.0000010 0.0000010 0.0000010 0.0000010 0.0000010 0.0000010 0.0000010 0.0000010 0.0000010 0.0000010 0.0000010 0.6789262 0.8905038 0.9581348 
OP3229411_Temnothorax_33 0.1765757 0.1910973 0.1896125 0.2069600 0.1912969 0.1233854 0.1233854 0.0244338 0.0235249 0.0234706 0.0263116 0.0243474 0.0243906 0.0243370 0.0244443 0.0234292 0.0235540 0.0234192 0.0234192 0.0234192 0.0116882 0.0036897 0.0009113 0.0052994 0.0043922 0.0043922 0.0043940 0.0043922 0.0036116 0.0017765 0.0035191 0.0018031 0.0008892 0.0000000 0.0008743 0.0008743 0.0008845 0.0017718 0.0008747 0.0008743 0.0008743 0.0008743 0.0008743 0.0008764 0.0008864 0.0009042 0.0008911 0.6789262 0.8884638 0.9558897 
OP3229401_Temnothorax_34 0.1749466 0.1878620 0.1863976 0.2034109 0.1880548 0.1211325 0.1211325 0.0234895 0.0225207 0.0223961 0.0261383 0.0232735 0.0232872 0.0232365 0.0234996 0.0223367 0.0226101 0.0223533 0.0223627 0.0224810 0.0107709 0.0027625 0.0000010 0.0043786 0.0034847 0.0034886 0.0034915 0.0035065 0.0027041 0.0008868 0.0026175 0.0009000 0.0000010 0.0008743 0.0000000 0.0000010 0.0000010 0.0008844 0.0000010 0.0000010 0.0000010 0.0000010 0.0000010 0.0000010 0.0000010 0.0000010 0.0000010 0.6789262 0.8884638 0.9558897 
OP3229481_Temnothorax_28 0.1751087 0.1896125 0.1881316 0.2069600 0.1898097 0.1221334 0.1221334 0.0234895 0.0225823 0.0225302 0.0253618 0.0234066 0.0234480 0.0233966 0.0234996 0.0224905 0.0226101 0.0224810 0.0224810 0.0224810 0.0107709 0.0027625 0.0000010 0.0044081 0.0035080 0.0035080 0.0035094 0.0035080 0.0027041 0.0008868 0.0026350 0.0009000 0.0000010 0.0008743 0.0000010 0.0000000 0.0000010 0.0008844 0.0000010 0.0000010 0.0000010 0.0000010 0.0000010 0.0000010 0.0000010 0.0000010 0.0000010 0.6789262 0.8884638 0.9558897 
OP3229501_Temnothorax_26 0.1763470 0.1897807 0.1882791 0.2077330 0.1899809 0.1227169 0.1227169 0.0237328 0.0228446 0.0227913 0.0256685 0.0236878 0.0237303 0.0236776 0.0236776 0.0227605 0.0227507 0.0227507 0.0227507 0.0227507 0.0108169 0.0027625 0.0000010 0.0044596 0.0035488 0.0035488 0.0035503 0.0035488 0.0027041 0.0008868 0.0026657 0.0009000 0.0000010 0.0008845 0.0000010 0.0000010 0.0000000 0.0000010 0.0000010 0.0000010 0.0000010 0.0000010 0.0000010 0.0000010 0.0000010 0.0000010 0.0000010 0.6789262 0.8884638 0.9558897 
OP3229561_Temnothorax_20 0.1779012 0.1913585 0.1898518 0.2107853 0.1915624 0.1240169 0.1240169 0.0246885 0.0237997 0.0237442 0.0266317 0.0246416 0.0246859 0.0246309 0.0246309 0.0237120 0.0237018 0.0237018 0.0237018 0.0237018 0.0117385 0.0027625 0.0000010 0.0053618 0.0044434 0.0044434 0.0044452 0.0044434 0.0027041 0.0008868 0.0035601 0.0009000 0.0000010 0.0017718 0.0008844 0.0008844 0.0000010 0.0000000 0.0008844 0.0008844 0.0008844 0.0008844 0.0008844 0.0008844 0.0000010 0.0000010 0.0000010 0.6789262 0.8884638 0.9558897 
OP3229431_Temnothorax_32 0.1750425 0.1895447 0.1880641 0.2068309 0.1897418 0.1220831 0.1220831 0.0234996 0.0225617 0.0225097 0.0253495 0.0233953 0.0234367 0.0233853 0.0234782 0.0224797 0.0225895 0.0224701 0.0224701 0.0224701 0.0107610 0.0027625 0.0000010 0.0044059 0.0035063 0.0035063 0.0035077 0.0035094 0.0027041 0.0008868 0.0026361 0.0009000 0.0000010 0.0008747 0.0000010 0.0000010 0.0000010 0.0008844 0.0000000 0.0000010 0.0000010 0.0000010 0.0000010 0.0000010 0.0000010 0.0000010 0.0000010 0.6789262 0.8884638 0.9558897 
OP2971931_Temnothorax_37 0.1751982 0.1881393 0.1866716 0.2039858 0.1883330 0.1212694 0.1212694 0.0234895 0.0225002 0.0224115 0.0252045 0.0232722 0.0233032 0.0232524 0.0234782 0.0223520 0.0225895 0.0223425 0.0223425 0.0224605 0.0107610 0.0027625 0.0000010 0.0043815 0.0034869 0.0034869 0.0034883 0.0035065 0.0027041 0.0008868 0.0026215 0.0009000 0.0000010 0.0008743 0.0000010 0.0000010 0.0000010 0.0008844 0.0000010 0.0000000 0.0000010 0.0000010 0.0000010 0.0000010 0.0000010 0.0000010 0.0000010 0.6789262 0.8884638 0.9558897 
OP3229441_Temnothorax_31 0.1749270 0.1894180 0.1879386 0.2065687 0.1896147 0.1220145 0.1220145 0.0234895 0.0225617 0.0225097 0.0253386 0.0233853 0.0234267 0.0233754 0.0234782 0.0224701 0.0225895 0.0224605 0.0224605 0.0224605 0.0107610 0.0027625 0.0000010 0.0044041 0.0035048 0.0035048 0.0035063 0.0035080 0.0027041 0.0008868 0.0026350 0.0009000 0.0000010 0.0008743 0.0000010 0.0000010 0.0000010 0.0008844 0.0000010 0.0000010 0.0000000 0.0000010 0.0000010 0.0000010 0.0000010 0.0000010 0.0000010 0.6789262 0.8884638 0.9558897 
OP3229461_Temnothorax_30 0.1749685 0.1878901 0.1864250 0.2034780 0.1880830 0.1211342 0.1211342 0.0234895 0.0225002 0.0223925 0.0251829 0.0232524 0.0232834 0.0232327 0.0234782 0.0223331 0.0225895 0.0223331 0.0223425 0.0224605 0.0107610 0.0027625 0.0000010 0.0043778 0.0034841 0.0034855 0.0034883 0.0035065 0.0027041 0.0008868 0.0026193 0.0009000 0.0000010 0.0008743 0.0000010 0.0000010 0.0000010 0.0008844 0.0000010 0.0000010 0.0000010 0.0000000 0.0000010 0.0000010 0.0000010 0.0000010 0.0000010 0.6789262 0.8884638 0.9558897 
OP3229471_Temnothorax_29 0.1748116 0.1892914 0.1878134 0.2063074 0.1894878 0.1219459 0.1219459 0.0234895 0.0225521 0.0225001 0.0253277 0.0233754 0.0234167 0.0233654 0.0234782 0.0224605 0.0225895 0.0224510 0.0224510 0.0224605 0.0107610 0.0027625 0.0000010 0.0044023 0.0035034 0.0035034 0.0035048 0.0035065 0.0027041 0.0008868 0.0026339 0.0009000 0.0000010 0.0008743 0.0000010 0.0000010 0.0000010 0.0008844 0.0000010 0.0000010 0.0000010 0.0000010 0.0000000 0.0000010 0.0000010 0.0000010 0.0000010 0.6789262 0.8884638 0.9558897 
OP3229491_Temnothorax_27 0.1755455 0.1900919 0.1886059 0.2079551 0.1902904 0.1223924 0.1223924 0.0235097 0.0226089 0.0225567 0.0254028 0.0234441 0.0234857 0.0234341 0.0234782 0.0225265 0.0225895 0.0225169 0.0225169 0.0225169 0.0107610 0.0027625 0.0000010 0.0044149 0.0035134 0.0035134 0.0035148 0.0035165 0.0027041 0.0008868 0.0026414 0.0009000 0.0000010 0.0008764 0.0000010 0.0000010 0.0000010 0.0008844 0.0000010 0.0000010 0.0000010 0.0000010 0.0000010 0.0000000 0.0000010 0.0000010 0.0000010 0.6789262 0.8884638 0.9558897 
OP3229541_Temnothorax_22 0.1766515 0.1901077 0.1886031 0.2084095 0.1903087 0.1217770 0.1217770 0.0237650 0.0219355 0.0218842 0.0247678 0.0227913 0.0228322 0.0227815 0.0227815 0.0218640 0.0218546 0.0218546 0.0218546 0.0218546 0.0099214 0.0027625 0.0000010 0.0035699 0.0026632 0.0026632 0.0026632 0.0026656 0.0027041 0.0008876 0.0026717 0.0009000 0.0000010 0.0008864 0.0000010 0.0000010 0.0000010 0.0000010 0.0000010 0.0000010 0.0000010 0.0000010 0.0000010 0.0000010 0.0000000 0.0000010 0.0000010 0.6789262 0.8884638 0.9558897 
OP3229671_Temnothorax_9  0.1765282 0.1875766 0.1875766 0.2071970 0.1893136 0.1210834 0.1210834 0.0242442 0.0223665 0.0223454 0.0253041 0.0232818 0.0233244 0.0232715 0.0232715 0.0223244 0.0223244 0.0223244 0.0223244 0.0223244 0.0091874 0.0027625 0.0000010 0.0036384 0.0027191 0.0027191 0.0027191 0.0027191 0.0027191 0.0009054 0.0009042 0.0009050 0.0000010 0.0009042 0.0000010 0.0000010 0.0000010 0.0000010 0.0000010 0.0000010 0.0000010 0.0000010 0.0000010 0.0000010 0.0000010 0.0000000 0.0000010 0.6789262 0.8875557 0.9558423 
OP3229661_Temnothorax_10 0.1747899 0.1900021 0.1884887 0.2084144 0.1902041 0.1213237 0.1213237 0.0238947 0.0220550 0.0220141 0.0249267 0.0229366 0.0229779 0.0229266 0.0229266 0.0219937 0.0219937 0.0219937 0.0219937 0.0219937 0.0099795 0.0027625 0.0000010 0.0035888 0.0026797 0.0026797 0.0026797 0.0026797 0.0027041 0.0008923 0.0026858 0.0009000 0.0000010 0.0008911 0.0000010 0.0000010 0.0000010 0.0000010 0.0000010 0.0000010 0.0000010 0.0000010 0.0000010 0.0000010 0.0000010 0.0000010 0.0000000 0.6789262 0.8884638 0.9558897 
OX3951501_Temnothorax_8  1.0957652 1.0201074 1.0293310 1.2270264 1.0201074 0.8292011 0.8292011 0.6519873 0.6519873 0.6519873 0.6519873 0.6386362 0.6519873 0.6519873 0.6519873 0.6519873 0.6519873 0.6519873 0.6519873 0.6519873 0.6906878 0.6789262 0.6789262 0.6906878 0.6906878 0.6906878 0.6906878 0.6906878 0.6906878 0.6789262 0.6789262 0.6789262 0.6789262 0.6789262 0.6789262 0.6789262 0.6789262 0.6789262 0.6789262 0.6789262 0.6789262 0.6789262 0.6789262 0.6789262 0.6789262 0.6789262 0.6789262 0.0000000 1.8538668 1.6314890 
OP2971971_Temnothorax_35 1.2227544 1.1330940 1.1419448 1.1581583 1.1375168 1.0562163 1.0562163 0.8777698 0.8695574 0.8766604 0.8744210 0.8807708 0.8805377 0.8823894 0.8823894 0.8785172 0.8785172 0.8785172 0.8785172 0.8785172 0.9094906 0.9060319 0.8871378 0.9019892 0.8884638 0.8884638 0.8884638 0.8884638 0.8856309 0.8930451 0.8884638 0.8856309 0.8905038 0.8884638 0.8884638 0.8884638 0.8884638 0.8884638 0.8884638 0.8884638 0.8884638 0.8884638 0.8884638 0.8884638 0.8884638 0.8875557 0.8884638 1.8538668 0.0000000 0.1147574 
OP2971951_Temnothorax_36 1.2740880 1.1790777 1.1882754 1.0784902 1.1836737 1.0895879 1.0895879 0.9383847 0.9338044 0.9413062 0.9388033 0.9456508 0.9453469 0.9431320 0.9431320 0.9431320 0.9431320 0.9431320 0.9431320 0.9431320 0.9784665 0.9770421 0.9561891 0.9704568 0.9558897 0.9558897 0.9558897 0.9558897 0.9531180 0.9609649 0.9558897 0.9531180 0.9581348 0.9558897 0.9558897 0.9558897 0.9558897 0.9558897 0.9558897 0.9558897 0.9558897 0.9558897 0.9558897 0.9558897 0.9558897 0.9558423 0.9558897 1.6314890 0.1147574 0.0000000 
