50
PQ6726181_Temnothorax_3  0.0000000 0.1015142 0.1020298 0.1128550 0.1030531 0.1918873 0.1912914 0.1943148 0.1937142 0.1923240 0.1951512 0.1932862 0.1902071 0.1927955 0.1942464 0.1899972 0.1933080 0.1919000 0.1920296 0.1918518 0.1859690 0.1794794 0.1762774 0.1729431 0.1741986 0.1745149 0.1747448 0.1744245 0.1749641 0.1778796 0.1791076 0.1779608 0.1750712 0.1759557 0.1743349 0.1744969 0.1757258 0.1772663 0.1744317 0.1745869 0.1743164 0.1743576 0.1742013 0.1749327 0.1760287 0.1759091 0.1741848 1.0847008 1.2103375 1.2608908 
PQ6726161_Temnothorax_5  0.1015142 0.0000000 0.0035561 0.0033687 0.0028441 0.2029290 0.2041737 0.2038462 0.1999261 0.2002654 0.2063335 0.1984727 0.2013057 0.2007031 0.2037772 0.1995878 0.2028550 0.1998264 0.1999619 0.2013292 0.2007478 0.1920280 0.1886832 0.1845652 0.1870646 0.1874078 0.1876572 0.1888710 0.1859248 0.1913342 0.1908083 0.1889449 0.1901909 0.1904242 0.1872058 0.1889476 0.1891110 0.1906758 0.1888808 0.1874834 0.1887543 0.1872346 0.1886280 0.1894257 0.1894363 0.1869209 0.1893355 1.0105136 1.1214912 1.1667103 
PQ6726151_Temnothorax_6  0.1020298 0.0035561 0.0000000 0.0010949 0.0021029 0.1997812 0.2008248 0.2023327 0.1984287 0.1987742 0.2048253 0.1969874 0.1998144 0.1992172 0.2022639 0.1981024 0.2013405 0.1983386 0.1984727 0.1998282 0.1992246 0.1920280 0.1886832 0.1831145 0.1856090 0.1859486 0.1861953 0.1873987 0.1844125 0.1898298 0.1893376 0.1874245 0.1886880 0.1889476 0.1857494 0.1874747 0.1876176 0.1891774 0.1874083 0.1860236 0.1872831 0.1857775 0.1871581 0.1879479 0.1879400 0.1869209 0.1878305 1.0196811 1.1302840 1.1758462 
PQ6726171_Temnothorax_4  0.1128550 0.0033687 0.0010949 0.0000000 0.0000010 0.2072543 0.2069823 0.2209723 0.2134529 0.2139707 0.2222244 0.2103333 0.2127615 0.2146777 0.2208417 0.2126352 0.2191629 0.2131107 0.2133812 0.2160939 0.2293773 0.2171948 0.2101135 0.1948947 0.1995205 0.2002043 0.2007025 0.2031039 0.1983002 0.2113020 0.2095038 0.2072093 0.2091352 0.2061452 0.2026173 0.2061452 0.2069039 0.2099280 0.2060182 0.2031917 0.2057569 0.2026856 0.2054965 0.2071367 0.2075763 0.2063731 0.2075893 1.2149631 1.1463051 1.0674648 
PQ6726141_Temnothorax_7  0.1030531 0.0028441 0.0021029 0.0000010 0.0000000 0.2011550 0.2022072 0.2040637 0.2001353 0.2004742 0.2065524 0.1986785 0.2015158 0.2009117 0.2039946 0.1997950 0.2030713 0.2000342 0.2001701 0.2015407 0.2009617 0.1938017 0.1904264 0.1832496 0.1857464 0.1860867 0.1863338 0.1875392 0.1845544 0.1915336 0.1910025 0.1891434 0.1903887 0.1906188 0.1873938 0.1891398 0.1893062 0.1908735 0.1890730 0.1876721 0.1889462 0.1874228 0.1888195 0.1896193 0.1896323 0.1886445 0.1895325 1.0105136 1.1258851 1.1712755 
PQ6726201_Temnothorax_1  0.1918873 0.2029290 0.1997812 0.2072543 0.2011550 0.0000000 0.0000010 0.1134399 0.1130196 0.1123059 0.1171523 0.1132225 0.1132829 0.1107058 0.1121730 0.1119682 0.1135659 0.1120759 0.1121372 0.1128159 0.1286244 0.1231629 0.1204360 0.1212749 0.1207661 0.1209527 0.1210884 0.1218127 0.1236481 0.1241230 0.1248264 0.1237802 0.1219531 0.1231101 0.1208644 0.1218629 0.1224431 0.1237358 0.1218134 0.1210023 0.1217447 0.1208669 0.1216760 0.1221224 0.1215062 0.1208149 0.1210576 0.8211749 1.0457669 1.0786336 
PQ6726191_Temnothorax_2  0.1912914 0.2041737 0.2008248 0.2069823 0.2022072 0.0000010 0.0000000 0.1134399 0.1130196 0.1123059 0.1171523 0.1132225 0.1132829 0.1107058 0.1121730 0.1119682 0.1135659 0.1120759 0.1121372 0.1128159 0.1286244 0.1231629 0.1204360 0.1212749 0.1207661 0.1209527 0.1210884 0.1218127 0.1236481 0.1241230 0.1248264 0.1237802 0.1219531 0.1231101 0.1208644 0.1218629 0.1224431 0.1237358 0.1218134 0.1210023 0.1217447 0.1208669 0.1216760 0.1221224 0.1215062 0.1208149 0.1210576 0.8211749 1.0457669 1.0786336 
OP2971851_Temnothorax_45 0.1943148 0.2038462 0.2023327 0.2209723 0.2040637 0.1134399 0.1134399 0.0000000 0.0017487 0.0017447 0.0043829 0.0026145 0.0026188 0.0008701 0.0008723 0.0017427 0.0017488 0.0017411 0.0017411 0.0017411 0.0304343 0.0275933 0.0244297 0.0273482 0.0262939 0.0262939 0.0263054 0.0262939 0.0270012 0.0247448 0.0244816 0.0251030 0.0238327 0.0244233 0.0234799 0.0234799 0.0237230 0.0246775 0.0234900 0.0234799 0.0234799 0.0234799 0.0234799 0.0235002 0.0237552 0.0242339 0.0238851 0.6460009 0.8692785 0.9291334 
OP2971811_Temnothorax_49 0.1937142 0.1999261 0.1984287 0.2134529 0.2001353 0.1130196 0.1130196 0.0017487 0.0000000 0.0000010 0.0026158 0.0008672 0.0008693 0.0008665 0.0008721 0.0000010 0.0000010 0.0000010 0.0000010 0.0000010 0.0304607 0.0246575 0.0225169 0.0253621 0.0243472 0.0243472 0.0243472 0.0244256 0.0251142 0.0238439 0.0253742 0.0232204 0.0219983 0.0235151 0.0225117 0.0225732 0.0228354 0.0237894 0.0225527 0.0224912 0.0225527 0.0224912 0.0225430 0.0226000 0.0219267 0.0223575 0.0220465 0.6460009 0.8611334 0.9246010 
OP2971801_Temnothorax_50 0.1923240 0.2002654 0.1987742 0.2139707 0.2004742 0.1123059 0.1123059 0.0017447 0.0000010 0.0000000 0.0034756 0.0008632 0.0008641 0.0008619 0.0008701 0.0000010 0.0000010 0.0000010 0.0000010 0.0000010 0.0303763 0.0246340 0.0224956 0.0252437 0.0242121 0.0242408 0.0242512 0.0243695 0.0250907 0.0237883 0.0252328 0.0231987 0.0219470 0.0234610 0.0223870 0.0225214 0.0227823 0.0237341 0.0225009 0.0224026 0.0225009 0.0223835 0.0224913 0.0225481 0.0218757 0.0223365 0.0220057 0.6460009 0.8681355 0.9319950 
OP2971901_Temnothorax_40 0.1951512 0.2063335 0.2048253 0.2222244 0.2065524 0.1171523 0.1171523 0.0043829 0.0026158 0.0034756 0.0000000 0.0034664 0.0025971 0.0043345 0.0034989 0.0034666 0.0026257 0.0025969 0.0025979 0.0026112 0.0333359 0.0276584 0.0254973 0.0290241 0.0279662 0.0270431 0.0270665 0.0272121 0.0280595 0.0266909 0.0290117 0.0261511 0.0248371 0.0262984 0.0261247 0.0253495 0.0256561 0.0266181 0.0253374 0.0251923 0.0253264 0.0251706 0.0253155 0.0253909 0.0247561 0.0252920 0.0249151 0.6460009 0.8659244 0.9295244 
OP2971821_Temnothorax_48 0.1932862 0.1984727 0.1969874 0.2103333 0.1986785 0.1132225 0.1132225 0.0026145 0.0008672 0.0008632 0.0034664 0.0000000 0.0017261 0.0017225 0.0017393 0.0008610 0.0008701 0.0008610 0.0008613 0.0008654 0.0312897 0.0266076 0.0234603 0.0261242 0.0250888 0.0250996 0.0251212 0.0252447 0.0260257 0.0246978 0.0261130 0.0241320 0.0228565 0.0243371 0.0232639 0.0233971 0.0236782 0.0246309 0.0233859 0.0232628 0.0233758 0.0232429 0.0233658 0.0234349 0.0227823 0.0232724 0.0229277 0.6328344 0.8722168 0.9363077 
OP2971891_Temnothorax_41 0.1902071 0.2013057 0.1998144 0.2127615 0.2015158 0.1132829 0.1132829 0.0026188 0.0008693 0.0008641 0.0025971 0.0017261 0.0000000 0.0017235 0.0017427 0.0008611 0.0008723 0.0008618 0.0008626 0.0008671 0.0313460 0.0266570 0.0235032 0.0261390 0.0251029 0.0251326 0.0251543 0.0252891 0.0260729 0.0247419 0.0261277 0.0241757 0.0228972 0.0243798 0.0232770 0.0234381 0.0237202 0.0246746 0.0234268 0.0232933 0.0234168 0.0232734 0.0234067 0.0234760 0.0228227 0.0233146 0.0229686 0.6460009 0.8719895 0.9360108 
OP2971841_Temnothorax_46 0.1927955 0.2007031 0.1992172 0.2146777 0.2009117 0.1107058 0.1107058 0.0008701 0.0008665 0.0008619 0.0043345 0.0017225 0.0017235 0.0000000 0.0000010 0.0008603 0.0008698 0.0008611 0.0008607 0.0008650 0.0312757 0.0265955 0.0234498 0.0260819 0.0250485 0.0250781 0.0250996 0.0252338 0.0260141 0.0246870 0.0260707 0.0241213 0.0228465 0.0243266 0.0232266 0.0233870 0.0236679 0.0246201 0.0233758 0.0232429 0.0233658 0.0232231 0.0233558 0.0234248 0.0227724 0.0232621 0.0229177 0.6460009 0.8738407 0.9338213 
OP2971831_Temnothorax_47 0.1942464 0.2037772 0.2022639 0.2208417 0.2039946 0.1121730 0.1121730 0.0008723 0.0008721 0.0008701 0.0034989 0.0017393 0.0017427 0.0000010 0.0000000 0.0008690 0.0008698 0.0008687 0.0008687 0.0008687 0.0312757 0.0265955 0.0234498 0.0263800 0.0253331 0.0253331 0.0253441 0.0253562 0.0260141 0.0246870 0.0263686 0.0241213 0.0228465 0.0244339 0.0234900 0.0234900 0.0236679 0.0246201 0.0234686 0.0234686 0.0234686 0.0234686 0.0234686 0.0234686 0.0227724 0.0232621 0.0229177 0.6460009 0.8738407 0.9338213 
OP2971881_Temnothorax_42 0.1899972 0.1995878 0.1981024 0.2126352 0.1997950 0.1119682 0.1119682 0.0017427 0.0000010 0.0000010 0.0034666 0.0008610 0.0008611 0.0008603 0.0008690 0.0000000 0.0000010 0.0000010 0.0000010 0.0000010 0.0303482 0.0256270 0.0224956 0.0251762 0.0241478 0.0241762 0.0241970 0.0243264 0.0250672 0.0237664 0.0251653 0.0231770 0.0219172 0.0234195 0.0223275 0.0224816 0.0227515 0.0237020 0.0224709 0.0223431 0.0224612 0.0223241 0.0224516 0.0225179 0.0218556 0.0223156 0.0219853 0.6460009 0.8699918 0.9338213 
OP2971921_Temnothorax_38 0.1933080 0.2028550 0.2013405 0.2191629 0.2030713 0.1135659 0.1135659 0.0017488 0.0000010 0.0000010 0.0026257 0.0008701 0.0008723 0.0008698 0.0008698 0.0000010 0.0000000 0.0000010 0.0000010 0.0000010 0.0303348 0.0256270 0.0224956 0.0254872 0.0244443 0.0244443 0.0244549 0.0244666 0.0250672 0.0237560 0.0254760 0.0231770 0.0219172 0.0235443 0.0226012 0.0226012 0.0227416 0.0236916 0.0225806 0.0225806 0.0225806 0.0225806 0.0225806 0.0225806 0.0218461 0.0223156 0.0219853 0.6460009 0.8699918 0.9338213 
OP2971911_Temnothorax_39 0.1919000 0.1998264 0.1983386 0.2131107 0.2000342 0.1120759 0.1120759 0.0017411 0.0000010 0.0000010 0.0025969 0.0008610 0.0008618 0.0008611 0.0008687 0.0000010 0.0000010 0.0000000 0.0000010 0.0000010 0.0303348 0.0256270 0.0224956 0.0251952 0.0241659 0.0241659 0.0241866 0.0243159 0.0250672 0.0237560 0.0251843 0.0231770 0.0219172 0.0234094 0.0223442 0.0224720 0.0227416 0.0236916 0.0224612 0.0223336 0.0224516 0.0223241 0.0224420 0.0225082 0.0218461 0.0223156 0.0219853 0.6460009 0.8699918 0.9338213 
OP2971871_Temnothorax_43 0.1920296 0.1999619 0.1984727 0.2133812 0.2001701 0.1121372 0.1121372 0.0017411 0.0000010 0.0000010 0.0025979 0.0008613 0.0008626 0.0008607 0.0008687 0.0000010 0.0000010 0.0000010 0.0000000 0.0000010 0.0303348 0.0256270 0.0224956 0.0252061 0.0241762 0.0241762 0.0241866 0.0243159 0.0250672 0.0237560 0.0251952 0.0231770 0.0219172 0.0234094 0.0223537 0.0224720 0.0227416 0.0236916 0.0224612 0.0223336 0.0224516 0.0223336 0.0224420 0.0225082 0.0218461 0.0223156 0.0219853 0.6460009 0.8699918 0.9338213 
OP2971861_Temnothorax_44 0.1918518 0.2013292 0.1998282 0.2160939 0.2015407 0.1128159 0.1128159 0.0017411 0.0000010 0.0000010 0.0026112 0.0008654 0.0008671 0.0008650 0.0008687 0.0000010 0.0000010 0.0000010 0.0000010 0.0000000 0.0303348 0.0256270 0.0224956 0.0253403 0.0243043 0.0243043 0.0243148 0.0243264 0.0250672 0.0237560 0.0253293 0.0231770 0.0219172 0.0234094 0.0224720 0.0224720 0.0227416 0.0236916 0.0224612 0.0224516 0.0224516 0.0224516 0.0224516 0.0225082 0.0218461 0.0223156 0.0219853 0.6460009 0.8699918 0.9338213 
OP3229651_Temnothorax_11 0.1859690 0.2007478 0.1992246 0.2293773 0.2009617 0.1286244 0.1286244 0.0304343 0.0304607 0.0303763 0.0333359 0.0312897 0.0313460 0.0312757 0.0312757 0.0303482 0.0303348 0.0303348 0.0303348 0.0303348 0.0000000 0.0112077 0.0083028 0.0098909 0.0089435 0.0089435 0.0089472 0.0089516 0.0091470 0.0117669 0.0117123 0.0110142 0.0099511 0.0116851 0.0107682 0.0107682 0.0108142 0.0117353 0.0107583 0.0107583 0.0107583 0.0107583 0.0107583 0.0107583 0.0099190 0.0091854 0.0099772 0.6843843 0.9006976 0.9688368 
OP3229521_Temnothorax_24 0.1794794 0.1920280 0.1920280 0.2171948 0.1938017 0.1231629 0.1231629 0.0275933 0.0246575 0.0246340 0.0276584 0.0266076 0.0266570 0.0265955 0.0265955 0.0256270 0.0256270 0.0256270 0.0256270 0.0256270 0.0112077 0.0000000 0.0018444 0.0064971 0.0055485 0.0055485 0.0055485 0.0055485 0.0055485 0.0036943 0.0036893 0.0036927 0.0027648 0.0036893 0.0027622 0.0027622 0.0027622 0.0027622 0.0027622 0.0027622 0.0027622 0.0027622 0.0027622 0.0027622 0.0027622 0.0027622 0.0027622 0.6727135 0.8971769 0.9673181 
OP3229571_Temnothorax_19 0.1762774 0.1886832 0.1886832 0.2101135 0.1904264 0.1204360 0.1204360 0.0244297 0.0225169 0.0224956 0.0254973 0.0234603 0.0235032 0.0234498 0.0234498 0.0224956 0.0224956 0.0224956 0.0224956 0.0224956 0.0083028 0.0018444 0.0000000 0.0036669 0.0027404 0.0027404 0.0027404 0.0027404 0.0027404 0.0009125 0.0009113 0.0009121 0.0000010 0.0009113 0.0000010 0.0000010 0.0000010 0.0000010 0.0000010 0.0000010 0.0000010 0.0000010 0.0000010 0.0000010 0.0000010 0.0000010 0.0000010 0.6727135 0.8786206 0.9468377 
OP3229641_Temnothorax_12 0.1729431 0.1845652 0.1831145 0.1948947 0.1832496 0.1212749 0.1212749 0.0273482 0.0253621 0.0252437 0.0290241 0.0261242 0.0261390 0.0260819 0.0263800 0.0251762 0.0254872 0.0251952 0.0252061 0.0253403 0.0098909 0.0064971 0.0036669 0.0000000 0.0008698 0.0008707 0.0008714 0.0008760 0.0009005 0.0053752 0.0061531 0.0045342 0.0035808 0.0052976 0.0043780 0.0044075 0.0044591 0.0053609 0.0044054 0.0043809 0.0044035 0.0043772 0.0044017 0.0044144 0.0035694 0.0036380 0.0035885 0.6843843 0.8933051 0.9609447 
OP3229601_Temnothorax_16 0.1741986 0.1870646 0.1856090 0.1995205 0.1857464 0.1207661 0.1207661 0.0262939 0.0243472 0.0242121 0.0279662 0.0250888 0.0251029 0.0250485 0.0253331 0.0241478 0.0244443 0.0241659 0.0241762 0.0243043 0.0089435 0.0055485 0.0027404 0.0008698 0.0000000 0.0000010 0.0000010 0.0000010 0.0000010 0.0044547 0.0061363 0.0036146 0.0026714 0.0043917 0.0034843 0.0035077 0.0035485 0.0044428 0.0035060 0.0034866 0.0035045 0.0034837 0.0035031 0.0035131 0.0026630 0.0027188 0.0026795 0.6843843 0.8799538 0.9465668 
OP3229621_Temnothorax_14 0.1745149 0.1874078 0.1859486 0.2002043 0.1860867 0.1209527 0.1209527 0.0262939 0.0243472 0.0242408 0.0270431 0.0250996 0.0251326 0.0250781 0.0253331 0.0241762 0.0244443 0.0241659 0.0241762 0.0243043 0.0089435 0.0055485 0.0027404 0.0008707 0.0000010 0.0000000 0.0000010 0.0000010 0.0000010 0.0044547 0.0061432 0.0036146 0.0026714 0.0043917 0.0034882 0.0035077 0.0035485 0.0044428 0.0035060 0.0034866 0.0035045 0.0034851 0.0035031 0.0035131 0.0026630 0.0027188 0.0026795 0.6843843 0.8799538 0.9465668 
OP3229631_Temnothorax_13 0.1747448 0.1876572 0.1861953 0.2007025 0.1863338 0.1210884 0.1210884 0.0263054 0.0243472 0.0242512 0.0270665 0.0251212 0.0251543 0.0250996 0.0253441 0.0241970 0.0244549 0.0241866 0.0241866 0.0243148 0.0089472 0.0055485 0.0027404 0.0008714 0.0000010 0.0000010 0.0000000 0.0000010 0.0000010 0.0044547 0.0061482 0.0036146 0.0026714 0.0043935 0.0034911 0.0035091 0.0035500 0.0044447 0.0035074 0.0034880 0.0035060 0.0034880 0.0035045 0.0035145 0.0026630 0.0027188 0.0026795 0.6843843 0.8799538 0.9465668 
OP3229591_Temnothorax_17 0.1744245 0.1888710 0.1873987 0.2031039 0.1875392 0.1218127 0.1218127 0.0262939 0.0244256 0.0243695 0.0272121 0.0252447 0.0252891 0.0252338 0.0253562 0.0243264 0.0244666 0.0243159 0.0243159 0.0243264 0.0089516 0.0055485 0.0027404 0.0008760 0.0000010 0.0000010 0.0000010 0.0000000 0.0000010 0.0044547 0.0061750 0.0036146 0.0026738 0.0043917 0.0035062 0.0035077 0.0035485 0.0044428 0.0035091 0.0035062 0.0035077 0.0035062 0.0035062 0.0035162 0.0026654 0.0027188 0.0026795 0.6843843 0.8799538 0.9465668 
OP3229611_Temnothorax_15 0.1749641 0.1859248 0.1844125 0.1983002 0.1845544 0.1236481 0.1236481 0.0270012 0.0251142 0.0250907 0.0280595 0.0260257 0.0260729 0.0260141 0.0260141 0.0250672 0.0250672 0.0250672 0.0250672 0.0250672 0.0091470 0.0055485 0.0027404 0.0009005 0.0000010 0.0000010 0.0000010 0.0000010 0.0000000 0.0036161 0.0036113 0.0036146 0.0027064 0.0036113 0.0027039 0.0027039 0.0027039 0.0027039 0.0027039 0.0027039 0.0027039 0.0027039 0.0027039 0.0027039 0.0027039 0.0027188 0.0027039 0.6843843 0.8771708 0.9438454 
OP3229581_Temnothorax_18 0.1778796 0.1913342 0.1898298 0.2113020 0.1915336 0.1241230 0.1241230 0.0247448 0.0238439 0.0237883 0.0266909 0.0246978 0.0247419 0.0246870 0.0246870 0.0237664 0.0237560 0.0237560 0.0237560 0.0237560 0.0117669 0.0036943 0.0009125 0.0053752 0.0044547 0.0044547 0.0044547 0.0044547 0.0036161 0.0000000 0.0035692 0.0018054 0.0008895 0.0017764 0.0008867 0.0008867 0.0008867 0.0008867 0.0008867 0.0008867 0.0008867 0.0008867 0.0008867 0.0008867 0.0008875 0.0009053 0.0008922 0.6727135 0.8844681 0.9515670 
OP3229511_Temnothorax_25 0.1791076 0.1908083 0.1893376 0.2095038 0.1910025 0.1248264 0.1248264 0.0244816 0.0253742 0.0252328 0.0290117 0.0261130 0.0261277 0.0260707 0.0263686 0.0251653 0.0254760 0.0251843 0.0251952 0.0253293 0.0117123 0.0036893 0.0009113 0.0061531 0.0061363 0.0061432 0.0061482 0.0061750 0.0036113 0.0035692 0.0000000 0.0018030 0.0026799 0.0035187 0.0026171 0.0026347 0.0026654 0.0035596 0.0026358 0.0026212 0.0026347 0.0026190 0.0026336 0.0026412 0.0026714 0.0009041 0.0026856 0.6727135 0.8799538 0.9465668 
OP3229551_Temnothorax_21 0.1779608 0.1889449 0.1874245 0.2072093 0.1891434 0.1237802 0.1237802 0.0251030 0.0232204 0.0231987 0.0261511 0.0241320 0.0241757 0.0241213 0.0241213 0.0231770 0.0231770 0.0231770 0.0231770 0.0231770 0.0110142 0.0036927 0.0009121 0.0045342 0.0036146 0.0036146 0.0036146 0.0036146 0.0036146 0.0018054 0.0018030 0.0000000 0.0009008 0.0018030 0.0009000 0.0009000 0.0009000 0.0009000 0.0009000 0.0009000 0.0009000 0.0009000 0.0009000 0.0009000 0.0009000 0.0009049 0.0009000 0.6727135 0.8771708 0.9438454 
OP3229531_Temnothorax_23 0.1750712 0.1901909 0.1886880 0.2091352 0.1903887 0.1219531 0.1219531 0.0238327 0.0219983 0.0219470 0.0248371 0.0228565 0.0228972 0.0228465 0.0228465 0.0219172 0.0219172 0.0219172 0.0219172 0.0219172 0.0099511 0.0027648 0.0000010 0.0035808 0.0026714 0.0026714 0.0026714 0.0026738 0.0027064 0.0008895 0.0026799 0.0009008 0.0000000 0.0008892 0.0000010 0.0000010 0.0000010 0.0000010 0.0000010 0.0000010 0.0000010 0.0000010 0.0000010 0.0000010 0.0000010 0.0000010 0.0000010 0.6727135 0.8819710 0.9487862 
OP3229411_Temnothorax_33 0.1759557 0.1904242 0.1889476 0.2061452 0.1906188 0.1231101 0.1231101 0.0244233 0.0235151 0.0234610 0.0262984 0.0243371 0.0243798 0.0243266 0.0244339 0.0234195 0.0235443 0.0234094 0.0234094 0.0234094 0.0116851 0.0036893 0.0009113 0.0052976 0.0043917 0.0043917 0.0043935 0.0043917 0.0036113 0.0017764 0.0035187 0.0018030 0.0008892 0.0000000 0.0008743 0.0008743 0.0008844 0.0017717 0.0008746 0.0008743 0.0008743 0.0008743 0.0008743 0.0008764 0.0008864 0.0009041 0.0008911 0.6727135 0.8799538 0.9465668 
OP3229401_Temnothorax_34 0.1743349 0.1872058 0.1857494 0.2026173 0.1873938 0.1208644 0.1208644 0.0234799 0.0225117 0.0223870 0.0261247 0.0232639 0.0232770 0.0232266 0.0234900 0.0223275 0.0226012 0.0223442 0.0223537 0.0224720 0.0107682 0.0027622 0.0000010 0.0043780 0.0034843 0.0034882 0.0034911 0.0035062 0.0027039 0.0008867 0.0026171 0.0009000 0.0000010 0.0008743 0.0000000 0.0000010 0.0000010 0.0008844 0.0000010 0.0000010 0.0000010 0.0000010 0.0000010 0.0000010 0.0000010 0.0000010 0.0000010 0.6727135 0.8799538 0.9465668 
OP3229481_Temnothorax_28 0.1744969 0.1889476 0.1874747 0.2061452 0.1891398 0.1218629 0.1218629 0.0234799 0.0225732 0.0225214 0.0253495 0.0233971 0.0234381 0.0233870 0.0234900 0.0224816 0.0226012 0.0224720 0.0224720 0.0224720 0.0107682 0.0027622 0.0000010 0.0044075 0.0035077 0.0035077 0.0035091 0.0035077 0.0027039 0.0008867 0.0026347 0.0009000 0.0000010 0.0008743 0.0000010 0.0000000 0.0000010 0.0008844 0.0000010 0.0000010 0.0000010 0.0000010 0.0000010 0.0000010 0.0000010 0.0000010 0.0000010 0.6727135 0.8799538 0.9465668 
OP3229501_Temnothorax_26 0.1757258 0.1891110 0.1876176 0.2069039 0.1893062 0.1224431 0.1224431 0.0237230 0.0228354 0.0227823 0.0256561 0.0236782 0.0237202 0.0236679 0.0236679 0.0227515 0.0227416 0.0227416 0.0227416 0.0227416 0.0108142 0.0027622 0.0000010 0.0044591 0.0035485 0.0035485 0.0035500 0.0035485 0.0027039 0.0008867 0.0026654 0.0009000 0.0000010 0.0008844 0.0000010 0.0000010 0.0000000 0.0000010 0.0000010 0.0000010 0.0000010 0.0000010 0.0000010 0.0000010 0.0000010 0.0000010 0.0000010 0.6727135 0.8799538 0.9465668 
OP3229561_Temnothorax_20 0.1772663 0.1906758 0.1891774 0.2099280 0.1908735 0.1237358 0.1237358 0.0246775 0.0237894 0.0237341 0.0266181 0.0246309 0.0246746 0.0246201 0.0246201 0.0237020 0.0236916 0.0236916 0.0236916 0.0236916 0.0117353 0.0027622 0.0000010 0.0053609 0.0044428 0.0044428 0.0044447 0.0044428 0.0027039 0.0008867 0.0035596 0.0009000 0.0000010 0.0017717 0.0008844 0.0008844 0.0000010 0.0000000 0.0008844 0.0008844 0.0008844 0.0008844 0.0008844 0.0008844 0.0000010 0.0000010 0.0000010 0.6727135 0.8799538 0.9465668 
OP3229431_Temnothorax_32 0.1744317 0.1888808 0.1874083 0.2060182 0.1890730 0.1218134 0.1218134 0.0234900 0.0225527 0.0225009 0.0253374 0.0233859 0.0234268 0.0233758 0.0234686 0.0224709 0.0225806 0.0224612 0.0224612 0.0224612 0.0107583 0.0027622 0.0000010 0.0044054 0.0035060 0.0035060 0.0035074 0.0035091 0.0027039 0.0008867 0.0026358 0.0009000 0.0000010 0.0008746 0.0000010 0.0000010 0.0000010 0.0008844 0.0000000 0.0000010 0.0000010 0.0000010 0.0000010 0.0000010 0.0000010 0.0000010 0.0000010 0.6727135 0.8799538 0.9465668 
OP2971931_Temnothorax_37 0.1745869 0.1874834 0.1860236 0.2031917 0.1876721 0.1210023 0.1210023 0.0234799 0.0224912 0.0224026 0.0251923 0.0232628 0.0232933 0.0232429 0.0234686 0.0223431 0.0225806 0.0223336 0.0223336 0.0224516 0.0107583 0.0027622 0.0000010 0.0043809 0.0034866 0.0034866 0.0034880 0.0035062 0.0027039 0.0008867 0.0026212 0.0009000 0.0000010 0.0008743 0.0000010 0.0000010 0.0000010 0.0008844 0.0000010 0.0000000 0.0000010 0.0000010 0.0000010 0.0000010 0.0000010 0.0000010 0.0000010 0.6727135 0.8799538 0.9465668 
OP3229441_Temnothorax_31 0.1743164 0.1887543 0.1872831 0.2057569 0.1889462 0.1217447 0.1217447 0.0234799 0.0225527 0.0225009 0.0253264 0.0233758 0.0234168 0.0233658 0.0234686 0.0224612 0.0225806 0.0224516 0.0224516 0.0224516 0.0107583 0.0027622 0.0000010 0.0044035 0.0035045 0.0035045 0.0035060 0.0035077 0.0027039 0.0008867 0.0026347 0.0009000 0.0000010 0.0008743 0.0000010 0.0000010 0.0000010 0.0008844 0.0000010 0.0000010 0.0000000 0.0000010 0.0000010 0.0000010 0.0000010 0.0000010 0.0000010 0.6727135 0.8799538 0.9465668 
OP3229461_Temnothorax_30 0.1743576 0.1872346 0.1857775 0.2026856 0.1874228 0.1208669 0.1208669 0.0234799 0.0224912 0.0223835 0.0251706 0.0232429 0.0232734 0.0232231 0.0234686 0.0223241 0.0225806 0.0223241 0.0223336 0.0224516 0.0107583 0.0027622 0.0000010 0.0043772 0.0034837 0.0034851 0.0034880 0.0035062 0.0027039 0.0008867 0.0026190 0.0009000 0.0000010 0.0008743 0.0000010 0.0000010 0.0000010 0.0008844 0.0000010 0.0000010 0.0000010 0.0000000 0.0000010 0.0000010 0.0000010 0.0000010 0.0000010 0.6727135 0.8799538 0.9465668 
OP3229471_Temnothorax_29 0.1742013 0.1886280 0.1871581 0.2054965 0.1888195 0.1216760 0.1216760 0.0234799 0.0225430 0.0224913 0.0253155 0.0233658 0.0234067 0.0233558 0.0234686 0.0224516 0.0225806 0.0224420 0.0224420 0.0224516 0.0107583 0.0027622 0.0000010 0.0044017 0.0035031 0.0035031 0.0035045 0.0035062 0.0027039 0.0008867 0.0026336 0.0009000 0.0000010 0.0008743 0.0000010 0.0000010 0.0000010 0.0008844 0.0000010 0.0000010 0.0000010 0.0000010 0.0000000 0.0000010 0.0000010 0.0000010 0.0000010 0.6727135 0.8799538 0.9465668 
OP3229491_Temnothorax_27 0.1749327 0.1894257 0.1879479 0.2071367 0.1896193 0.1221224 0.1221224 0.0235002 0.0226000 0.0225481 0.0253909 0.0234349 0.0234760 0.0234248 0.0234686 0.0225179 0.0225806 0.0225082 0.0225082 0.0225082 0.0107583 0.0027622 0.0000010 0.0044144 0.0035131 0.0035131 0.0035145 0.0035162 0.0027039 0.0008867 0.0026412 0.0009000 0.0000010 0.0008764 0.0000010 0.0000010 0.0000010 0.0008844 0.0000010 0.0000010 0.0000010 0.0000010 0.0000010 0.0000000 0.0000010 0.0000010 0.0000010 0.6727135 0.8799538 0.9465668 
OP3229541_Temnothorax_22 0.1760287 0.1894363 0.1879400 0.2075763 0.1896323 0.1215062 0.1215062 0.0237552 0.0219267 0.0218757 0.0247561 0.0227823 0.0228227 0.0227724 0.0227724 0.0218556 0.0218461 0.0218461 0.0218461 0.0218461 0.0099190 0.0027622 0.0000010 0.0035694 0.0026630 0.0026630 0.0026630 0.0026654 0.0027039 0.0008875 0.0026714 0.0009000 0.0000010 0.0008864 0.0000010 0.0000010 0.0000010 0.0000010 0.0000010 0.0000010 0.0000010 0.0000010 0.0000010 0.0000010 0.0000000 0.0000010 0.0000010 0.6727135 0.8799538 0.9465668 
OP3229671_Temnothorax_9  0.1759091 0.1869209 0.1869209 0.2063731 0.1886445 0.1208149 0.1208149 0.0242339 0.0223575 0.0223365 0.0252920 0.0232724 0.0233146 0.0232621 0.0232621 0.0223156 0.0223156 0.0223156 0.0223156 0.0223156 0.0091854 0.0027622 0.0000010 0.0036380 0.0027188 0.0027188 0.0027188 0.0027188 0.0027188 0.0009053 0.0009041 0.0009049 0.0000010 0.0009041 0.0000010 0.0000010 0.0000010 0.0000010 0.0000010 0.0000010 0.0000010 0.0000010 0.0000010 0.0000010 0.0000010 0.0000000 0.0000010 0.6727135 0.8790566 0.9465192 
OP3229661_Temnothorax_10 0.1741848 0.1893355 0.1878305 0.2075893 0.1895325 0.1210576 0.1210576 0.0238851 0.0220465 0.0220057 0.0249151 0.0229277 0.0229686 0.0229177 0.0229177 0.0219853 0.0219853 0.0219853 0.0219853 0.0219853 0.0099772 0.0027622 0.0000010 0.0035885 0.0026795 0.0026795 0.0026795 0.0026795 0.0027039 0.0008922 0.0026856 0.0009000 0.0000010 0.0008911 0.0000010 0.0000010 0.0000010 0.0000010 0.0000010 0.0000010 0.0000010 0.0000010 0.0000010 0.0000010 0.0000010 0.0000010 0.0000000 0.6727135 0.8799538 0.9465668 
OX3951501_Temnothorax_8  1.0847008 1.0105136 1.0196811 1.2149631 1.0105136 0.8211749 0.8211749 0.6460009 0.6460009 0.6460009 0.6460009 0.6328344 0.6460009 0.6460009 0.6460009 0.6460009 0.6460009 0.6460009 0.6460009 0.6460009 0.6843843 0.6727135 0.6727135 0.6843843 0.6843843 0.6843843 0.6843843 0.6843843 0.6843843 0.6727135 0.6727135 0.6727135 0.6727135 0.6727135 0.6727135 0.6727135 0.6727135 0.6727135 0.6727135 0.6727135 0.6727135 0.6727135 0.6727135 0.6727135 0.6727135 0.6727135 0.6727135 0.0000000 1.8316889 1.6126538 
OP2971971_Temnothorax_35 1.2103375 1.1214912 1.1302840 1.1463051 1.1258851 1.0457669 1.0457669 0.8692785 0.8611334 0.8681355 0.8659244 0.8722168 0.8719895 0.8738407 0.8738407 0.8699918 0.8699918 0.8699918 0.8699918 0.8699918 0.9006976 0.8971769 0.8786206 0.8933051 0.8799538 0.8799538 0.8799538 0.8799538 0.8771708 0.8844681 0.8799538 0.8771708 0.8819710 0.8799538 0.8799538 0.8799538 0.8799538 0.8799538 0.8799538 0.8799538 0.8799538 0.8799538 0.8799538 0.8799538 0.8799538 0.8790566 0.8799538 1.8316889 0.0000000 0.1144975 
OP2971951_Temnothorax_36 1.2608908 1.1667103 1.1758462 1.0674648 1.1712755 1.0786336 1.0786336 0.9291334 0.9246010 0.9319950 0.9295244 0.9363077 0.9360108 0.9338213 0.9338213 0.9338213 0.9338213 0.9338213 0.9338213 0.9338213 0.9688368 0.9673181 0.9468377 0.9609447 0.9465668 0.9465668 0.9465668 0.9465668 0.9438454 0.9515670 0.9465668 0.9438454 0.9487862 0.9465668 0.9465668 0.9465668 0.9465668 0.9465668 0.9465668 0.9465668 0.9465668 0.9465668 0.9465668 0.9465668 0.9465668 0.9465192 0.9465668 1.6126538 0.1144975 0.0000000 
